50 0.0
51 0.0
52 0.0
53 0.0
54 0.0
55 0.0
56 0.0
57 0.0
58 0.0
59 0.0
60 0.0
61 0.0
62 0.0
63 0.0
64 0.0
65 2.352303e-09
66 6.2886140917e-09
67 3.02795721683e-08
68 1.42447870538e-07
69 2.51372428738e-07
70 1.97814708569e-06
71 9.1455448808e-07
72 5.19021774019e-06
73 7.11079579093e-06
74 1.72153885761e-05
75 3.21647910277e-05
76 5.12729765541e-05
77 0.000126693979195
78 0.000232759198848
79 0.000602671756642
80 0.000920585716497
81 0.00141773398797
82 0.0021845408419
83 0.00314493436568
84 0.0048891983026
85 0.00611100622436
86 0.00767981342147
87 0.0102767161066
88 0.0131638661539
89 0.0173834125208
90 0.0206727081529
91 0.0251677773477
92 0.0300855036052
93 0.0377619699935
94 0.0426649219012
95 0.0477686122011
96 0.0631605485861
97 0.0378550772358
98 0.0562956755896
99 0.0625893674113
100 0.0653520178263
101 0.0665599919829
102 0.0953202311761
103 0.0469425815613
104 0.0587270736343
105 0.0575153098427
106 0.0397193326951
107 0.032077690928
108 0.0199570182159
109 0.0161315564411
110 0.00070409499059
111 0.00356273669119
112 0.00188595608079
113 0.001273833749
114 0.00093852550948
115 0.000890401514222
116 0.000526200295786
117 0.000698289475892
118 0.000867171116252
119 0.000280955831118
120 0.000554302494524
121 0.000630405573621
122 0.000780919278109
123 0.000682592585094
124 0.00120536877687
125 0.00180917410512
126 0.00262708215358
127 0.00500032538193
128 0.00889966495322
129 0.0143558426882
130 0.0244922468737
131 0.0688576188886
132 0.0236728042492
133 0.0689485820297
134 0.0737310113965
135 0.0816185046547
136 0.0628455186163
137 0.076800160163
138 0.0743064340648
139 0.0332142257126
140 0.053014197334
141 0.051425662051
142 0.0473311665606
143 0.0433892598044
144 0.0446187790492
145 0.0222991467488
146 0.0245554251093
147 0.0231677587756
148 0.0135163131926
149 0.0123855781575
150 0.00995432241963
151 0.0094164735542
152 0.00466799619615
153 0.0042502051685
154 0.00301423573866
155 0.00173717108293
156 0.00154454074557
157 0.00106173119038
158 0.000652957354372
159 0.000384724166327
160 0.000206903793101
161 3.96237807296e-05
162 6.12903050255e-05
163 3.14080765168e-05
164 1.802073161e-05
165 8.82670130421e-06
166 6.463505705e-06
167 2.53880725478e-06
168 7.64496864322e-07
169 2.57498913521e-07
170 7.64506507909e-08
171 2.57499089981e-08
172 7.645081745e-09
173 0.0
174 0.0
175 0.0
176 0.0
177 0.0
178 0.0
179 0.0
