230660 1.31208e-17
240660 6.93988e-13
240670 1.98e-14
240680 1.25099e-17
240700 0.0
250660 1.66e-09
250670 1.64e-10
250680 9.59002e-12
250690 3.69988e-13
250700 0.0
250710 0.0
250720 3.89464e-18
260650 1.71e-07
260670 6.50001e-08
260690 1.4e-09
260700 1.2e-10
260710 6.38001e-12
260720 2.05997e-13
260730 0.0
260740 0.0
260760 0.0
270660 9.83002e-07
270670 8.96002e-07
270680 5.29001e-07
270690 2.2e-07
270700 6.22001e-08
270710 1.11e-08
270720 1.23e-09
270730 8.841021e-11
270750 9.98002e-14
270770 4.86009e-17
280660 4.19001e-07
280670 1.02e-06
280680 1.61e-06
280690 1.86e-06
280700 1.53e-06
280710 8.39002e-07
280720 2.98001e-07
280730 6.81001e-08
280740 1.07e-08
280750 9.39002e-10
280760 5.78001e-11
280770 2.12996e-12
280780 5.02001e-14
280790 1.20704e-15
280800 0.0
280810 0.0
290660 1.13e-08
290670 8.16002e-08
290680 1.504001e-06
290700 6.183011e-06
290720 3.71001e-06
290730 2.52001e-06
290740 1.24e-06
290750 3.54001e-07
290760 7.29002e-08
290770 9.18002e-09
290780 7.47002e-10
290790 3.56989e-11
290800 1.15e-12
290810 2.43001e-14
290820 0.0
300660 1.39e-11
300670 3.34001e-10
300680 4.79001e-09
300690 4.605012e-08
300700 2.95001e-07
300710 1.211002e-06
300720 3.25001e-06
300730 5.90001e-06
300740 7.94002e-06
300750 6.53001e-06
300760 4.09001e-06
300770 1.64e-06
300780 5.085011e-07
300800 7.83002e-09
300810 5.54001e-10
300820 2.12e-11
300830 5.43001e-13
300840 0.0
300850 3.41486e-16
300860 0.0
310650 0.0
310670 2.8059101e-12
310690 8.88002e-11
310700 1.86e-09
310710 2.43001e-08
310720 1.970004e-07
310730 1.02e-06
310740 3.75e-06
310750 8.22002e-06
310760 1.38e-05
310770 1.539e-05
310780 1.21e-05
310790 6.02001e-06
310800 2.16e-06
310810 4.91001e-07
310820 6.58001e-08
310830 5.83001e-09
310840 2.81001e-10
310850 1.00997e-11
310860 1.8126288e-13
320660 0.0
320670 0.0
320680 0.0
320690 0.0
320700 4.92001e-13
320710 2.18e-11
320720 5.90001e-10
320730 1.2393002e-07
320750 4.2168112e-06
320770 1.045002e-05
320780 2.184e-05
320790 2.951e-05
320800 3.00101e-05
320810 1.988e-05
320820 8.61002e-06
320830 2.49001e-06
320840 4.16001e-07
320850 5.30001e-08
320860 3.34001e-09
320870 1.42997e-10
320880 3.58001e-12
320890 5.51111e-14
320900 4.97591e-15
330690 0.0
330710 0.0
330720 7.12001e-14
330730 4.12001e-12
330740 1.598001e-10
330750 3.42001e-09
330760 5.16001e-08
330770 4.75001e-07
330780 2.88001e-06
330790 1.075e-05
330800 2.92001e-05
330810 5.03001e-05
330820 6.15802e-05
330830 5.15701e-05
330840 2.711e-05
330850 1.138e-05
330860 2.44001e-06
330870 3.65001e-07
330880 3.26001e-08
330890 1.62995e-09
330900 1.21938e-10
330910 3.71923e-13
330920 1.26103e-14
340720 0.0
340730 0.0
340740 0.0
340750 6.52001e-13
340760 3.36001e-11
340770 1.039002e-09
340780 2.06e-08
340790 2.425001e-07
340800 1.98e-06
340810 9.44002e-06
340820 3.22901e-05
340830 7.19301e-05
340840 0.0001045
340850 0.0001264802
340860 8.27902e-05
340870 3.98301e-05
340880 1.191e-05
340890 2.11e-06
340900 2.47879e-07
340910 1.62997e-08
340920 6.66989e-10
340930 4.69966e-12
340940 2.47001e-13
340950 2.16671e-14
340960 0.0
350750 0.0
350770 9.04001e-14
350780 6.19001e-12
350790 2.479001e-10
350800 6.72001e-09
350810 1.01e-07
350820 1.098003e-06
350830 7.21001e-06
350840 3.005e-05
350850 0.00010021
350860 0.0001792004
350870 0.000242031
350880 0.00021386
350890 0.00012219
350900 4.70801e-05
350910 1.082e-05
350920 1.55e-06
350930 1.38996e-07
350940 7.59002e-09
350950 6.40818e-10
350960 4.94001e-12
350970 9.97118e-14
360770 0.0
360780 0.0
360790 0.0
360800 9.24002e-13
360810 4.598011e-11
360820 1.75e-09
360830 3.790011e-08
360840 5.18001e-07
360850 5.41001e-06
360860 2.86101e-05
360870 0.00010861
360880 0.000262261
360890 0.000423651
360900 0.000468391
360910 0.000336121
360920 0.00015421
360930 4.75101e-05
360940 8.97002e-06
360950 1.07936e-06
360960 7.59002e-08
360970 4.36991e-09
360980 9.26002e-11
360990 7.69582e-13
361000 1.07e-14
370790 0.0
370810 0.0
370830 8.22002e-12
370840 3.97001e-10
370850 1.43e-08
370860 2.54e-07
370870 3.10001e-06
370880 2.286e-05
370890 0.00010956
370900 0.0003347811
370910 0.000672991
370920 0.000864132
370930 0.000805702
370940 0.000473821
370950 0.00018734
370960 4.59501e-05
370970 9.22002e-06
370980 6.93001e-07
370990 2.27609e-08
371000 1.08e-09
371010 6.61703e-12
371020 1.96623e-13
371030 3.3093e-14
380830 0.0
380840 1.17e-14
380850 1.510004e-12
380860 9.56002e-11
380870 4.086012e-09
380880 1.03e-07
380890 1.68e-06
380900 1.611e-05
380910 9.90302e-05
380920 0.000358651
380930 0.000938542
380940 0.00151364
380950 0.00171314
380960 0.00130682
380970 0.000837332
380980 0.00020957
380990 3.83373e-05
381000 4.09001e-06
381010 2.89994e-07
381020 1.03998e-08
381030 1.45031e-09
381040 3.24001e-12
381050 2.50776e-13
390850 0.0
390870 2.1e-13
390880 1.9e-11
390890 1.128002e-09
390900 3.76e-08
390910 8.01002e-07
390920 9.37002e-06
390930 7.73702e-05
390940 0.000362481
390950 0.00113455
390960 0.002422471
390970 0.0043254
390980 0.00317274
390990 0.00185326
391000 0.000643351
391010 0.0001547
391020 1.988e-05
391030 1.64855e-06
391040 8.16002e-08
391050 7.41687e-09
391060 1.35745e-11
391070 1.00322e-12
391080 1.27427e-14
400870 0.0
400880 0.0
400890 2.91001e-14
400900 3.49e-12
400910 2.74001e-10
400920 1.12e-08
400930 3.27001e-07
400940 5.07001e-06
400950 5.00901e-05
400960 0.001989721
400980 0.00333109
400990 0.00548528
401000 0.00542313
401010 0.00391992
401020 0.00164767
401030 0.000453811
401040 7.95902e-05
401050 1.24926e-05
401060 7.17988e-07
401070 4.39665e-08
401080 6.73989e-10
401090 6.7621e-12
401100 8.11002e-14
410890 0.0
410900 0.0
410910 0.0
410920 5.23001e-13
410930 5.65001e-11
410940 3.1e-09
410950 1.062002e-07
410960 2.42001e-06
410970 3.973012e-05
410980 0.0002457501
410990 0.0012095602
411000 0.00332072
411010 0.00654843
411020 0.0141712
411040 0.00351812
411050 0.00179451
411060 0.0004091571
411080 4.14001e-06
411090 1.99994e-07
411100 6.71001e-09
411110 2.94344e-11
411120 1.08521e-12
411130 1.74892e-13
420890 0.0
420910 0.0
420920 0.0
420930 7.23001e-14
420950 8.94002e-12
420960 7.52002e-10
420970 4.32001e-08
420980 9.17002e-07
420990 1.544e-05
421000 0.00013442
421010 0.000795812
421020 0.00278836
421030 0.00614265
421040 0.00961894
421050 0.0139307
421060 0.00859007
421070 0.00378683
421080 0.00103922
421090 0.00017755
421100 2.085e-05
421110 1.28997e-06
421120 6.506369e-08
421140 2.61001e-11
421150 9.77626e-13
421160 0.0
430930 0.0
430950 0.0
430970 1.830004e-12
430980 1.39e-10
430990 2.6757101e-07
431010 5.19001e-06
431020 6.10202e-05
431030 0.002374481
431050 0.00789437
431060 0.0136282
431070 0.0166705
431080 0.0132866
431090 0.00718182
431100 0.00273002
431110 0.000569551
431120 8.76602e-05
431130 8.71235e-06
431140 5.06001e-07
431150 2.89139e-08
431160 3.97001e-10
431170 3.60514e-12
431180 8.50772e-14
440950 0.0
440960 0.0
440970 0.0
440980 0.0
440990 1.81e-13
441000 1.98e-11
441010 1.41e-09
441020 6.03001e-08
441030 1.41e-06
441040 2.284e-05
441050 0.001860551
441070 0.00546728
441080 0.0119693
441090 0.03769526
441110 0.012139
441120 0.00588363
441130 0.00192964
441140 0.000382411
441150 4.87012e-05
441160 3.62001e-06
441170 1.57997e-07
441180 4.49992e-09
441190 7.16001e-11
441200 5.85001e-13
441220 0.0
441240 0.0
450990 0.0
451010 1.17e-14
451020 2.3e-12
451030 1.943001e-10
451040 1.151003e-08
451050 5.138011e-07
451060 9.62002e-06
451070 0.00010945
451080 0.000744562
451090 0.00341118
451100 0.0102385
451110 0.0173718
451120 0.0232862
451130 0.022059
451140 0.0133521
451150 0.006795
451170 0.00019863
451180 1.934e-05
451190 1.1336001e-06
451210 6.13001e-10
451220 2.39e-12
451230 0.0
451240 0.0
460990 0.0
461010 0.0
461020 0.0
461040 2.2e-13
461050 3.55001e-11
461060 1.0075021e-07
461080 2.3e-06
461090 3.631e-05
461100 0.000348211
461110 0.001789281
461120 0.00687373
461130 0.0175417
461140 0.0296596
461150 0.0341827
461160 0.0236946
461170 0.011138
461180 0.00344662
461190 0.000666101
461200 7.31802e-05
461210 4.9922102e-06
461230 8.98002e-10
461240 0.0
461250 0.0
461280 0.0
461290 0.0
461300 0.0
471030 0.0
471050 0.0
471060 1.64e-14
471070 3.413011e-12
471080 2.87e-10
471090 1.660004e-08
471100 5.56001e-07
471110 9.70002e-06
471120 0.001117592
471140 0.00486487
471150 0.01574354
471160 0.0290574
471170 0.037611
471180 0.0324398
471190 0.0189561
471200 0.00684848
471210 0.00157718
471220 0.0001364602
471230 6.09001e-06
471240 1.67e-12
471250 1.17e-13
471260 1.07e-14
471270 0.0
471280 0.0
471290 2.26417e-16
471300 6.18001e-10
471310 6.205145e-12
481050 0.0
481060 0.0
481070 0.0
481080 0.0
481090 2.88001e-13
481100 3.48001e-11
481110 2.170001e-09
481120 9.65002e-08
481130 2.715001e-06
481140 4.44701e-05
481150 0.000462661
481160 0.00253321
481170 0.00947229
481180 0.0571391
481200 0.0363643
481210 0.0252684
481220 0.01056565
481240 5.50001e-06
481250 1.08e-06
481260 2.17e-07
481270 7.30002e-08
481280 2.26e-08
481290 5.52001e-09
481300 3.81001e-06
481310 2.62995e-07
481320 1.07998e-08
481330 7.43831e-11
481340 1.6e-12
481350 1.6491e-13
481360 0.0
491070 0.0
491090 0.0
491110 1.82e-14
491120 2.937001e-12
491130 2.975001e-10
491140 1.733001e-08
491150 6.30001e-07
491160 1.140003e-05
491170 0.0001406201
491180 0.001000472
491190 0.004761712
491200 0.01432548
491210 0.02795987
491220 0.0342564
491230 0.02333555
491240 0.00855018
491250 0.00433374
491260 0.001842554
491270 0.001132702
491280 0.000981942
491300 0.000954153
491310 0.00021846
491320 3.473003e-05
491340 7.04001e-08
491350 4.87734e-09
491360 1.16e-11
491370 1.51963e-13
501110 0.0
501120 0.0
501130 0.0
501140 2.54001e-13
501150 2.1335001e-09
501170 9.17002e-08
501180 2.19e-06
501190 0.00038801112
501210 0.002179411
501220 0.00984854
501230 0.02270801
501240 0.0295254
501250 0.0242488
501260 0.0203699
501270 0.01943014
501280 0.01746268
501290 0.01673519
501300 0.01219798
501310 0.00833024
501320 0.00413092
501330 0.000968492
501340 0.00012670514
501360 3.01001e-07
501370 6.65986e-09
501380 8.342128e-11
511130 0.0
511150 0.0
511170 2.28e-12
511180 1.901002e-10
511190 1.09e-08
511200 3.97e-07
511210 0.00017851042
511230 0.00153763
511240 0.000711582
511250 0.003409843
511270 0.00265921
511280 0.00357755
511290 0.00555765
511300 0.01099016
511310 0.0200085
511320 0.0287515
511330 0.0206366
511340 0.00870462
511350 0.00219463
511360 0.000302961
511370 2.60001e-05
511380 1.23e-06
511390 3.0199e-08
511400 5.84196e-11
511410 2.51306e-12
511420 2.26872e-14
521150 0.0
521170 0.0
521180 0.0
521190 1.27e-13
521200 1.73e-11
521210 1.400002e-09
521220 1.3e-07
521230 5.22001e-06
521240 1.45e-08
521250 8.07001e-08
521260 2.14e-07
521270 5.65001e-07
521280 1.37e-06
521290 4.40001e-06
521300 0.000683611
521310 0.01824924
521330 0.02953915
521340 0.0372068
521350 0.0434438
521370 0.00422236
521380 0.000718851
521390 6.79201e-05
521400 3.08995e-06
521410 1.10136e-07
521420 1.19998e-09
521430 3.48258e-12
521440 2.95144e-13
531210 0.0
531220 7.19001e-10
531250 0.0
531260 1.04e-14
531270 5.18001e-14
531280 2.37e-13
531290 1.68e-12
531300 2.114001e-06
531310 3.56501e-05
531320 0.000485262
531330 0.00304232
531340 0.01191791
531350 0.0280661
531360 0.0386948
531370 0.0564404
531390 0.00655233
531400 0.00112733
531410 0.00013232001
531430 1.03e-07
531440 7.23272e-09
531450 1.51735e-11
531460 3.59215e-13
541240 0.0
541250 0.0
541260 0.0
541270 0.0
541280 0.0
541300 2.64001e-10
541310 1.533001e-08
541320 1.7240012e-05
541340 0.0002316201
541350 0.001852931
541360 0.00809825
541370 0.0228769
541380 0.0357199
541390 0.0357099
541400 0.0202277
541410 0.00791964
541420 0.00173314
541430 0.0001734874
541440 1.47028e-05
541450 6.64986e-07
541460 1.89997e-08
541470 1.482181e-11
541490 1.26391e-13
541500 0.0
551270 0.0
551290 0.0
551310 2.48001e-13
551320 4.55001e-11
551330 3.70001e-09
551340 6.30202e-06
551360 9.73302e-05
551370 0.000957812
551380 0.01918306
551400 0.0248119
551410 0.0297247
551420 0.0215445
551430 0.00744879
551440 0.00224621
551450 0.000366001
551460 3.75601e-05
551470 3.61172e-07
551480 7.25002e-08
551490 3.7381e-09
551500 2.43001e-11
551510 4.14164e-13
551520 3.80011e-15
561290 0.0
561310 0.0
561320 0.0
561330 3.09001e-14
561340 6.76001e-12
561350 8.12002e-10
561360 5.06002e-08
561370 1.903001e-06
561380 3.38701e-05
561390 0.000366661
561400 0.0021629
561410 0.00832306
561420 0.018903
561430 0.0198432
561440 0.02795109
561460 0.00320973
561470 0.00060834
561480 8.414647e-05
561500 3.27001e-07
561510 1.81509e-08
561520 2.00997e-10
561530 1.97115e-12
561540 1.35e-14
571330 0.0
571350 0.0
571370 1.5e-10
571380 1.02e-08
571390 4.25001e-07
571400 9.74002e-06
571410 0.00013931
571420 0.0011438
571430 0.00393055
571440 0.0109911
571450 0.0163654
571460 0.01572446
571470 0.00921529
571480 0.00376146
571490 0.000992342
571500 0.0001950119
571520 1.36e-06
571530 5.82981e-08
571540 1.19454065e-09
571560 1.21188e-13
571570 2.82935e-15
581350 0.0
581370 1.15e-13
581390 1.917001e-11
581400 1.8e-09
581410 3.53301e-06
581430 4.45001e-05
581440 0.000432281
581450 0.00204421
581460 0.00572734
581470 0.00968601
581480 0.0111339
581490 0.00836475
581500 0.00441869
581510 0.00171215
581520 0.000375651
581530 5.50701e-05
581540 3.95001e-06
581550 1.98996e-07
581560 6.40989e-09
581570 1.23997e-10
581580 1.44e-12
581590 2.38702e-14
581600 0.0
591390 0.0
591400 1.23e-14
591410 2.94001e-12
591420 4.14e-10
591430 2.17e-08
591440 8.078022e-07
591450 1.375e-05
591460 0.00012911
591470 0.003168751
591490 0.00512205
591500 0.00738158
591510 0.01339151
591530 0.00236317
591540 0.000550191
591550 9.07502e-05
591560 1.011e-05
591570 6.91001e-07
591580 2.78001e-08
591590 7.05978e-10
591600 1.18e-11
591610 8.4196e-14
591620 1.41228e-15
601400 0.0
601410 0.0
601420 0.0
601430 4.02001e-13
601440 5.96001e-11
601450 3.87001e-09
601460 1.32e-07
601470 2.66001e-06
601480 3.13501e-05
601490 0.00020734
601500 0.000897072
601510 0.00289748
601520 0.00508479
601530 0.00630043
601540 0.00415606
601550 0.00199063
601560 0.000699481
601570 0.00017875
601590 1.81e-06
601600 1.04e-07
601610 3.68992e-09
601620 7.46987e-11
601630 1.19e-12
601640 1e-14
601650 3.48248e-16
611410 0.0
611430 0.0
611440 4.08001e-14
611460 5.21001e-12
611470 4.04001e-10
611480 4.1742101e-07
611500 5.85001e-06
611510 6.34101e-05
611520 0.000344301
611530 0.00124795
611540 0.00229498
611550 0.0029231
611560 0.00284295
611570 0.00185388
611580 0.000734712
611590 0.00019707
611600 3.66701e-05
611610 4.36001e-06
611620 3.11001e-07
611630 1.7089001e-08
611650 1.02997e-11
611660 5.02901e-14
611670 1.50138e-15
621430 0.0
621440 0.0
621450 0.0
621460 0.0
621470 0.0
621480 3.68001e-13
621490 3.05001e-11
621500 6.42901e-08
621520 1.17e-06
621530 1.412e-05
621540 0.0003922512
621560 0.000861612
621570 0.00154622
621580 0.00163204
621590 0.00119754
621600 0.000639831
621610 0.00023044
621620 5.37401e-05
621630 9.15002e-06
621640 9.06002e-07
621650 6.56001e-08
621660 2.65996e-09
621670 6.57986e-11
621680 8.99002e-13
621690 1.14956e-14
621700 0.0
631470 0.0
631490 0.0
631510 2.4e-12
631520 1.608003e-10
631530 6.89001e-09
631540 1.410002e-07
631550 1.73e-06
631560 1.577e-05
631570 8.83202e-05
631580 0.000267691
631590 0.000537401
631600 0.001502954
631620 0.000492021
631630 0.00023879
631640 8.98402e-05
631660 2.29e-06
631670 1.92e-07
631680 9.03002e-09
631690 3.39989e-10
631700 7.75002e-12
631710 3.44542e-14
631720 8.52662e-16
641470 0.0
641490 0.0
641510 0.0
641530 1.28e-13
641540 9.41002e-12
641550 4.01001e-10
641560 1.29e-08
641570 2.49001e-07
641580 2.45001e-06
641590 1.534e-05
641600 6.48301e-05
641610 0.00017629
641620 0.000325521
641630 0.000409351
641640 0.000338381
641650 0.00022315
641660 0.0001134202
641680 3.62001e-06
641690 4.57001e-07
641700 3.711007e-08
641720 4.50992e-11
651510 0.0
651530 0.0
651550 0.0
651560 4.044011e-13
651570 9.803023e-10
651590 2.02e-08
651600 2.83001e-07
651610 2.46001e-06
651620 1.436002e-05
651630 5.11301e-05
651640 0.00011696
651650 0.00020627
651660 0.00022141
651670 0.00015986
651680 7.08201e-05
651690 2.72001e-05
651700 6.74001e-06
651710 9.44002e-07
651720 9.51002e-08
661550 0.0
661560 0.0
661570 0.0
661580 1.4e-14
661590 1.04e-12
661600 5.05001e-11
661610 1.51e-09
661620 3.05001e-08
661630 3.44001e-07
661640 2.48001e-06
661650 1.32e-05
661660 4.04601e-05
661670 7.95902e-05
661680 9.38102e-05
661690 9.68402e-05
661700 6.70401e-05
661710 2.76701e-05
661720 8.63002e-06
671590 0.0
671610 3.06001e-14
671620 2.570002e-12
671630 9.68002e-11
671640 2.384001e-09
671650 4.21001e-08
671660 4.17001e-07
671670 2.55001e-06
671680 8.89002e-06
671690 2.57201e-05
671700 4.792e-05
671710 5.26001e-05
671720 4.46201e-05
681610 0.0
681620 0.0
681630 0.0
681640 8.81002e-14
681650 5.43001e-12
681660 1.85e-10
681670 3.817011e-09
681680 4.39001e-08
681690 4.05001e-07
681700 2.31e-06
681710 7.33002e-06
681720 1.712e-05
691650 0.0
691660 0.0
691670 2.24e-13
691680 8.93002e-12
691690 2.82001e-10
691700 5.38001e-09
691710 5.58001e-08
691720 4.10001e-07
701660 0.0
701670 0.0
701680 0.0
701690 0.0
701700 4.99001e-13
701710 1.79e-11
701720 4.46001e-10
711690 0.0
711710 0.0
711720 0.0
721710 0.0
