240660 0.0
240670 0.0
240680 7.25255e-19
240700 0.0
250660 1.20001e-12
250670 5.00003e-13
250680 8.37004e-14
250690 2.14994e-14
250700 0.0
250710 0.0
250720 1.56155e-17
250730 1.07998e-18
260650 1.79001e-10
260670 2.76002e-10
260690 7.06004e-11
260700 2.41001e-11
260710 6.60003e-12
260720 1.34999e-12
260730 6.90993e-14
260740 0.0
260750 7.18509e-17
260760 0.0
270660 7.39004e-11
270670 2.68001e-10
270680 4.31002e-10
270690 1.16001e-09
270700 8.12004e-10
270710 1.24001e-09
270720 5.62003e-10
270730 1.908011e-10
270750 2.231941e-12
270770 1.15812e-14
270780 1.07342e-15
280660 4.80003e-11
280670 3.02002e-10
280680 2.11001e-09
280690 9.54005e-09
280700 3.12002e-08
280710 9.03005e-08
280720 2.13001e-07
280730 1.43001e-07
280740 8.07004e-08
280750 2.35001e-08
280760 6.67003e-09
280770 7.40992e-10
280780 9.27994e-11
280790 6.71283e-13
280800 3.89002e-14
280810 0.0
290660 7.27004e-14
290670 2.37001e-12
290680 6.9142315e-10
290700 5.2575315e-08
290720 2.01001e-07
290730 6.60003e-07
290740 7.49004e-07
290750 1.20001e-06
290760 7.30004e-07
290770 4.81003e-07
290780 1.35001e-07
290790 1.98994e-08
290800 7.74004e-10
290810 5.02003e-11
290820 8.80005e-13
290830 1.96928e-14
300660 0.0
300670 0.0
300680 4.96003e-13
300690 2.125012e-11
300700 6.39003e-10
300710 1.569012e-08
300720 3.03002e-07
300730 1.76001e-06
300740 9.20005e-06
300750 2.70801e-05
300760 8.06904e-05
300770 0.000109441
300780 0.0002220913
300800 1.21001e-05
300810 1.78001e-06
300820 1.79001e-07
300830 1.25999e-09
300840 6.08003e-11
300850 3.67688e-13
300860 0.0
310650 0.0
310670 0.0
310690 0.0
310700 2.17001e-13
310710 2.99002e-11
310720 1.190006e-09
310730 3.66002e-08
310740 3.64002e-07
310750 5.03003e-06
310760 2.56801e-05
310770 0.000162241
310780 0.000680854
310790 0.000736684
310800 0.000338462
310810 0.000275971
310820 5.92403e-05
310830 2.42001e-06
310840 2.76001e-07
310850 1.08997e-08
310860 2.0907968e-10
310880 2.04737e-14
320660 0.0
320670 0.0
320680 0.0
320690 0.0
320700 0.0
320710 0.0
320720 4.41002e-12
320730 1.75051013e-08
320750 1.31066023e-05
320770 0.0001474811
320780 0.00168511
320790 0.00327566
320800 0.015279
320810 0.01642
320820 0.0118925
320830 0.00154352
320840 0.00102106
320850 9.54805e-05
320860 1.10701e-05
320870 1.32999e-07
320880 1.76999e-09
320890 1.27847e-11
320900 8.99203e-13
330690 0.0
330710 0.0
330720 0.0
330730 1.13001e-14
330740 1.487012e-12
330750 2.55001e-10
330760 1.40001e-08
330770 9.09005e-07
330780 2.26501e-05
330790 0.000154871
330800 0.000499633
330810 0.00570332
330820 0.01415772
330830 0.0176583
330840 0.00726574
330850 0.00276737
330860 0.000999365
330870 7.32304e-05
330880 2.33001e-06
330890 3.78989e-07
330900 1.97278e-08
330910 1.27378e-10
330920 1.48059e-12
330930 4.72821e-14
340720 0.0
340730 0.0
340740 0.0
340750 4.14002e-14
340760 1.34001e-11
340770 1.413011e-09
340780 2.04001e-07
340790 5.334024e-06
340800 0.000205571
340810 0.0005979234
340820 0.00842384
340830 0.03220765
340840 0.077845
340850 0.072782
340860 0.0500287
340870 0.0143043
340880 0.00263835
340890 0.000990225
340900 6.15606e-05
340910 8.14992e-06
340920 1.27999e-07
340930 3.02521e-09
340940 1.77001e-11
340950 1.88785e-13
340960 0.0
350750 0.0
350770 1.02001e-14
350780 4.38002e-12
350790 6.74004e-10
350800 5.76003e-08
350810 2.82001e-06
350820 4.22603e-05
350830 0.000527863
350840 0.00591125
350850 0.0167888
350860 0.02521768
350870 0.0334014
350880 0.0245559
350890 0.0120891
350900 0.00177712
350910 0.00139444
350920 4.97703e-05
350930 3.23699e-06
350940 1.02001e-07
350950 5.59632e-09
350960 1.94001e-11
350970 2.20372e-13
350980 9.27679e-16
360770 0.0
360780 0.0
360790 2.58002e-14
360800 1.32001e-11
360810 1.471011e-09
360820 1.24001e-07
360830 3.408013e-06
360840 9.45405e-05
360850 0.001010625
360860 0.00561298
360870 0.0240097
360880 0.0508981
360890 0.0734833
360900 0.0618507
360910 0.0339611
360920 0.0142884
360930 0.00257328
360940 0.000472442
360950 1.29245e-05
360960 1.31001e-06
360970 1.40999e-08
360980 8.01995e-11
360990 0.0
361000 0.0
361010 0.0
361020 0.0
370790 0.0
370810 0.0
370830 9.68005e-11
370840 6.27003e-09
370850 4.14002e-07
370860 6.07004e-06
370870 0.000123401
370880 0.00362774
370890 0.00531122
370900 0.01792679
370910 0.0246473
370920 0.0197571
370930 0.012365
370940 0.00319008
370950 0.000661523
370960 0.000147991
370970 9.48005e-06
370980 1.25001e-07
370990 1.28808e-14
371000 0.0
371010 8.42861e-18
371020 2.2688e-19
371030 0.0
371040 2.42908e-14
371050 1.62237e-15
380830 0.0
380840 3.27002e-13
380850 5.32002e-11
380860 4.77002e-09
380870 2.358012e-07
380880 7.82004e-06
380890 0.000111711
380900 0.00231642
380910 0.00613841
380920 0.0252422
380930 0.0326421
380940 0.0361576
380950 0.0160009
380960 0.00617738
380970 0.00125913
380980 0.000165451
380990 3.79002e-07
381000 9.45005e-09
381010 2.48001e-10
381020 9.02005e-12
381030 4.54066e-15
381040 2.09999e-09
381050 1.03802e-10
381060 2.90583e-14
381070 1.57498e-15
390850 0.0
390870 1.87001e-12
390880 1.52001e-10
390890 1.369011e-08
390900 3.31002e-07
390910 1.023006e-05
390920 8.84505e-05
390930 0.000713344
390940 0.00157089
390950 0.00969285
390960 0.005500233
390970 0.00339176
390980 0.000474702
390990 0.000158011
391000 9.80005e-06
391010 1.87001e-06
391020 1.81001e-07
391030 6.19003e-08
391040 3.49002e-07
391050 1.11069e-07
391060 6.37516e-10
391070 4.66884e-11
391080 8.13165e-14
391090 1.57607e-15
400870 0.0
400880 0.0
400890 5.05003e-13
400900 7.83004e-11
400910 5.58003e-09
400920 3.04002e-07
400930 5.40003e-06
400940 5.58103e-05
400950 0.000423462
400960 0.00462704
400980 0.0020443
400990 0.00135635
401000 0.000346132
401010 0.000121731
401020 5.98203e-05
401030 4.41002e-05
401040 5.66803e-05
401050 1.06989e-05
401060 1.98937e-06
401070 1.07825e-07
401080 7.02996e-09
401090 1.0084e-10
401100 1.61001e-12
401110 9.34435e-15
401120 5.91388e-16
410890 0.0
410900 0.0
410910 1.32001e-14
410920 1.71001e-12
410930 2.024012e-10
410940 4.66002e-09
410950 2.161012e-07
410960 1.70001e-06
410970 1.712012e-05
410980 2.632013e-05
410990 9.098044e-06
411000 4.40002e-06
411010 7.21004e-06
411020 2.096012e-05
411040 2.53602e-05
411050 2.77001e-05
411060 1.696225e-05
411080 7.45004e-07
411090 1.079e-07
411100 3.49002e-09
411110 2.77003e-10
411120 1.29746e-11
411130 5.93944e-15
411140 1.78133e-16
420890 0.0
420910 0.0
420920 0.0
420930 3.08002e-13
420950 3.51002e-11
420960 1.69001e-09
420970 4.27002e-08
420980 3.55002e-07
420990 4.17002e-10
421000 1.39001e-09
421010 6.29003e-09
421020 3.06002e-08
421030 2.00001e-07
421040 1.78801e-05
421050 4.27502e-05
421060 0.000103181
421070 8.88105e-05
421080 7.99404e-05
421090 2.87902e-05
421100 6.36003e-06
421110 6.39726e-07
421120 4.0867218e-08
421140 1.53999e-11
421150 2.6135e-14
421160 0.0
430930 0.0
430950 0.0
430970 4.15002e-13
430980 8.14004e-12
430990 0.0
431010 0.0
431020 0.0
431030 2.9800380001e-08
431050 4.80003e-07
431060 2.77001e-06
431070 1.33501e-05
431080 2.47801e-05
431090 4.88803e-05
431100 2.43301e-05
431110 1.55601e-05
431120 2.49001e-06
431130 4.06622e-07
431140 1.84001e-08
431150 7.74742e-10
431160 8.22004e-12
431170 1.10967e-13
431180 1.897e-15
440950 0.0
440960 0.0
440970 0.0
440980 0.0
440990 0.0
441000 0.0
441010 0.0
441020 0.0
441030 0.0
441040 4.39002e-11
441050 8.704041e-08
441070 1.04001e-06
441080 1.18301e-05
441090 0.0001868312
441110 0.000181591
441120 0.000163661
441130 6.23803e-05
441140 1.89001e-05
441150 1.78923e-06
441160 1.47001e-07
441170 7.09993e-09
441180 1.63999e-10
441190 1.08001e-12
441200 0.0
441210 4.82379e-17
441220 0.0
441240 0.0
450990 0.0
451010 0.0
451020 0.0
451030 0.0
451040 0.0
451050 3.28002e-14
451060 4.68002e-12
451070 4.12002e-10
451080 1.270006e-08
451090 3.64002e-07
451100 2.34002e-06
451110 1.78501e-05
451120 3.25702e-05
451130 6.52503e-05
451140 4.32102e-05
451150 2.847012e-05
451170 1.52001e-06
451180 9.16005e-08
451190 4.1223203e-09
451210 1.42996e-12
451220 1.14001e-14
451230 0.0
451240 0.0
460990 0.0
461010 0.0
461020 0.0
461040 0.0
461050 0.0
461060 5.12003e-14
461080 1.18001e-11
461090 9.51005e-10
461100 4.32002e-08
461110 8.57005e-07
461120 9.59005e-06
461130 4.18202e-05
461140 0.000151171
461150 0.000163141
461160 0.000168871
461170 0.000124321
461180 4.58302e-05
461190 4.89003e-06
461200 4.88003e-07
461210 3.030021e-08
461230 2.36001e-11
461240 0.0
461250 0.0
461280 0.0
461290 0.0
461300 0.0
471030 0.0
471050 0.0
471060 0.0
471070 0.0
471080 0.0
471090 1.050006e-14
471100 1.383007e-12
471110 2.023011e-10
471120 1.7941113e-07
471140 1.54001e-06
471150 9.32004e-06
471160 1.94201e-05
471170 7.46804e-05
471180 4.22602e-05
471190 3.19902e-05
471200 7.14004e-06
471210 2.60001e-06
471220 3.24002e-07
471230 3.26002e-08
471240 3.25002e-13
471250 1.28001e-14
471260 0.0
471270 0.0
471280 0.0
471290 7.06916e-18
471300 7.83004e-12
471310 3.4530479e-13
481050 0.0
481060 0.0
481070 0.0
481080 0.0
481090 0.0
481100 0.0
481110 1.13001e-14
481120 3.12002e-12
481130 2.507013e-10
481140 1.61001e-08
481150 2.417013e-07
481160 3.10002e-06
481170 2.688013e-05
481180 0.000197611
481200 0.000130811
481210 9.68706e-05
481220 8.20605e-05
481240 5.01003e-07
481250 4.29002e-08
481260 2.44001e-08
481270 6.83004e-09
481280 1.16001e-09
481290 2.08001e-10
481300 4.18002e-07
481310 2.14998e-08
481320 8.01995e-10
481330 7.18509e-12
481340 1.31001e-13
481360 0.0
491070 0.0
491090 0.0
491110 0.0
491120 0.0
491130 0.0
491140 2.827014e-13
491150 2.962013e-11
491160 9.86004e-10
491170 5.80003e-08
491180 2.946014e-07
491190 3.419013e-06
491200 7.76004e-06
491210 2.878013e-05
491220 3.69603e-05
491230 4.228024e-05
491240 2.11602e-05
491250 8.78004e-06
491260 9.72006e-06
491270 1.430008e-05
491280 1.077006e-05
491300 3.77502e-05
491310 1.111006e-05
491320 1.203999e-06
491340 2.78001e-09
491350 4.03233e-11
491360 2.73001e-13
501110 0.0
501120 0.0
501130 0.0
501140 0.0
501150 2.58001e-13
501170 4.21002e-11
501180 1.46001e-09
501190 6.2481325e-07
501210 4.82003e-06
501220 3.24702e-05
501230 7.05804e-05
501240 8.93205e-05
501250 4.74403e-05
501260 0.000179511
501270 0.000366012
501280 0.000496962
501290 0.001041626
501300 0.00291456
501310 0.00204156
501320 0.00105138
501330 0.000539483
501340 4.908017e-05
501360 7.78004e-08
501370 1.25001e-09
501380 1.2834019e-11
511130 0.0
511150 0.0
511170 0.0
511180 0.0
511190 2.31001e-12
511200 8.24005e-11
511210 7.359042e-08
511230 8.67005e-07
511240 6.84003e-08
511250 1.315007e-06
511270 8.87005e-06
511280 1.735013e-05
511290 0.000140321
511300 0.000952515
511310 0.00250679
511320 0.00690018
511330 0.0069469
511340 0.001384988
511350 0.000471422
511360 3.56502e-05
511370 3.58002e-06
511380 8.59004e-08
511390 3.96989e-09
511400 3.21565e-11
511410 1.09566e-12
511420 2.49849e-14
521150 0.0
521170 0.0
521180 0.0
521190 0.0
521200 0.0
521210 1.270006e-12
521220 1.33001e-10
521230 4.053025e-09
521240 6.72004e-13
521250 3.585014e-12
521260 1.34001e-10
521270 2.099013e-09
521280 2.27001e-08
521290 4.20003e-07
521300 0.000267171
521310 0.005467972
521330 0.01687516
521340 0.0475044
521350 0.0480511
521370 0.00333574
521380 0.000469952
521390 4.84603e-05
521400 2.77998e-06
521410 7.01027e-08
521420 2.15999e-09
521430 9.53547e-12
521440 1.15401e-12
531210 0.0
531220 8.24004e-14
531250 0.0
531260 0.0
531270 0.0
531280 0.0
531290 7.29004e-14
531300 2.444014e-07
531310 7.48004e-06
531320 9.52404e-05
531330 0.00526138
531340 0.00985521
531350 0.017457
531360 0.01734862
531370 0.02222637
531390 0.00272398
531400 0.000335822
531410 7.837032e-05
531430 2.82668e-07
531440 2.5318e-08
531450 3.84478e-11
531460 8.08538e-13
531470 1.65514e-13
541240 0.0
541250 0.0
541260 0.0
541270 0.0
541280 0.0
541300 1.92001e-10
541310 1.010006e-08
541320 3.492016e-05
541340 0.000814174
541350 0.00679384
541360 0.0257965
541370 0.0511307
541380 0.0669982
541390 0.0665935
541400 0.0411237
541410 0.0181782
541420 0.00445158
541430 0.00065281
541440 7.90051e-05
541450 2.45997e-06
541460 6.98996e-08
541470 1.059246001e-08
541490 5.82562e-14
541500 0.0
551270 0.0
551290 0.0
551310 7.51004e-14
551320 1.85001e-11
551330 3.99002e-09
551340 1.0683062e-05
551360 0.000406692
551370 0.0011089
551380 0.02067961
551400 0.0182586
551410 0.0284454
551420 0.0127677
551430 0.00948584
551440 0.00242897
551450 0.000435232
551460 2.80901e-05
551470 1.13313e-05
551480 1.46001e-08
551490 1.72694e-09
551500 1.23001e-12
551510 5.61839e-15
551520 2.9843e-17
561290 0.0
561310 0.0
561320 0.0
561330 1.43001e-13
561340 5.95003e-11
561350 6.42004e-09
561360 4.54002e-07
561370 1.166006e-05
561380 0.000168391
561390 0.00145629
561400 0.0196629
561410 0.0277349
561420 0.0549155
561430 0.0686345
561440 0.1132984
561460 0.01032
561470 0.0010915
561480 7.407869e-05
561500 8.59004e-08
561510 3.59477e-10
561520 2.57998e-12
561530 1.69676e-15
561540 0.0
571330 0.0
571350 1.62001e-14
571370 4.94003e-10
571380 1.66001e-08
571390 8.15004e-07
571400 1.25101e-05
571410 0.000191801
571420 0.000709164
571430 0.00427681
571440 0.0102167
571450 0.0153032
571460 0.0094816
571470 0.00510571
571480 0.000650233
571490 0.000210471
571500 1.0414743e-05
571520 4.15002e-09
571530 5.02986e-11
571540 2.23813718e-13
571560 7.47233e-18
581350 0.0
581370 1.30001e-12
581390 1.464012e-10
581400 1.34001e-08
581410 9.867052e-06
581430 0.000124371
581440 0.00138274
581450 0.00467036
581460 0.0139138
581470 0.0146492
581480 0.00900405
581490 0.00464823
581500 0.00117544
581510 9.31405e-05
581520 5.68003e-06
581530 1.50001e-07
581540 3.84002e-09
581550 5.19995e-11
581560 6.45996e-13
581570 0.0
581580 0.0
581600 0.0
591390 0.0
591400 2.24001e-14
591410 4.52002e-12
591420 2.16002e-10
591430 1.59001e-08
591440 4.167022e-07
591450 8.46004e-06
591460 5.39803e-05
591470 0.000753943
591490 0.000927455
591500 0.000394102
591510 0.0001625311
591530 2.24001e-06
591540 1.18001e-07
591550 8.90005e-09
591560 2.43001e-10
591570 6.49003e-12
591580 4.88003e-14
591590 0.0
591600 0.0
601400 0.0
601410 0.0
601420 0.0
601430 6.50003e-13
601440 1.06001e-10
601450 5.02003e-09
601460 1.90001e-07
601470 2.60001e-06
601480 1.74401e-05
601490 9.43705e-05
601500 0.000204721
601510 0.000139771
601520 7.41204e-05
601530 1.70701e-05
601540 4.17002e-06
601550 5.92003e-07
601560 8.40004e-08
601570 4.883021e-09
601590 6.03003e-12
601600 1.42001e-13
601610 0.0
601620 0.0
601630 0.0
601640 0.0
611410 0.0
611430 0.0
611440 1.23001e-14
611460 1.11001e-12
611470 9.45005e-11
611480 5.4202312e-08
611500 2.41001e-07
611510 9.16005e-07
611520 9.82005e-07
611530 1.09001e-06
611540 4.68002e-07
611550 2.96002e-07
611560 7.32004e-08
611570 1.94001e-08
611580 1.49001e-09
611590 2.40001e-10
611600 1.16001e-11
611610 7.28004e-13
611620 1.10001e-14
611630 0.0
611650 0.0
621430 0.0
621440 0.0
621450 0.0
621460 0.0
621470 0.0
621480 1.03001e-13
621490 7.79004e-12
621500 2.217011e-09
621520 1.36001e-08
621530 3.20002e-08
621540 1.599009e-07
621560 1.02001e-07
621570 4.66002e-08
621580 1.57001e-08
621590 4.33002e-09
621600 9.88005e-10
621610 1.22001e-10
621620 9.70005e-12
621630 4.58002e-13
621640 1.87001e-14
621650 0.0
621660 0.0
621670 0.0
621680 0.0
621700 0.0
631470 0.0
631490 0.0
631510 1.99001e-14
631520 3.24003e-13
631530 4.46002e-12
631540 2.23002e-11
631550 1.52001e-10
631560 3.66002e-10
631570 8.63005e-10
631580 5.25003e-10
631590 6.51003e-10
631600 3.86002e-10
631620 1.93001e-11
631630 4.25002e-12
631640 3.960022e-13
631660 0.0
631670 0.0
631680 0.0
631690 0.0
631700 0.0
641470 0.0
641490 0.0
641510 0.0
641530 0.0
641540 0.0
641550 8.72005e-14
641560 1.23001e-12
641570 6.34003e-12
641580 2.07001e-11
641590 5.07003e-11
641600 9.46005e-11
641610 9.62005e-11
641620 5.91003e-11
641630 2.13001e-11
641640 7.94004e-12
641650 1.91001e-12
641660 3.825021e-13
641680 0.0
641690 0.0
641700 0.0
641720 0.0
651510 0.0
651530 0.0
651550 0.0
651560 0.0
651570 0.0
651590 2.01001e-14
651600 7.88004e-14
651610 4.37002e-13
651620 5.22002e-13
651630 8.72005e-13
651640 5.83003e-13
651650 6.14003e-13
651660 1.92001e-13
651670 6.19003e-14
651680 0.0
651690 0.0
651700 0.0
651710 0.0
651720 0.0
661550 0.0
661560 0.0
661570 0.0
661580 0.0
661590 0.0
661600 0.0
661610 0.0
661620 0.0
661630 1.56001e-14
661640 5.59003e-14
661650 1.120006e-13
661660 1.64001e-13
661670 9.06005e-14
661680 5.16003e-14
661690 1.50001e-14
661700 1.33001e-14
661710 0.0
661720 0.0
671590 0.0
671610 0.0
671620 0.0
671630 0.0
671640 0.0
671650 0.0
671660 0.0
671670 0.0
671680 0.0
671690 0.0
671700 0.0
671710 0.0
671720 0.0
681610 0.0
681620 0.0
681630 0.0
681640 0.0
681650 0.0
681660 0.0
681670 0.0
681680 0.0
681690 0.0
681700 0.0
681710 0.0
681720 0.0
691650 0.0
691660 0.0
691670 0.0
691680 0.0
691690 0.0
691700 0.0
691710 0.0
691720 0.0
701660 0.0
701670 0.0
701680 0.0
701690 0.0
701700 0.0
701710 0.0
701720 0.0
711690 0.0
711710 0.0
711720 0.0
721710 0.0
