240660 0.0
240670 0.0
240680 0.0
240700 0.0
250660 6.97001e-13
250670 1.35e-13
250680 1.01e-14
250690 0.0
250700 0.0
250710 0.0
260650 2.57e-10
260670 1.738001e-10
260690 1.23e-11
260700 1.74e-12
260710 9.67001e-14
260720 0.0
260730 0.0
260740 0.0
260760 0.0
270660 3.23e-10
270670 8.12001e-10
270680 8.95001e-10
270690 1.24e-09
270700 4.09e-10
270710 1.71e-10
270720 2.9e-11
270730 2.2612001e-12
270750 0.0
270770 5.35121e-18
280660 2.71e-10
280670 1.21e-09
280680 7.02001e-09
280690 1.83e-08
280700 3.57e-08
280710 3.28e-08
280720 3.94e-08
280730 7.05001e-09
280740 1.74e-09
280750 2.39e-10
280760 2.67e-11
280770 1.3e-12
280780 3.69e-14
280790 3.51154e-15
280800 0.0
280810 0.0
290660 7.76001e-13
290670 2.23e-11
290680 4.0558001e-09
290700 7.835011e-08
290720 1.53e-07
290730 1.68e-07
290740 9.47001e-08
290750 9.42001e-08
290760 2.53e-08
290770 9.43001e-09
290780 6.72001e-10
290790 3.75997e-10
290800 9.89001e-12
290810 2.02e-13
290820 0.0
300660 0.0
300670 5.02e-14
300680 4.04e-12
300690 1.371e-10
300700 2.91e-09
300710 2.889e-08
300720 3.73e-07
300730 7.18001e-07
300740 2.28e-06
300750 4.59e-06
300760 7.86001e-06
300770 6.87001e-06
300780 8.22e-06
300800 9.31001e-07
300810 4.78e-08
300820 1.28e-09
300830 8.55001e-12
300840 4.96e-14
300850 8.79752e-16
300860 0.0
310650 0.0
310670 0.0
310690 3.65e-14
310700 1.84e-12
310710 1.3e-10
310720 3.71e-09
310730 4.27e-08
310740 2.57e-07
310750 2.81e-06
310760 8.51001e-06
310770 4.343e-05
310780 4.486e-05
310790 0.00040211
310800 0.00018272
310810 6.76101e-05
310820 4.44e-06
310830 2.32e-07
310840 3.4e-09
310850 9.41992e-11
310860 5.870317e-13
320660 0.0
320670 0.0
320680 0.0
320690 0.0
320700 0.0
320710 6.26e-14
320720 1.35e-11
320730 1.54629001e-08
320750 6.50281e-06
320770 5.767001e-05
320780 0.00031345
320790 0.00508782
320800 0.0135566
320810 0.010572
320820 0.00470041
320830 0.000599371
320840 6.42001e-05
320850 4.24e-06
320860 1.96e-07
320870 2.67999e-09
320880 2.64e-11
320890 1.18608e-13
320900 1.33145e-14
330690 0.0
330710 0.0
330720 0.0
330730 2.03e-14
330740 2.143001e-12
330750 3.72e-10
330760 1.48e-08
330770 9.33001e-07
330780 1.011e-05
330790 0.000911741
330800 0.00426691
330810 0.0176672
330820 0.01464482
330830 0.0117246
330840 0.00273216
330850 0.00120457
330860 0.00013291
330870 1.344e-05
330880 3.29e-07
330890 1.26999e-08
330900 1.04814e-09
330910 8.9324e-13
330920 1.06527e-14
340720 0.0
340730 0.0
340740 0.0
340750 3.89e-14
340760 1.15e-11
340770 1.816e-09
340780 1.39e-07
340790 2.787e-05
340800 0.000818761
340810 0.006526521
340820 0.0292578
340830 0.04210622
340840 0.0529832
340850 0.0438649
340860 0.0304164
340870 0.00686137
340880 0.00118358
340890 0.00011071
340900 8.10896e-06
340910 2.16999e-07
340920 3.51999e-09
340930 4.18396e-12
340940 1.06e-13
340950 6.41891e-15
340960 0.0
350750 0.0
350770 1.68e-14
350780 4.16e-12
350790 6.16e-09
350800 4.32e-07
350810 2.378e-05
350820 0.0002312701
350830 0.00208248
350840 0.00488913
350850 0.0207869
350860 0.025318
350870 0.0317716
350880 0.0109423
350890 0.00663706
350900 0.00111
350910 0.00021298
350920 8.75001e-06
350930 4.47996e-07
350940 5.15e-09
350950 6.87303e-10
350960 5.31e-13
350970 8.1503e-15
360770 0.0
360780 0.0
360790 1.270002e-13
360800 6.73001e-11
360810 9.18001e-09
360820 6.52001e-07
360830 1.429e-05
360840 0.00022643
360850 0.00195788
360860 0.0139685
360870 0.0315961
360880 0.0571521
360890 0.0615201
360900 0.0598032
360910 0.0237196
360920 0.00672691
360930 0.000803231
360940 6.95201e-05
360950 3.90932e-06
360960 1.39e-07
360970 1.97999e-09
360980 1.1e-11
360990 0.0
361000 0.0
361010 0.0
361020 0.0
361030 0.0
370790 0.0
370810 2.09e-14
370830 6.40001e-10
370840 2.49e-08
370850 1.5e-06
370860 2.464e-05
370870 0.00036834
370880 0.00135854
370890 0.00811373
370900 0.01417278
370910 0.0296481
370920 0.0158743
370930 0.0113029
370940 0.00216527
370950 0.000833071
370960 7.27301e-05
370970 7.65001e-06
370980 1.1e-07
370990 6.13246e-14
371000 0.0
371010 3.81207e-16
371020 2.09832e-17
371030 5.29175e-17
371040 2.19106e-14
371050 1.76112e-15
380830 0.0
380840 7.66001e-13
380850 1.11e-10
380860 1.37e-08
380870 4.987001e-07
380880 1.307e-05
380890 0.00018106
380900 0.0019718
380910 0.00809955
380920 0.0244779
380930 0.0304737
380940 0.0322118
380950 0.0235243
380960 0.0131399
380970 0.00304888
380980 0.00031807
380990 1.85e-06
381000 1.6e-07
381010 1.15e-08
381020 8.61001e-10
381030 1.59638e-09
381040 7.23998e-09
381050 4.27838e-10
381060 1.57443e-14
381070 7.37175e-16
390850 0.0
390870 4.11e-12
390880 2.69e-10
390890 2.63e-08
390900 6.7e-07
390910 2.078e-05
390920 0.00014354
390930 0.00110439
390940 0.00227562
390950 0.00887951
390960 0.008934901
390970 0.01139394
390980 0.00241676
390990 0.00166713
391000 0.0002903
391010 0.00014109
391020 2.235e-05
391030 8.90841e-06
391040 5.29e-06
391050 1.07258e-06
391060 1.23941e-09
391070 7.89328e-11
391080 9.44213e-15
391090 1.05207e-16
400870 0.0
400880 0.0
400890 3.72e-13
400900 7.17e-11
400910 5.53e-09
400920 2.91e-07
400930 5.31e-06
400940 7.74301e-05
400950 0.000645421
400960 0.01328117
400980 0.0106919
400990 0.0125203
401000 0.00889268
401010 0.0067262
401020 0.00516504
401030 0.00384075
401040 0.00129572
401050 0.000167817
401060 9.58877e-06
401070 4.48963e-07
401080 3.11999e-09
401090 2.55585e-11
401100 4.57e-14
401110 3.51316e-16
410890 0.0
410900 0.0
410910 0.0
410920 1.19e-12
410930 1.63e-10
410940 6.1e-09
410950 3.680001e-07
410960 5.5e-06
410970 8.43801e-05
410980 0.00020941
410990 0.00017052
411000 0.0001856602
411010 0.000625431
411020 0.00246192
411040 0.00114312
411050 0.00110132
411060 0.000198081
411080 1.58e-06
411090 6.40745e-08
411100 7.72001e-10
411110 3.76171e-11
411120 1.52829e-14
411130 3.4139e-16
420890 0.0
420910 0.0
420920 0.0
420930 1.33e-13
420950 2.03e-11
420960 2.36e-09
420970 8.83001e-08
420980 1.63e-06
420990 7.97001e-09
421000 5.49e-08
421010 4.07e-07
421020 2.43e-06
421030 1.436e-05
421040 0.000669791
421050 0.00150078
421060 0.00149077
421070 0.000690351
421080 0.00027599
421090 3.274e-05
421100 3.72e-06
421110 2.13963e-07
421120 5.1329256e-09
421140 3.61e-13
421150 9.17691e-16
421160 0.0
430930 0.0
430950 0.0
430970 5.59e-13
430980 2.68e-11
430990 0.0
431010 3.01e-14
431020 3.96e-13
431030 1.2700167e-06
431050 2.515e-05
431060 6.42501e-05
431070 0.00020755
431080 0.00018233
431090 0.0001516
431100 4.479e-05
431110 2.169e-05
431120 1.59e-06
431130 2.07917e-07
431140 3.21e-09
431150 9.82614e-11
431160 5.88001e-13
431170 4.61027e-15
431180 8.50397e-17
440950 0.0
440960 0.0
440970 0.0
440980 0.0
440990 0.0
441000 0.0
441010 0.0
441020 0.0
441030 0.0
441040 7.59001e-10
441050 1.2608e-06
441070 1.159e-05
441080 7.88801e-05
441090 0.0004468302
441110 0.00031944
441120 0.0001799
441130 6.27401e-05
441140 8.32001e-06
441150 5.58902e-07
441160 3.66e-08
441170 1.12e-09
441180 2.80999e-11
441190 2.09e-13
441200 0.0
441210 1.47559e-17
441220 0.0
441240 0.0
450990 0.0
451010 0.0
451020 0.0
451030 0.0
451040 0.0
451050 6.230001e-13
451060 4.64e-11
451070 4.96e-09
451080 1.05e-07
451090 1.758002e-06
451100 8.96e-06
451110 6.61501e-05
451120 8.19101e-05
451130 0.00018407
451140 5.736e-05
451150 3.4e-05
451170 1.18e-06
451180 7.53001e-08
451190 4.6005001e-09
451210 1.57999e-12
451220 0.0
451230 0.0
451240 0.0
460990 0.0
461010 0.0
461020 0.0
461040 0.0
461050 0.0
461060 2.017001e-13
461080 4.34e-11
461090 2.382001e-09
461100 1.15e-07
461110 2.398001e-06
461120 2.371e-05
461130 0.00011911
461140 0.00023317
461150 0.00024297
461160 0.00025241
461170 0.0001408
461180 6.21401e-05
461190 9.39001e-06
461200 1.15e-06
461210 7.31001e-08
461230 2.96e-11
461240 0.0
461250 0.0
461280 0.0
461300 0.0
471030 0.0
471050 0.0
471060 0.0
471070 0.0
471080 0.0
471090 2.05e-14
471100 3.186001e-12
471110 6.357001e-10
471120 8.54901e-07
471140 4.15e-06
471150 2.89e-05
471160 5.814e-05
471170 0.0001864602
471180 0.0001559602
471190 0.0001506
471200 4.241e-05
471210 2.017e-05
471220 1.650002e-06
471230 2.08e-07
471240 1.5e-12
471250 1.44e-13
471260 0.0
471270 0.0
471280 0.0
471290 2.89377e-12
471300 1.03e-13
471310 2.91023e-15
481050 0.0
481060 0.0
481070 0.0
481080 0.0
481090 0.0
481100 0.0
481110 1.22e-14
481120 5.06e-12
481130 6.51e-10
481140 2.89e-08
481150 5.47e-07
481160 7.82001e-06
481170 5.413e-05
481180 0.0007107
481200 0.000732511
481210 0.00073475
481220 0.00057871
481240 4.08e-06
481250 7.98001e-07
481260 1.61e-07
481270 2.34e-08
481280 2.81e-09
481290 7.02998e-07
481300 3.94e-08
481310 7.06998e-10
481320 7.44001e-12
481330 4.00651e-14
481340 0.0
481360 0.0
491070 0.0
491090 0.0
491110 0.0
491120 0.0
491130 0.0
491140 4.25e-13
491150 7.21001e-11
491160 2.780001e-09
491170 1.493e-07
491180 1.599e-06
491190 1.869e-05
491200 5.99001e-05
491210 0.0003481501
491220 0.000404739
491230 0.000894071
491240 0.00050976
491250 0.00053702
491260 0.00021656
491270 0.0001813402
491280 0.00027233
491300 2.988003e-05
491310 3.96e-06
491320 1.1228996e-07
491340 4.24e-11
491350 4.65144e-13
491360 0.0
501110 0.0
501120 0.0
501130 0.0
501140 0.0
501150 2.86e-13
501170 4.28e-11
501180 3.48e-09
501190 2.5236001e-06
501210 3.279001e-05
501220 0.00025179
501230 0.001153801
501240 0.00261752
501250 0.004427271
501260 0.00538406
501270 0.00612883
501280 0.00840438
501290 0.00893005
501300 0.00757158
501310 0.00224888
501320 0.00044943
501330 4.657e-05
501340 3.673e-06
501360 1.96e-09
501370 1.07e-11
501380 5.12e-14
511130 0.0
511150 0.0
511170 0.0
511180 0.0
511190 3.71e-12
511200 2.291001e-10
511210 5.361e-07
511230 1.806e-05
511240 5.84001e-06
511250 0.00012567
511270 0.00042127
511280 0.00080664
511290 0.00465448
511300 0.00687854
511310 0.0114261
511320 0.00474212
511330 0.00343926
511340 0.00062767
511350 0.00014799
511360 6.83001e-06
511370 2.9e-07
511380 3.65e-09
511390 7.41001e-11
511400 4.50922e-13
511410 1.49522e-14
521150 0.0
521170 0.0
521180 0.0
521190 0.0
521200 0.0
521210 1.870002e-12
521220 3.3e-10
521230 3.390001e-08
521240 1.01e-10
521250 1.223001e-09
521260 1.97e-08
521270 1.777e-07
521280 2.18e-06
521290 0.00047789
521300 0.00415256
521310 0.04033181
521330 0.0385849
521340 0.0422826
521350 0.02883372
521370 0.000748921
521380 7.13901e-05
521390 3.73e-06
521400 1.49e-07
521410 3.63242e-09
521420 9.64001e-12
521430 8.44965e-14
531210 0.0
531220 3.93e-13
531250 0.0
531260 0.0
531270 0.0
531280 2.4e-13
531290 4.07e-07
531300 8.13e-06
531310 0.00015948
531320 0.00077922
531330 0.00615442
531340 0.01222289
531350 0.0340547
531360 0.0224869
531370 0.01779589
531390 0.00118226
531400 0.00011716
531410 9.26938e-06
531430 9.04744e-09
531440 7.6566e-12
531450 1.30487e-13
531460 4.50922e-16
541240 0.0
541250 0.0
541260 0.0
541270 0.0
541280 3.39e-11
541300 5.06e-09
541310 2.421001e-07
541320 0.00017365001
541340 0.002130391
541350 0.01185275
541360 0.0449445
541370 0.0525661
541380 0.0630704
541390 0.0474038
541400 0.0307214
541410 0.00575436
541420 0.000783771
541430 5.1461e-05
541440 2.52999e-06
541450 3.16999e-08
541460 1.49e-10
541470 2.39683e-14
541500 0.0
551270 0.0
551290 0.0
551310 2.23e-12
551320 2.07e-10
551330 3.15e-08
551340 4.13e-05
551360 0.0009938
551370 0.00260087
551380 0.0304312
551400 0.0287355
551410 0.0320912
551420 0.00944347
551430 0.00437119
551440 0.00053313
551450 5.021e-05
551460 6.26001e-07
551470 2.5664e-09
551480 1.04e-11
551490 1.61771e-14
551500 0.0
551510 9.88062e-19
561290 0.0
561310 0.0
561320 0.0
561330 5.58e-13
561340 1.4e-10
561350 1.440002e-08
561360 1e-06
561370 1.793e-05
561380 0.00028619
561390 0.00253694
561400 0.0178747
561410 0.0380204
561420 0.0622889
561430 0.0553085
561440 0.05090283
561460 0.000791151
561470 1.45974e-05
561480 2.3992999e-07
561500 3.21e-11
561510 2.40035e-13
561520 0.0
561530 9.26448e-19
561540 0.0
571330 0.0
571350 3.04e-14
571370 8.03001e-10
571380 3.26e-08
571390 2.16e-06
571400 3.643e-05
571410 0.000539
571420 0.0018894
571430 0.0099126
571440 0.0140577
571450 0.0158735
571460 0.0028814
571470 0.0003373
571480 1.196e-05
571490 1.39e-06
571500 2.780176e-08
571520 5.86001e-12
571530 9.91992e-14
571540 1.10729e-18
581350 0.0
581370 1.04e-12
581390 1.802e-10
581400 2.35e-08
581410 2.5058001e-05
581430 0.00030305
581440 0.00287468
581450 0.00641331
581460 0.00663851
581470 0.00140071
581480 0.00027059
581490 6.12801e-05
581500 7.62001e-06
581510 3.8e-07
581520 2.53e-08
581530 1.04e-09
581540 3.16e-11
581550 2.68999e-13
581560 0.0
581570 0.0
581580 0.0
581600 0.0
591390 0.0
591400 2.96e-14
591410 9.41001e-12
591420 6.72e-10
591430 6.71001e-08
591440 1.633e-06
591450 2.593e-05
591460 6.18801e-05
591470 0.0001094301
591490 3.442e-05
591500 7.56001e-06
591510 2.396e-06
591530 7.41001e-08
591540 4.99e-09
591550 2.95e-10
591560 8.01001e-12
591570 1.42e-13
591580 0.0
591590 0.0
591600 0.0
601400 0.0
601410 0.0
601420 0.0
601430 1.38e-12
601440 2.74e-10
601450 1.12e-08
601460 2.09e-07
601470 6.61001e-07
601480 1.58e-06
601490 3.93e-06
601500 4.99e-06
601510 2.51e-06
601520 1.67e-06
601530 8.07001e-07
601540 3.05e-07
601550 3.63e-08
601560 6.61001e-09
601570 2.756e-10
601590 2.51e-13
601600 0.0
601610 0.0
601620 0.0
601630 0.0
601640 0.0
611410 0.0
611430 0.0
611440 2.85e-14
611460 1.45e-12
611470 3.62e-11
611480 3.9386001e-09
611500 1.09e-08
611510 3.56e-08
611520 4.62e-08
611530 1.25e-07
611540 8.1e-08
611550 4.95e-08
611560 1.66e-08
611570 3.83e-09
611580 3.49e-10
611590 5.16e-11
611600 3.28e-13
611610 2.42e-14
611620 0.0
611630 0.0
611650 0.0
621430 0.0
621440 0.0
621450 0.0
621460 0.0
621470 0.0
621480 0.0
621490 3.48e-13
621500 6.755011e-11
621520 5.31e-10
621530 3.22e-09
621540 2.76e-08
621560 2.71e-08
621570 1.07e-08
621580 5.04e-09
621590 1.41e-09
621600 5.36e-11
621610 8.67001e-12
621620 9.27001e-13
621630 3.09e-14
621640 0.0
621650 0.0
621660 0.0
621670 0.0
621680 0.0
621700 0.0
631470 0.0
631490 0.0
631510 0.0
631520 0.0
631530 5.93001e-13
631540 5.44e-12
631550 4.23e-11
631560 1.7e-10
631570 3.98e-10
631580 3.45e-10
631590 5.19e-10
631600 6.3e-11
631620 5.99001e-12
631630 1.23e-12
631640 1.556e-13
631660 0.0
631670 0.0
631680 0.0
631690 0.0
631700 0.0
641470 0.0
641490 0.0
641510 0.0
641530 0.0
641540 0.0
641550 1.26e-14
641560 3.71e-13
641570 1.98e-12
641580 1.14e-11
641590 3.65e-11
641600 1.36e-11
641610 2.21e-11
641620 2.3e-11
641630 8.08001e-12
641640 5e-12
641650 1.49e-12
641660 2.759e-13
641680 0.0
641690 0.0
641700 0.0
641720 0.0
651510 0.0
651530 0.0
651550 0.0
651560 0.0
651570 0.0
651590 2.01e-14
651600 1.69e-14
651610 1.84e-13
651620 3.84e-13
651630 7.57001e-13
651640 8.42001e-13
651650 1.28e-12
651660 3.78e-13
651670 2.08e-13
651680 2.88e-14
651690 0.0
651700 0.0
651710 0.0
651720 0.0
661550 0.0
661560 0.0
661570 0.0
661580 0.0
661590 0.0
661600 0.0
661610 0.0
661620 0.0
661630 1.09e-14
661640 7.90001e-14
661650 2.345e-13
661660 3.78e-13
661670 3.66e-13
661680 2.61e-13
661690 7.78001e-14
661700 4.03e-14
661710 0.0
661720 0.0
671590 0.0
671610 0.0
671620 0.0
671630 0.0
671640 0.0
671650 0.0
671660 0.0
671670 0.0
671680 1.11e-14
671690 1.76e-14
671700 0.0
671710 1.55e-14
671720 0.0
681610 0.0
681620 0.0
681630 0.0
681640 0.0
681650 0.0
681660 0.0
681670 0.0
681680 0.0
681690 0.0
681700 0.0
681710 0.0
681720 0.0
691650 0.0
691660 0.0
691670 0.0
691680 0.0
691690 0.0
691700 0.0
691710 0.0
691720 0.0
701660 0.0
701670 0.0
701680 0.0
701690 0.0
701700 0.0
701710 0.0
701720 0.0
711690 0.0
711710 0.0
711720 0.0
721710 0.0
