220660 1.81562e-20
230660 9.64206e-16
230670 5.95247e-18
230680 7.11979e-19
230690 1.604e-19
240660 3.17896e-12
240670 5.55982e-13
240680 9.32794e-14
240700 2.78272e-18
250660 5.14988e-10
250670 3.81991e-10
250680 1.62996e-10
250690 2.80844e-11
250700 2.28995e-12
250710 1.73993e-13
250720 1.66401e-15
250730 1.03847e-16
250740 4.37372e-18
260650 7.42983e-09
260670 3.87992e-08
260690 1.23997e-08
260700 4.16991e-09
260710 9.99977e-10
260720 1.82994e-10
260730 9.69968e-12
260740 4.80985e-13
260750 5.08567e-15
260760 0.0
260770 6.45139e-17
270660 3.21993e-09
270670 2.10995e-08
270680 8.13982e-08
270690 1.48997e-07
270700 1.32997e-07
270710 1.28997e-07
270720 6.86984e-08
270730 1.808955e-08
270750 3.387875e-10
270770 4.03381e-12
270780 1.49125e-14
270790 1.84945e-15
280660 1.61996e-10
280670 2.81994e-09
280680 3.67992e-08
280690 1.61996e-07
280700 4.65989e-07
280710 1.10997e-06
280720 2.08995e-06
280730 1.33997e-06
280740 8.02982e-07
280750 3.25993e-07
280760 9.26979e-08
280770 1.12957e-08
280780 1.63995e-09
280790 1.72745e-10
280800 2.33995e-12
280810 4.78181e-14
290660 1.48997e-13
290670 1.09998e-11
290680 7.286831e-09
290700 4.591899e-07
290720 1.78996e-06
290730 3.79991e-06
290740 5.58987e-06
290750 8.41981e-06
290760 6.81985e-06
290770 3.42992e-06
290780 1.54997e-06
290790 3.2382e-07
290800 3.44992e-08
290810 2.98988e-09
290820 9.09979e-11
290830 1.06631e-12
290840 3.25528e-14
300660 0.0
300670 0.0
300680 3.29993e-13
300690 1.734963e-11
300700 5.11988e-10
300710 1.200973e-08
300720 1.91996e-07
300730 1.03998e-06
300740 5.01989e-06
300750 1.79896e-05
300760 4.91789e-05
300770 6.36286e-05
300780 0.0001777965
300800 3.28193e-05
300810 9.21979e-06
300820 1.37997e-06
300830 9.95967e-08
300840 3.57989e-09
300850 1.47932e-11
300860 5.23988e-13
300870 4.7786e-14
310650 0.0
310670 0.0
310690 0.0
310700 8.43981e-14
310710 8.6598e-12
310720 4.5899e-10
310730 9.22979e-09
310740 1.219972e-07
310750 1.60996e-06
310760 1.10398e-05
310770 4.74689e-05
310780 0.000194576
310790 0.0004324
310800 0.000580267
310810 0.000657445
310820 0.000322263
310830 0.000106668
310840 1.30097e-05
310850 9.24964e-07
310860 3.478718e-08
310880 3.228e-12
310890 1.85516e-13
320660 0.0
320670 0.0
320680 0.0
320690 0.0
320700 0.0
320710 0.0
320720 6.53985e-14
320730 2.37957891e-10
320750 2.7039378e-07
320770 3.112932e-06
320780 4.5999e-05
320790 0.000257954
320800 0.00117951
320810 0.00326986
320820 0.00641465
320830 0.00619135
320840 0.00323928
320850 0.000773033
320860 0.000119507
320870 8.36682e-06
320880 3.54989e-07
320890 1.73278e-08
320900 8.46148e-12
320910 7.71084e-13
320920 4.80169e-14
330690 0.0
330710 0.0
330720 0.0
330730 0.0
330740 0.0
330750 1.19997e-12
330760 1.05998e-10
330770 5.43988e-09
330780 2.41995e-07
330790 5.56987e-06
330800 7.47983e-05
330810 0.000760163
330820 0.0037567
330830 0.0126662
330840 0.01731326
330850 0.0165978
330860 0.0074772
330870 0.00230478
330880 0.000323283
330890 3.24819e-05
330900 4.49357e-07
330910 4.8213e-08
330920 2.54999e-09
330930 1.86601e-12
330940 6.41963e-14
340720 0.0
340730 0.0
340740 0.0
340750 0.0
340760 0.0
340770 4.760897e-13
340780 8.53981e-11
340790 6.942841e-09
340800 4.06991e-07
340810 1.258967e-05
340820 0.000264834
340830 0.002587721
340840 0.0108995
340850 0.0301208
340860 0.0468245
340870 0.0390855
340880 0.0220921
340890 0.00687398
340900 0.00148152
340910 0.000135009
340920 8.40726e-06
340930 1.74291e-07
340940 7.05978e-09
340950 5.66255e-12
340960 5.87987e-13
340970 4.162e-14
350750 0.0
350770 0.0
350780 0.0
350790 1.696962e-13
350800 3.449923e-11
350810 4.4599e-09
350820 9.87978e-07
350830 1.47597e-05
350840 0.0002234054
350850 0.00226435
350860 0.00914402
350870 0.0265675
350880 0.0381986
350890 0.0432875
350900 0.0261963
350910 0.00994884
350920 0.00196719
350930 0.000326718
350940 2.47694e-05
350950 3.54058e-07
350960 3.20993e-08
350970 2.60235e-09
350980 2.85519e-12
350990 2.04571e-13
360770 0.0
360780 0.0
360790 0.0
360800 0.0
360810 6.81985e-14
360820 3.09993e-11
360830 4.518903e-09
360840 3.13993e-07
360850 1.198973e-05
360860 0.000165916
360870 0.00154161
360880 0.00846922
360890 0.0245087
360900 0.0533862
360910 0.0523627
360920 0.0392251
360930 0.0183833
360940 0.0059695
360950 0.000991454
360960 0.000108668
360970 7.28723e-06
360980 3.1399e-07
360990 1.91076e-08
361000 0.0
361010 0.0
361020 0.0
361030 0.0
361040 0.0
370790 0.0
370810 0.0
370830 2.67994e-14
370840 6.52985e-12
370850 1.29997e-09
370860 5.66988e-08
370870 2.42995e-06
370880 4.5349e-05
370890 0.000558177
370900 0.003223818
370910 0.0119714
370920 0.0256298
370930 0.0382276
370940 0.0310245
370950 0.0200241
370960 0.00617122
370970 0.00175505
370980 0.000232475
370990 3.58183e-05
371000 2.71994e-11
371010 5.02469e-14
371020 2.10261e-15
371030 2.18086e-16
371040 1.41562e-18
371050 0.0
371060 4.8521e-15
380830 0.0
380840 0.0
380850 0.0
380860 1.19997e-12
380870 1.805963e-10
380880 1.59996e-08
380890 6.85985e-07
380900 1.76096e-05
380910 0.000208025
380920 0.00200978
380930 0.00717213
380940 0.0203915
380950 0.0340647
380960 0.0353758
380970 0.0264104
380980 0.013152
380990 0.00349992
381000 2.21695e-05
381010 1.22997e-06
381020 6.05986e-08
381030 5.33844e-09
381040 4.07991e-11
381050 1.40765e-15
381060 5.33594e-10
381070 1.93752e-14
381080 9.42068e-15
381090 1.79562e-15
390850 0.0
390870 0.0
390880 8.06982e-14
390890 1.673964e-11
390900 1.429968e-09
390910 8.4498e-08
390920 2.34995e-06
390930 4.4769e-05
390940 0.000378571
390950 0.00243444
390960 0.006378037
390970 0.01562662
390980 0.01933733
390990 0.0176994
391000 0.00494263
391010 0.00141849
391020 0.000258034
391030 3.67138e-05
391040 4.2699e-06
391050 2.30665e-08
391060 8.49552e-07
391070 1.21146e-09
391080 5.00296e-10
391090 1.12274e-10
391100 1.61855e-14
391110 2.17309e-15
400870 0.0
400880 0.0
400890 0.0
400900 0.0
400910 1.50997e-12
400920 2.01995e-10
400930 1.31997e-08
400940 5.23988e-07
400950 1.08898e-05
400960 0.000980228
400980 0.00371189
400990 0.008454
401000 0.00874783
401010 0.00561358
401020 0.003259
401030 0.00129743
401040 0.000634206
401050 0.000236972
401060 9.77377e-05
401070 3.39239e-06
401080 1.64946e-06
401090 3.14395e-07
401100 1.77994e-09
401110 2.02974e-10
401120 2.69489e-14
401130 4.07885e-15
410890 0.0
410900 0.0
410910 0.0
410920 0.0
410930 7.53983e-14
410940 1.051976e-11
410950 1.058976e-09
410960 1.77996e-06
410970 1.147974e-06
410980 1.559962e-05
410990 0.0001423267
411000 3.52392e-05
411010 0.000101968
411020 0.0003796414
411040 0.000251314
411050 0.000285784
411060 0.000503735
411080 8.50481e-05
411090 2.0565e-05
411100 2.12995e-06
411110 3.80485e-07
411120 1.43115e-09
411130 2.55035e-10
411140 9.54761e-14
411150 5.82267e-15
420890 0.0
420910 0.0
420920 0.0
420930 0.0
420950 0.0
420960 6.84985e-13
420970 7.53983e-11
420980 4.4799e-09
420990 1.28997e-07
421000 1.82996e-10
421010 2.28995e-09
421020 1.94996e-08
421030 1.06998e-07
421040 6.54985e-07
421050 2.63994e-06
421060 0.000107778
421070 0.000272324
421080 0.00045012
421090 0.000364862
421100 0.000187706
421110 3.71785e-05
421120 5.432624e-06
421140 1.04997e-08
421150 5.43858e-10
421160 4.14991e-12
421170 1.93542e-14
421180 1.53586e-15
430930 0.0
430950 0.0
430970 0.0
430980 1.81996e-14
430990 2.349951e-12
431010 0.0
431020 0.0
431030 4.514896e-13
431050 1.05998e-11
431060 9.82978e-07
431070 1.30797e-05
431080 7.43083e-05
431090 0.000257854
431100 0.000405911
431110 0.000356702
431120 0.000155806
431130 4.67145e-05
431140 6.32986e-06
431150 1.01949e-06
431160 3.87991e-08
431170 1.21014e-09
431180 8.1706859e-11
431200 4.40099e-15
431210 2.98538e-16
440950 0.0
440960 0.0
440970 0.0
440980 0.0
440990 0.0
441000 0.0
441010 0.0
441020 0.0
441030 0.0
441040 0.0
441050 6.48985e-10
441070 3.77991e-08
441080 1.22997e-06
441090 0.00013304664
441110 0.000311513
441120 0.000559367
441130 0.000501609
441140 0.000296903
441150 9.96177e-05
441160 2.37795e-05
441170 3.38871e-06
441180 2.68912e-07
441190 1.33996e-08
441200 4.83985e-10
441210 2.78845e-11
441220 4.4299e-14
441230 4.01416e-16
441240 0.0
450990 0.0
451010 0.0
451020 0.0
451030 0.0
451040 0.0
451050 0.0
451060 0.0
451070 2.30995e-12
451080 3.41992e-10
451090 2.59994e-08
451100 7.73982e-07
451110 1.03898e-05
451120 6.20586e-05
451130 0.000223435
451140 0.000370592
451150 0.000745344
451170 0.000149707
451180 3.56692e-05
451190 8.336811e-06
451210 5.22709e-08
451220 1.27997e-09
451230 2.5099e-11
451240 2.37995e-13
451250 2.13047e-15
460990 0.0
461010 0.0
461020 0.0
461040 0.0
461050 0.0
461060 0.0
461080 0.0
461090 1.987956e-12
461100 3.60992e-10
461110 1.999956e-08
461120 6.52985e-07
461130 8.16982e-06
461140 6.01686e-05
461150 0.000203885
461160 0.000413751
461170 0.000509698
461180 0.0004314
461190 0.000240075
461200 0.000106198
461210 2.312945e-05
461230 1.54997e-07
461240 7.27984e-09
461250 1.98993e-10
461270 0.0
461280 0.0
461290 0.0
461300 0.0
461310 3.1058e-14
471030 0.0
471050 0.0
471060 0.0
471070 0.0
471080 0.0
471090 0.0
471100 0.0
471110 8.021818e-13
471120 7.613827e-09
471140 2.05995e-07
471150 3.11992e-06
471160 1.73996e-05
471170 7.46384e-05
471180 0.0001588164
471190 0.000291653
471200 0.000312252
471210 0.000229135
471220 7.44784e-05
471230 2.12495e-05
471240 3.34992e-06
471250 4.5599e-07
471260 3.73992e-11
471270 4.4199e-12
471280 2.35995e-13
471290 3.69294e-15
471300 0.0
471310 1.94756854e-09
471330 2.5527e-13
481050 0.0
481060 0.0
481070 0.0
481080 0.0
481090 0.0
481100 0.0
481110 0.0
481120 0.0
481130 3.151925e-13
481140 4.78989e-11
481150 2.544938e-09
481160 6.11986e-08
481170 7.60982e-07
481180 3.938905e-05
481200 0.000122797
481210 0.000229154
481220 0.00045451
481240 0.000122527
481250 5.34888e-05
481260 5.50988e-06
481270 2.23995e-06
481280 6.25986e-07
481290 9.0398e-08
481300 2.95993e-08
481310 5.43794e-06
481320 6.1898e-07
481330 2.38431e-08
481340 1.97996e-10
481350 9.2666e-13
481360 0.0
491070 0.0
491090 0.0
491110 0.0
491120 0.0
491130 0.0
491140 0.0
491150 3.44992e-14
491160 3.29994e-12
491170 1.662964e-10
491180 4.989886e-09
491190 1.045976e-07
491200 1.155975e-06
491210 8.8998e-06
491220 2.803938e-05
491230 7.55183e-05
491240 0.0001230372
491250 0.000201516
491260 0.000286964
491270 0.00044809
491280 0.000668356
491300 0.000310182
491310 0.000971958
491320 0.0003933371
491340 2.05995e-06
491350 5.79406e-08
491360 7.19984e-10
491370 1.69153e-12
491380 9.91133e-14
501110 0.0
501120 0.0
501130 0.0
501140 0.0
501150 0.0
501170 0.0
501180 2.38995e-13
501190 8.0618162e-10
501210 2.027958e-08
501220 2.85994e-07
501230 2.363946e-06
501240 1.57896e-05
501250 7.31784e-05
501260 0.000187146
501270 0.000562408
501280 0.001391888
501290 0.002172698
501300 0.00842902
501310 0.01119014
501320 0.0153674
501330 0.00617616
501340 0.001556848
501360 9.47979e-06
501370 1.57995e-07
501380 1.09294464e-08
501400 1.11233e-12
501410 2.50196e-13
511130 0.0
511150 0.0
511170 0.0
511180 0.0
511190 0.0
511200 0.0
511210 4.8169878e-11
511230 1.81996e-09
511240 4.13991e-08
511250 1.0596762e-06
511270 2.03995e-06
511280 3.09893e-05
511290 7.90282e-05
511300 0.000701364
511310 0.00389329
511320 0.00954929
511330 0.0224118
511340 0.0181693
511350 0.00954165
511360 0.00193875
511370 0.000147097
511380 3.45592e-05
511390 1.85993e-06
511400 5.90713e-08
511410 1.56438e-08
511420 5.56489e-12
511430 4.06715e-13
521150 0.0
521170 0.0
521180 0.0
521190 0.0
521200 0.0
521210 0.0
521220 0.0
521230 6.43986e-14
521240 7.28984e-12
521250 5.74987e-10
521260 1.53997e-13
521270 6.33985e-12
521280 2.47994e-10
521290 6.46985e-09
521300 2.54994e-07
521310 0.0036133471
521330 0.01141285
521340 0.0311429
521350 0.0722139
521370 0.00752594
521380 0.00754581
521390 0.00131162
521400 0.000194757
521410 4.38068e-05
521420 6.11981e-07
521430 3.79886e-08
521440 1.33804e-11
521450 1.12871e-12
521460 7.63932e-14
531210 0.0
531220 0.0
531250 0.0
531260 0.0
531270 0.0
531280 0.0
531290 0.0
531300 1.15997e-14
531310 1.97996e-07
531320 0.000974508
531330 0.0001602164
531340 0.00132628
531350 0.0083893
531360 0.01801364
531370 0.0495938
531390 0.0241538
531400 0.0103731
531410 0.00328878
531430 7.12116e-05
531440 7.10584e-07
531450 7.05739e-08
531460 4.05694e-09
531470 6.56648e-13
531480 8.10183e-14
541240 0.0
541250 0.0
541260 0.0
541270 0.0
541280 0.0
541300 0.0
541310 8.67981e-12
541320 1.2196726e-07
541340 5.07989e-06
541350 0.0001020377
541360 0.00112264
541370 0.00238892
541380 0.0208291
541390 0.0447613
541400 0.0572887
541410 0.0412373
541420 0.0224944
541430 0.00695832
541440 0.00234278
541450 0.000197625
541460 1.33756e-05
541470 7.024292e-08
541490 1.98429e-12
541500 2.81994e-13
541510 1.83811e-14
551270 0.0
551290 0.0
551310 0.0
551320 0.0
551330 1.82996e-12
551340 3.1903194e-08
551360 1.629964e-06
551370 0.0336017
551380 0.002705702
551400 0.0110644
551410 0.0290297
551420 0.0352723
551430 0.0407129
551440 0.0296205
551450 0.00990344
551460 0.00202793
551470 0.000114972
551480 1.98796e-05
551490 1.2407e-07
551500 1.03998e-08
551510 1.1493e-09
551520 1.25483e-13
551530 2.02641e-15
551540 4.95566e-18
561290 0.0
561310 0.0
561320 0.0
561330 0.0
561340 0.0
561350 4.4399e-13
561360 4.7199e-10
561370 4.2799e-09
561380 4.4899e-07
561390 1.01398e-05
561400 0.000166266
561410 0.00192148
561420 0.00641639
561430 0.0183028
561440 0.082749
561460 0.0275656
561470 0.0112343
561480 0.003476258
561500 2.41895e-05
561510 3.21833e-06
561520 1.37996e-08
561530 1.89273e-10
561540 5.44983e-13
561550 1.00482e-15
561560 6.96559e-17
571330 0.0
571350 0.0
571370 2.19995e-14
571380 8.10982e-12
571390 8.7298e-10
571400 4.84989e-08
571410 1.80996e-06
571420 2.50094e-05
571430 0.000296663
571440 0.00203214
571450 0.00645251
571460 0.01567174
571470 0.0162398
571480 0.0112106
571490 0.00472319
571500 0.001176144
571520 7.53983e-06
571530 3.54803e-07
571540 4.6427276e-09
571560 3.69916e-12
571570 2.52659e-15
571580 4.54648e-17
571590 8.04855e-19
581350 0.0
581370 0.0
581390 0.0
581400 8.42981e-13
581410 6.607848e-09
581430 2.38995e-07
581440 7.67983e-06
581450 7.17584e-05
581460 0.000534658
581470 0.00218828
581480 0.00557099
581490 0.00553944
581500 0.00409085
581510 0.00231716
581520 0.000322103
581530 4.5949e-05
581540 2.53994e-06
581550 1.75933e-07
581560 1.2196e-08
581570 2.35992e-10
581580 4.99984e-12
581590 7.51762e-14
581600 7.42196e-19
591390 0.0
591400 0.0
591410 0.0
591420 2.45994e-14
591430 4.13991e-12
591440 4.373901e-10
591450 1.89996e-08
591460 4.6099e-07
591470 7.435841e-05
591490 0.000274354
591500 0.000538658
591510 0.001435892
591530 0.000188406
591540 2.75894e-05
591550 7.51983e-06
591560 1.56996e-06
591570 1.27997e-07
591580 8.17982e-09
591590 1.40922e-10
591600 4.12991e-12
591610 4.64067e-14
591620 5.10115e-17
591630 1.34894e-18
601400 0.0
601410 0.0
601420 0.0
601430 0.0
601440 0.0
601450 2.32995e-13
601460 3.24993e-11
601470 1.61996e-09
601480 5.72987e-08
601490 7.91982e-07
601500 6.89984e-06
601510 4.01791e-05
601520 5.51088e-05
601530 7.43683e-05
601540 3.71892e-05
601550 2.48994e-05
601560 1.84496e-05
601570 4.940888e-06
601590 4.91989e-08
601600 6.11986e-09
601610 1.29951e-10
601620 5.60982e-12
601630 1.25996e-13
601640 0.0
601650 1.04912e-18
601660 1.67288e-20
601670 8.96344e-22
611410 0.0
611430 0.0
611440 0.0
611460 0.0
611470 0.0
611480 4.7824884e-11
611500 1.44997e-09
611510 3.80991e-08
611520 1.70796e-07
611530 9.99977e-07
611540 1.427968e-06
611550 3.53992e-06
611560 6.60985e-06
611570 4.69989e-06
611580 2.66994e-06
611590 4.80989e-07
611600 1.61996e-07
611610 1.36997e-08
611620 1.71996e-09
611630 1.7249585e-10
611650 6.55975e-14
611660 8.88404e-16
611670 5.6045e-17
611690 1.19301e-21
621430 0.0
621440 0.0
621450 0.0
621460 0.0
621470 0.0
621480 0.0
621490 0.0
621500 1.2386696e-12
621520 3.57992e-11
621530 7.12984e-10
621540 3.95391e-08
621560 2.66994e-07
621570 5.12988e-07
621580 9.93978e-07
621590 4.3199e-07
621600 4.79989e-07
621610 9.92978e-08
621620 4.3599e-08
621630 1.16997e-08
621640 1.78996e-09
621650 5.48988e-11
621660 2.92905e-12
621670 1.5694e-13
621680 0.0
621690 1.11431e-16
621700 0.0
621710 1.09046e-21
621720 5.7666e-23
631470 0.0
631490 0.0
631510 0.0
631520 0.0
631530 1.10997e-14
631540 2.19996e-13
631550 7.79982e-12
631560 2.02995e-10
631570 1.57996e-09
631580 8.7798e-09
631590 1.47997e-08
631600 7.44983e-08
631620 3.15993e-08
631630 2.80994e-08
631640 1.157977e-08
631660 1.71996e-10
631670 3.77991e-11
631680 3.54992e-12
631690 2.08884e-13
631700 0.0
631710 6.81822e-17
631720 3.06242e-18
641470 0.0
641490 0.0
641510 0.0
641530 0.0
641540 0.0
641550 0.0
641560 0.0
641570 2.36995e-13
641580 5.59987e-12
641590 2.94993e-11
641600 3.63992e-10
641610 7.51983e-10
641620 2.83994e-09
641630 6.49985e-09
641640 7.95982e-09
641650 2.13995e-09
641660 1.588967e-09
641680 1.94996e-10
641690 3.28993e-11
641700 3.480858e-12
641720 1.00967e-14
651510 0.0
651530 0.0
651550 0.0
651560 0.0
651570 0.0
651590 0.0
651600 4.86989e-14
651610 4.4199e-13
651620 4.97988e-12
651630 4.72989e-11
651640 1.59996e-10
651650 1.60996e-10
651660 1.87996e-10
651670 3.50992e-10
651680 2.78994e-10
651690 1.59996e-10
651700 4.02991e-11
651710 8.9598e-12
651720 1.34997e-12
661550 0.0
661560 0.0
661570 0.0
661580 0.0
661590 0.0
661600 0.0
661610 0.0
661620 0.0
661630 1.74996e-14
661640 2.49994e-13
661650 7.669829e-13
661660 3.54992e-12
661670 1.85996e-11
661680 5.23988e-11
661690 7.45983e-11
661700 6.05986e-11
661710 3.21993e-11
661720 1.62996e-11
671590 0.0
671610 0.0
671620 0.0
671630 0.0
671640 0.0
671650 0.0
671660 0.0
671670 2.55994e-14
671680 2.10995e-13
671690 1.20997e-12
671700 2.61994e-12
671710 4.99989e-12
671720 5.98986e-12
681610 0.0
681620 0.0
681630 0.0
681640 0.0
681650 0.0
681660 0.0
681670 0.0
681680 0.0
681690 0.0
681700 0.0
681710 5.43988e-14
681720 2.49994e-13
691650 0.0
691660 0.0
691670 0.0
691680 0.0
691690 0.0
691700 0.0
691710 0.0
691720 0.0
701660 0.0
701670 0.0
701680 0.0
701690 0.0
701700 0.0
701710 0.0
701720 0.0
711690 0.0
711710 0.0
711720 0.0
721710 0.0
