220660 1.41803e-15
230660 6.59927e-12
230670 9.44913e-14
230680 2.74701e-14
230690 8.35098e-15
240660 3.2334e-09
240670 6.56906e-10
240680 2.490291e-10
240700 1.680638e-12
240720 2.07453e-14
250660 1.61e-07
250670 8.52e-08
250680 6.42e-08
250690 1.90419e-08
250700 3.82e-09
250710 5.14889e-10
250720 9.65449e-11
250730 1.18078e-12
250740 1.13907e-13
260650 7.39e-07
260670 2.672e-06
260690 1.31e-06
260700 6.74e-07
260710 2.44e-07
260720 4.73034e-08
260730 8.20882e-09
260740 7.91886e-10
260750 2.0237e-11
260760 1.3e-12
260770 2.72664e-13
270660 3.65e-07
270670 1.08e-06
270680 4.5e-06
270690 8.11e-06
270700 9.92e-06
270710 9e-06
270720 4.53e-06
270730 2.715e-06
270750 1.029798e-07
270770 1.26893e-09
270780 1.11031e-11
270790 2.26919e-12
280660 1.79e-08
280670 1.31e-07
280680 1.27e-06
280690 5.35e-06
280700 1.483e-05
280710 3.145e-05
280720 3.781e-05
280730 4.5e-05
280740 3.299e-05
280750 1.499e-05
280760 4.16e-06
280770 6.21731e-07
280780 7.71889e-08
280790 1.57755e-08
280800 2.92e-10
280810 1.56413e-11
290660 7.72e-11
290670 1.38e-09
290680 3.9291e-07
290700 1.4275e-05
290720 3.328e-05
290730 9.389e-05
290740 0.00016958
290750 0.00020044
290760 0.00015384
290770 6.587e-05
290780 2.407e-05
290790 5.17422e-06
290800 7.71e-07
290810 7.18846e-08
290820 4.2e-09
290830 8.91699e-11
290840 3.236e-12
300660 2.2e-14
300670 1.24e-12
300680 7.07e-11
300690 2.011e-09
300700 3.39e-08
300710 4.371e-07
300720 3.04e-06
300730 2.115e-05
300740 9.376e-05
300750 0.00027441
300760 0.00053748
300770 0.00060389
300780 0.00095821
300800 0.00014705
300810 3.877e-05
300820 6.18e-06
300830 6.19911e-07
300840 2.24968e-08
300850 2.04089e-09
300860 6.85e-11
300870 9.55857e-12
310650 0.0
310670 1.03e-14
310690 8.1e-13
310700 3.66e-11
310710 1.28e-09
310720 2.57e-08
310730 4.41e-07
310740 5.19e-06
310750 3.997e-05
310760 0.00020345
310770 0.00058056
310780 0.0014646
310790 0.0022058
310800 0.0023226
310810 0.00162118
310820 0.00067085
310830 0.00018346
310840 1.846e-05
310850 9.49796e-06
310860 5.20484e-07
310880 2.14295e-10
310890 3.65519e-11
320660 0.0
320670 0.0
320680 0.0
320690 0.0
320700 0.0
320710 2.64e-13
320720 1.46e-11
320730 2.43427e-08
320750 7.9874e-06
320770 5.825e-05
320780 0.00038718
320790 0.00145468
320800 0.0036235
320810 0.00630979
320820 0.00626325
320830 0.00436449
320840 0.00114979
320850 0.0016337
320860 0.00023102
320870 2.17955e-05
320880 1.48979e-06
320890 2.5411e-07
320900 7.16635e-10
320910 1.10291e-10
320920 1.11035e-11
330690 0.0
330710 0.0
330720 0.0
330730 8.27e-14
330740 7.7e-12
330750 5.02e-10
330760 2.18e-08
330770 5.03e-07
330780 9.59e-06
330790 9.771e-05
330800 0.00063558
330810 0.00252733
330820 0.00618032
330830 0.0101687
330840 0.00644234
330850 0.0227624
330860 0.00875064
330870 0.00231082
330880 0.00044104
330890 8.33459e-05
330900 3.3351e-06
330910 5.13277e-07
330920 5.16739e-08
330930 1.90236e-09
330940 1.35193e-11
340720 0.0
340730 0.0
340740 0.0
340750 3.35e-14
340760 4.51e-12
340770 3.065e-10
340780 1.85e-08
340790 5.462e-07
340800 9.81e-06
340810 0.00011129
340820 0.00063555
340830 0.00256876
340840 0.00391455
340850 0.0286432
340860 0.0310441
340870 0.0211841
340880 0.0104925
340890 0.00533916
340900 0.00163407
340910 0.000251487
340920 2.53183e-05
340930 1.32253e-05
340940 9.39865e-08
340950 6.72352e-10
340960 1.12e-10
340970 1.34538e-11
350750 0.0
350770 1.14e-14
350780 2.48e-12
350790 2.198e-10
350800 1.146e-08
350810 3.17e-07
350820 2.07e-06
350830 6.059e-05
350840 0.00023872
350850 0.00347518
350860 0.01200867
350870 0.0210581
350880 0.024276
350890 0.0285401
350900 0.0234893
350910 0.00950737
350920 0.00248782
350930 0.00433777
350940 6.952e-05
350950 3.12901e-06
350960 6.24e-07
350970 6.26116e-08
350980 3.35106e-10
350990 3.2793e-11
351000 8.55743e-13
360770 0.0
360780 0.0
360790 0.0
360800 9.23e-13
360810 7.494e-11
360820 3.67e-09
360830 1.09e-07
360840 1.2e-06
360850 8.515e-05
360860 0.00045528
360870 0.00498264
360880 0.0152816
360890 0.0229424
360900 0.0347943
360910 0.0333658
360920 0.021074
360930 0.00730783
360940 0.00391764
360950 0.0015331
360960 0.00024602
360970 3.06774e-05
360980 2.32966e-06
360990 2.27977e-07
361000 5.94914e-09
361010 1.33159e-10
361020 2.15987e-11
361030 8.72844e-12
370790 0.0
370810 0.0
370830 1.39e-11
370840 4.36e-10
370850 8.95e-08
370860 1.46e-07
370870 2.084e-05
370880 0.00015134
370890 0.00126502
370900 0.00534369
370910 0.0169844
370920 0.0266993
370930 0.0342
370940 0.0317526
370950 0.0191258
370960 0.00765457
370970 0.00246231
370980 0.00049319
370990 7.47747e-05
371000 8.3e-06
371010 6.197e-07
371020 1.00517e-07
371030 4.06207e-08
371040 7.91023e-11
371050 1.45708e-11
380830 0.0
380840 1.07e-14
380850 6.47e-12
380860 2.9e-10
380870 1.326e-08
380880 2.76e-07
380890 6.54e-06
380900 7.496e-05
380910 0.00053572
380920 0.00402929
380930 0.00791519
380940 0.0186995
380950 0.0243062
380960 0.0226535
380970 0.0174523
380980 0.00857311
380990 0.0028936
381000 0.00085612
381010 0.00030363
381020 4.92495e-05
381030 1.99026e-05
381040 5.49921e-07
381050 1.01297e-07
381060 1.91946e-10
381070 4.15538e-11
381080 6.30236e-12
390850 0.0
390870 5.72e-13
390880 3.52e-11
390890 2.326e-09
390900 7.93e-08
390910 1.6e-06
390920 1.982e-05
390930 0.00016766
390940 0.00102545
390950 0.00326675
390960 0.007389
390970 0.01319806
390980 0.01497319
390990 0.0121519
391000 0.00766691
391010 0.00469201
391020 0.00177946
391030 0.000515577
391040 0.00013566
391050 3.32245e-05
391060 8.93285e-07
391070 1.93384e-07
391080 2.93301e-08
391090 1.32662e-10
391100 1.66834e-11
391110 8.01554e-12
400870 0.0
400880 0.0
400890 5.85e-14
400900 5.74e-12
400910 3.3e-10
400920 1.14e-08
400930 2.76e-07
400940 4.66e-06
400950 3.996e-05
400960 0.00124807
400980 0.00280009
400990 0.00536644
401000 0.00720972
401010 0.00733584
401020 0.00607813
401030 0.00436845
401040 0.00272451
401050 0.0012857
401060 0.000437677
401070 9.47512e-05
401080 1.43707e-05
401090 9.22272e-07
401100 1.15983e-07
401110 5.57242e-08
401120 9.14498e-11
401130 2.75321e-11
410890 0.0
410900 0.0
410910 0.0
410920 4.54e-13
410930 3.157e-11
410940 1.515e-09
410950 0.00188534
410960 5.67e-07
410970 6.832e-06
410980 4.795e-05
410990 0.00023408
411000 0.00070656
411010 0.00122728
411020 0.00586678
411040 0.0054055
411050 0.00618909
411060 0.007422
411080 0.00104249
411090 0.000302498
411100 5.784e-05
411110 1.82771e-05
411120 4.25592e-07
411130 1.2813e-07
411140 5.27828e-10
411150 3.25917e-11
411160 2.73263e-12
420890 0.0
420910 0.0
420920 0.0
420930 3.33e-14
420950 2.26e-12
420960 9.54e-11
420970 3.17e-09
420980 6.22e-08
420990 8.21e-07
421000 5.94e-06
421010 1.848e-05
421020 8.059e-05
421030 0.00033542
421040 0.00116189
421050 0.00327983
421060 0.0058604
421070 0.00695487
421080 0.00674411
421090 0.00479247
421100 0.00224566
421110 0.000707277
421120 0.0002713028
421140 3.66947e-06
421150 2.26578e-07
421160 1.89973e-08
421170 1.60303e-10
421180 2.71264e-11
421190 4.17531e-12
430930 0.0
430950 0.0
430970 1.02e-13
430980 5.58e-12
430990 3.8845e-09
431010 1.87e-08
431020 2.3e-07
431030 2.574e-05
431050 0.00015754
431060 0.0007214
431070 0.00221633
431080 0.00464964
431090 0.00766076
431100 0.00820825
431110 0.00620161
431120 0.00429871
431130 0.00162628
431140 0.00048791
431150 7.43158e-05
431160 1.691e-05
431170 7.46023e-07
431180 1.456732e-07
431200 1.6971e-10
431210 2.29805e-11
431220 1.42672e-12
440950 0.0
440960 0.0
440970 0.0
440980 0.0
440990 0.0
441000 1.55e-13
441010 1.46e-12
441020 4.62e-11
441030 1.42e-09
441040 3.53e-08
441050 8.466e-06
441070 5.763e-05
441080 0.00032753
441090 0.00456037
441110 0.0055798
441120 0.00821101
441130 0.00810885
441140 0.00552624
441150 0.00287584
441160 0.00113532
441170 0.000365524
441180 6.18537e-05
441190 9.52056e-06
441200 1.17983e-06
441210 1.59761e-07
441220 9.91857e-09
441230 3.07208e-10
441240 3.21e-11
441250 4.94122e-12
450990 0.0
451010 0.0
451020 0.0
451030 4.52e-14
451040 3.718e-12
451050 1.989e-10
451060 6.36e-09
451070 1.26e-07
451080 1.926e-06
451090 2.024e-05
451100 0.00012522
451110 0.0005217
451120 0.00185877
451130 0.00417422
451140 0.00648109
451150 0.01471094
451170 0.00525844
451180 0.00207558
451190 0.00098271
451210 5.24002e-05
451220 9.55e-06
451230 1.42969e-06
451240 1.62e-07
451250 2.29956e-08
451260 3.06342e-10
451270 3.48205e-11
451280 1.79778e-12
460990 0.0
461010 0.0
461020 0.0
461040 0.0
461050 0.0
461060 1.9841e-11
461080 8.2e-10
461090 2.366e-08
461100 3.86e-07
461110 4.166e-06
461120 3.925e-05
461130 0.00021619
461140 0.00080254
461150 0.00225224
461160 0.00442595
461170 0.00745423
461180 0.00662613
461190 0.00542259
461200 0.00337051
461210 0.00245165
461230 0.0002283
461240 5.733e-05
461250 1.339669e-05
461270 2.42073e-07
461280 1.24982e-08
461290 9.25877e-11
461300 3.85e-11
461310 5.85594e-12
471030 0.0
471050 0.0
471060 0.0
471070 0.0
471080 2.36e-14
471090 1.79e-12
471100 1.4200151e-06
471110 2.446e-09
471120 0.0001040287
471140 8.7e-06
471150 6.222e-05
471160 0.00028996
471170 0.00120108
471180 0.00229302
471190 0.00408832
471200 0.0052697
471210 0.00561925
471220 0.00447332
471230 0.00305186
471240 0.00161752
471250 0.00070336
471260 0.0002986
471270 7.93979e-05
471280 1.239e-05
471290 4.30888e-07
471300 2.53e-07
471310 2.73492487e-08
471330 1.29068e-11
481050 0.0
481060 0.0
481070 0.0
481080 0.0
481090 0.0
481100 0.0
481110 9.76e-14
481120 5.95e-12
481130 2.733e-10
481140 7.02e-09
481150 1.326e-07
481160 1.58e-06
481170 1.677e-05
481180 0.00039273
481200 0.00088162
481210 0.00198382
481220 0.00725934
481240 0.00425718
481250 0.00396323
481260 0.00354568
481270 0.0023025
481280 0.00092003
481290 0.000211119
481300 0.00011658
481310 1.33527e-05
481320 6.71903e-07
481330 8.97287e-08
481340 5.16e-10
481350 2.45573e-11
481360 4.88e-14
491070 0.0
491090 0.0
491110 0.0
491120 0.0
491130 0.0
491140 3.871e-13
491150 1.989e-11
491160 6.20001e-10
491170 1.516e-08
491180 2.012e-07
491190 2.057e-06
491200 1.328001e-05
491210 6.473e-05
491220 0.0002172399
491230 0.00060863
491240 0.0012757
491250 0.00238517
491260 0.0043346
491270 0.00642354
491280 0.00994928
491300 0.00420354
491310 0.00141603
491320 0.0002742003
491340 2.15e-06
491350 1.14286e-07
491360 2.07e-09
491370 3.40859e-11
501110 0.0
501120 0.0
501130 0.0
501140 0.0
501150 1.65e-14
501170 1.09e-12
501180 3.73e-11
501190 1.6077e-08
501210 1.707e-07
501220 1.28e-06
501230 7.88e-06
501240 3.657e-05
501250 0.00014603
501260 0.00056381
501270 0.0019423
501280 0.00427136
501290 0.00708152
501300 0.01435308
501310 0.01297716
501320 0.00707623
501330 0.00275146
501340 0.0006918857
501360 5.93e-06
501370 2.36966e-07
501380 1.2845877e-08
501400 3.35163e-11
511130 0.0
511150 0.0
511170 0.0
511180 0.0
511190 3.14e-14
511200 1.184e-12
511210 5.757e-10
511230 7.65e-09
511240 0.000721641
511250 7.176e-06
511270 5.58e-05
511280 0.0003097
511290 0.00136922
511300 0.00531424
511310 0.0124965
511320 0.01974133
511330 0.0224317
511340 0.01512822
511350 0.00396224
511360 0.00122191
511370 0.00013812
511380 2.042e-05
511390 1.60965e-06
511400 1.55979e-07
511410 5.22994e-10
511420 9.29093e-11
511430 3.05748e-11
521150 0.0
521170 0.0
521180 0.0
521190 0.0
521200 0.0
521210 0.0
521220 1.57e-14
521230 5.104e-13
521240 1.23e-11
521250 2.605e-10
521260 5.47e-09
521270 1.115e-07
521280 1.87e-06
521290 2.516e-05
521300 0.00019037
521310 0.00724163
521330 0.01931998
521340 0.0344506
521350 0.0451463
521370 0.00622102
521380 0.0024544
521390 0.0005283
521400 7.6424e-05
521410 3.63586e-06
521420 6.45907e-07
521430 2.12557e-07
521440 2.13926e-10
521450 1.95723e-11
531210 0.0
531220 0.0
531250 0.0
531260 3.19e-13
531270 1.76e-11
531280 8.17e-10
531290 3.44e-08
531300 0.00029854
531310 1.081e-05
531320 0.00124556
531330 0.0019773602
531340 0.01539649
531350 0.0227111
531360 0.0353429
531370 0.0512456
531390 0.0138528
531400 0.00527333
531410 0.00151472
531430 6.97169e-05
531440 9.955741e-07
531450 9.10863e-08
531460 4.8612e-10
531470 3.11054e-11
541240 0.0
541250 0.0
541260 0.0
541270 0.0
541280 3.2842e-12
541300 1.09e-10
541310 6.91e-09
541320 7.014e-06
541340 0.00021
541350 0.00138622
541360 0.0064974
541370 0.0236813
541380 0.0268952
541390 0.0347777
541400 0.0321501
541410 0.0169956
541420 0.00683598
541430 0.00269788
541440 0.000487794
541450 4.46289e-05
541460 3.37951e-06
541470 2.18345e-07
541490 2.68813e-11
541500 2.22e-13
551270 0.0
551290 0.0
551310 2.99e-13
551320 6.55e-11
551330 3.66e-09
551340 5.654e-05
551360 0.00015666
551370 0.00077793
551380 0.01263292
551400 0.0211401
551410 0.0365971
551420 0.0325926
551430 0.0242077
551440 0.0110779
551450 0.00271642
551460 0.00059642
551470 7.09267e-05
551480 3.53e-06
551490 1.25101e-07
551500 3.45e-09
551510 1.79918e-11
551520 9.11834e-13
561290 0.0
561310 0.0
561320 0.0
561330 1.38e-13
561340 4.89e-11
561350 3.06e-09
561360 1.37e-07
561370 2.707e-06
561380 3.023e-05
561390 0.00025321
561400 0.00146
561410 0.00644544
561420 0.0134185
561430 0.0222055
561440 0.0395734
561460 0.0087692
561470 0.00274469
561480 0.0004970349
561500 3.7e-06
561510 1.25079e-07
561520 6.33909e-09
561530 6.38047e-11
561540 3.2e-12
561550 1.84256e-13
571330 0.0
571350 8.58e-14
571370 6.93e-10
571380 2.19e-08
571390 5.09e-07
571400 8.04e-06
571410 9.058e-05
571420 0.00050963
571430 0.00212864
571440 0.00585047
571450 0.00837792
571460 0.01311642
571470 0.0110154
571480 0.00459837
571490 0.00177559
571500 0.0003369949
571520 3.8e-06
571530 2.96936e-07
571540 1.5757498e-08
571560 3.60994e-12
571570 1.59643e-13
571580 4.57355e-15
581350 0.0
581370 1.1019e-12
581390 7.22e-11
581400 3.21e-09
581410 1.633e-06
581430 1.749e-05
581440 0.00013375
581450 0.00052633
581460 0.00209559
581470 0.00462287
581480 0.00504207
581490 0.00477063
581500 0.00210027
581510 0.00073261
581520 0.00017534
581530 3.657e-05
581540 4.88e-06
581550 4.20142e-07
581560 2.50964e-08
581570 1.10984e-09
581580 3.17954e-11
581590 5.67153e-13
581600 0.0
591390 0.0
591400 8.75e-14
591410 8.18e-12
591420 3.34e-10
591430 1.07e-08
591440 2.202e-07
591450 2.58e-06
591460 3e-05
591470 0.00077608
591490 0.0014979
591500 0.00158348
591510 0.00204696
591530 0.00038595
591540 0.00012795
591550 2.825e-05
591560 4.44e-06
591570 5.12e-07
591580 3.99e-08
591590 2.63943e-09
591600 6.69e-11
591610 4.45849e-13
591620 1.84093e-14
591630 5.04817e-16
601400 0.0
601410 0.0
601420 0.0
601430 4.31e-13
601440 2.66e-11
601450 8.62e-10
601460 3.24e-08
601470 6.44e-07
601480 5.86e-06
601490 4.303e-05
601500 0.00012255
601510 0.00025121
601520 0.00034761
601530 0.00042362
601540 0.00032636
601550 0.00017052
601560 6.525e-05
601570 2.216e-05
601590 6.5e-07
601600 4.34e-08
601610 3.09955e-09
601620 1.27982e-10
601630 3.5095e-12
601640 7.43e-14
601650 1.5167e-15
601660 8.31561e-17
611410 0.0
611430 0.0
611440 2.05e-14
611460 2.4e-12
611470 1.51e-10
611480 7.6065e-08
611500 7.98e-07
611510 4.39e-06
611520 1.587999e-05
611530 4.891e-05
611540 9.016e-05
611550 0.00011012
611560 9.76e-05
611570 6.3e-05
611580 3.03e-05
611590 1.306e-05
611600 2.16e-06
611610 4.02e-07
611620 4.31e-08
611630 3.391e-09
611650 7.05848e-12
611660 3.86994e-13
611670 1.3703409e-15
621430 0.0
621440 0.0
621450 0.0
621460 0.0
621470 0.0
621480 2.22e-13
621490 1.16e-11
621500 6.358e-09
621520 5.87e-08
621530 4.92e-07
621540 9.56e-06
621560 1.559e-05
621570 2.332e-05
621580 2.609e-05
621590 2.607e-05
621600 9.9e-06
621610 4.45e-06
621620 1.16e-06
621630 2.21e-07
621640 3.2e-08
621650 3.34e-09
621660 1.89613e-10
621670 9.23867e-12
621680 2.87959e-13
621690 2.44907e-15
621700 0.0
621710 4.50794e-18
631470 0.0
631490 0.0
631510 5.11e-13
631520 1.544001e-11
631530 3.59e-10
631540 4.76e-09
631550 3.93e-08
631560 2.23e-07
631570 8.35e-07
631580 2.33e-06
631590 5.61e-06
631600 1e-05
631620 3.02e-06
631630 1.37e-06
631640 5.93e-07
631660 1.77e-08
631670 2.28e-09
631680 1.92e-10
631690 1.13976e-11
631700 4.07e-13
631710 2.09792e-14
631720 7.06168e-17
641470 0.0
641490 0.0
641510 0.0
641530 1.82e-14
641540 6.76e-13
641550 1.51e-11
641560 2.38e-10
641570 2.38e-09
641580 1.77e-08
641590 1.11e-07
641600 2.41e-07
641610 6.17e-07
641620 8.54e-07
641630 9.01e-07
641640 7.03e-07
641650 4.31e-07
641660 1.898e-07
641680 9.77e-09
641690 1.48e-09
641700 1.51279e-10
641720 4.90929e-13
651510 0.0
651530 0.0
651550 0.0
651560 1.66e-14
651570 1.0308e-11
651590 1.62e-10
651600 9.6e-10
651610 6.53e-09
651620 2.28e-08
651630 6.05e-08
651640 1.12e-07
651650 1.63e-07
651660 1.24e-07
651670 9.14e-08
651680 4.58e-08
651690 1.63e-08
651700 3.88e-09
651710 7.09e-10
651720 8.89e-11
661550 0.0
661560 0.0
661570 0.0
661580 0.0
661590 1.71e-14
661600 2.74e-13
661610 4.99e-12
661620 4.75e-11
661630 3.38e-10
661640 1.61e-09
661650 5.99e-09
661660 1.11e-08
661670 1.97e-08
661680 2.32e-08
661690 1.87e-08
661700 1.03e-08
661710 4.38e-09
661720 1.34e-09
671590 0.0
671610 0.0
671620 0.0
671630 1.27e-13
671640 1.732e-12
671650 1.75e-11
671660 8.11e-11
671670 3.9e-10
671680 1.17e-09
671690 2.26e-09
671700 3e-09
671710 2.89e-09
671720 2.05e-09
681610 0.0
681620 0.0
681630 0.0
681640 0.0
681650 0.0
681660 4.51e-14
681670 5.925e-13
681680 4.78e-12
681690 2.4e-11
681700 8.18e-11
681710 1.94e-10
681720 3.35e-10
691650 0.0
691660 0.0
691670 0.0
691680 0.0
691690 1.93e-14
691700 1.75e-13
691710 1.08e-12
691720 4.91e-12
701660 0.0
701670 0.0
701680 0.0
701690 0.0
701700 0.0
701710 0.0
701720 0.0
711690 0.0
711710 0.0
711720 0.0
721710 0.0
