230660 3.30602e-16
230670 2.12419e-17
240660 8.55967e-12
240670 5.49979e-13
240680 2.4814501e-14
240700 0.0
250660 6.39e-09
250670 1.34e-09
250680 1.94e-10
250690 1.84993e-11
250700 9.4e-13
250710 3.4e-14
250720 1.22045e-15
260650 2.41e-07
260670 2.226e-07
260690 2.13e-08
260700 3.66e-09
260710 4.41e-10
260720 3.15988e-11
260730 1.6e-12
260740 4.76e-14
260750 2.13964e-15
260760 0.0
270660 6.13e-07
270670 1.04e-06
270680 1.33e-06
270690 1.2e-06
270700 6.54e-07
270710 2.49e-07
270720 5.8e-08
270730 1.0633e-08
270750 5.71579e-11
270770 4.67322e-14
280660 1.24e-07
280670 5.56e-07
280680 1.85e-06
280690 4.38e-06
280700 6.66e-06
280710 7.27e-06
280720 5.07e-06
280730 2.63e-06
280740 8.39e-07
280750 1.63e-07
280760 1.82e-08
280770 1.20995e-09
280780 4.8e-11
280790 9.57818e-13
280800 1.96e-14
280810 0.0
290660 1.55e-09
290670 2.08e-08
290680 1.4672e-06
290700 1.992e-05
290720 2.726e-05
290730 3.926e-05
290740 3.649e-05
290750 2.219e-05
290760 8.33e-06
290770 1.84e-06
290780 2.65e-07
290790 2.4799e-08
290800 1.33e-09
290810 3.28e-11
290820 5.75e-13
300660 9.3e-13
300670 4.05e-11
300680 1.21e-09
300690 2.397e-08
300700 2.96e-07
300710 2.349e-06
300720 1.16e-05
300730 4.347e-05
300740 0.0001055
300750 0.00017754
300760 0.00019938
300770 0.00013488
300780 8.668e-05
300800 3.79e-06
300810 3.3e-07
300820 2.07e-08
300830 5.06e-10
300840 9.08e-12
300850 1.93495e-13
300860 0.0
310650 0.0
310670 3.44e-13
310690 2.22e-11
310700 9.09e-10
310710 2.26e-08
310720 3.37e-07
310730 3.64e-06
310740 2.424e-05
310750 0.00011035
310760 0.00033841
310770 0.00062046
310780 0.00090325
310790 0.00088523
310800 0.00050182
310810 0.00014615
310820 3.148e-05
310830 2.88e-06
310840 1.96e-07
310850 5.00981e-09
310860 7.093589e-11
320660 0.0
320670 0.0
320680 0.0
320690 0.0
320700 1.25e-13
320710 1.022e-11
320720 4.96e-10
320730 3.6911e-07
320750 4.9647e-05
320770 0.00022653
320780 0.00092761
320790 0.002494
320800 0.00390462
320810 0.00339875
320820 0.00230605
320830 0.00073748
320840 0.00018164
320850 1.722e-05
320860 9.03e-07
320870 3.19988e-08
320880 7.11e-10
320890 8.76712e-12
320900 7.88994e-13
330690 0.0
330710 0.0
330720 3.18e-14
330730 3.64e-12
330740 2.466e-10
330750 1.14e-08
330760 3.5e-07
330770 5.54e-06
330780 7.153e-05
330790 0.00055844
330800 0.00236894
330810 0.00562827
330820 0.01061077
330830 0.0104146
330840 0.00836146
330850 0.00272403
330860 0.00051116
330870 6.447e-05
330880 5.05e-06
330890 2.26991e-07
330900 2.0428e-08
330910 4.82771e-11
330920 1.85384e-12
340720 0.0
340730 0.0
340740 0.0
340750 1.18e-12
340760 1.27e-10
340770 6.785e-09
340780 3.07e-07
340790 7.875e-06
340800 0.00010219
340810 0.00072476
340820 0.00387414
340830 0.01096969
340840 0.0258918
340850 0.0249014
340860 0.0148933
340870 0.00615414
340880 0.00159858
340890 0.00024518
340900 2.26596e-05
340910 1.24995e-06
340920 4.79981e-08
340930 2.59538e-10
340940 1.46e-11
340950 1.00885e-12
340960 0.0
350750 0.0
350770 3.594e-13
350780 5.95e-11
350790 5.35e-09
350800 2.32e-07
350810 5.5e-06
350820 9.474e-05
350830 0.00086928
350840 0.00641954
350850 0.0176301
350860 0.0301752
350870 0.0358261
350880 0.0273771
350890 0.0130411
350900 0.00381017
350910 0.00068662
350920 8.812e-05
350930 6.71974e-06
350940 3.15e-07
350950 2.61204e-08
350960 1.33e-10
350970 1.88088e-12
360770 0.0
360780 0.0
360790 1.54e-13
360800 2.31e-11
360810 1.943e-09
360820 1.16e-07
360830 3.844e-06
360840 9.479e-05
360850 0.00089571
360860 0.00480528
360870 0.0163504
360880 0.0339975
360890 0.0448775
360900 0.0367481
360910 0.0194461
360920 0.00769951
360930 0.00188501
360940 0.00029207
360950 2.89739e-05
360960 1.42e-06
360970 4.86981e-08
360980 8.55e-10
360990 4.92669e-12
361000 5.62e-14
370790 0.0
370810 2.86e-14
370830 7.69e-10
370840 7.07e-08
370850 2.44e-06
370860 4.624e-05
370870 0.00051996
370880 0.00329232
370890 0.0123989
370900 0.02726428
370910 0.0384224
370920 0.0414233
370930 0.0289095
370940 0.0134461
370950 0.00419495
370960 0.00066912
370970 7.648e-05
370980 4.57e-06
370990 1.27558e-07
371000 3.83e-09
371010 0.0
371020 0.0
371030 0.0
380830 0.0
380840 2.25e-12
380850 2.94e-10
380860 2.09e-08
380870 8.41e-07
380880 1.799e-05
380890 0.00022123
380900 0.00146972
380910 0.00595737
380920 0.0176031
380930 0.03258
380940 0.0408301
380950 0.0353842
380960 0.0164629
380970 0.00577034
380980 0.0011015
380990 0.000141492
381000 1.091e-05
381010 4.48e-12
381020 3.89e-14
381030 4.99303e-16
381040 0.0
381050 0.0
381060 2.22644e-13
381070 3.2914e-14
390850 0.0
390870 5.92e-11
390880 4.49e-09
390890 1.928e-07
390900 4.25e-06
390910 5.566e-05
390920 0.00051163
390930 0.00282182
390940 0.00989883
390950 0.0231383
390960 0.02866692
390970 0.0272466
390980 0.01473011
390990 0.00581195
391000 0.00144242
391010 6.26e-06
391020 2.85e-07
391030 1e-08
391040 2.56e-10
391050 1.29819e-13
391060 5.76451e-09
391070 8.52182e-10
391080 2.86959e-13
391090 1.25585e-14
400870 0.0
400880 4.65e-14
400890 7.18e-12
400900 5.47e-10
400910 2.44e-08
400920 7.55e-07
400930 1.367e-05
400940 0.00015243
400950 0.00108545
400960 0.01409463
400980 0.0147413
400990 0.0159653
401000 0.0112388
401010 0.00446744
401020 0.00092962
401030 0.00016912
401040 2.158e-05
401050 2.6e-06
401060 6.39424e-06
401070 9.45276e-07
401080 7.42971e-09
401090 3.25154e-10
401100 7.64e-13
401110 2.50474e-14
410890 0.0
410900 0.0
410910 4.5e-13
410920 4.83e-11
410930 3.011e-09
410940 1.138e-07
410950 2.698e-06
410960 3.135e-05
410970 0.0002568
410980 0.00110687
410990 0.00348208
411000 0.00681164
411010 0.00926256
411020 0.00835834
411040 0.00137881
411050 0.00070091
411060 0.0002994039
411080 5.38e-06
411090 3.60675e-07
411100 1.06e-08
411110 6.48508e-10
411120 8.76712e-13
411130 5.253e-14
420890 0.0
420910 0.0
420920 0.0
420930 3.6374e-12
420950 2.96e-10
420960 1.18e-08
420970 3.25e-07
420980 4.61e-06
420990 4.769e-05
421000 0.00029372
421010 0.00011344
421020 0.00023113
421030 0.00044798
421040 0.00055564
421050 0.00076913
421060 0.00064713
421070 0.00050683
421080 0.00019676
421090 5.226e-05
421100 6.35e-06
421110 7.19351e-07
421120 2.405916e-08
421140 1.49e-11
421150 1.61417e-13
421160 0.0
430930 0.0
430950 0.0
430970 1.77e-11
430980 8.66e-10
430990 6.9744e-07
431010 9.98e-10
431020 1.02e-08
431030 6.94e-07
431050 3.76e-06
431060 0.00013395
431070 0.00037564
431080 0.00048819
431090 0.0004412
431100 0.00019596
431110 8.205e-05
431120 9.45e-06
431130 1.50864e-06
431140 8.2e-08
431150 4.17927e-09
431160 1.38e-10
431170 9.84853e-13
431180 3.8455612e-14
440950 0.0
440960 0.0
440970 0.0
440980 0.0
440990 8.78e-13
441000 6.64e-11
441010 0.0
441020 0.0
441030 1.04e-14
441040 3.12e-13
441050 1.7300112e-06
441070 2.025e-05
441080 9.591e-05
441090 0.0007059
441110 0.00055976
441120 0.00020802
441130 0.00011039
441140 2.038e-05
441150 4.63582e-06
441160 3.8e-07
441170 2.5499e-08
441180 9.72962e-10
441190 2.26991e-11
441200 2.61e-13
441210 4.44149e-15
441220 0.0
441240 0.0
450990 0.0
451010 0.0
451020 0.0
451030 0.0
451040 0.0
451050 0.0
451060 1.072e-09
451070 5.86e-08
451080 1.168e-06
451090 1.352e-05
451100 7.008e-05
451110 0.00029906
451120 0.00032737
451130 0.0005078
451140 0.00028014
451150 0.00023897
451170 1.061e-05
451180 1.39e-06
451190 1.1895e-07
451210 1.14996e-10
451220 1.5e-12
451230 0.0
451240 0.0
460990 0.0
461010 0.0
461020 0.0
461040 0.0
461050 0.0
461060 7.5681e-12
461080 6.79e-10
461090 3.36e-08
461100 7.15e-07
461110 1.12e-05
461120 3.996e-05
461130 0.0001854
461140 0.0002877
461150 0.00052265
461160 0.00036981
461170 0.00023355
461180 9.625e-05
461190 2.587e-05
461200 4.06e-06
461210 3.773e-07
461230 4.87e-10
461240 0.0
461250 0.0
461280 0.0
461290 0.0
461300 0.0
471030 0.0
471050 0.0
471060 0.0
471070 0.0
471080 1.67e-14
471090 3.69e-12
471100 3.451e-10
471110 2.181e-08
471120 4.82e-06
471140 2.218e-05
471150 0.00011398
471160 0.00021856
471170 0.00036754
471180 0.00042034
471190 0.00032752
471200 0.00016642
471210 5.19e-05
471220 9.72e-06
471230 1.01e-06
471240 1.2e-11
471250 8.1e-13
471260 4.58e-14
471270 0.0
471280 0.0
471290 4.21411e-17
471300 7.69e-11
471310 1.37493e-12
481050 0.0
481060 0.0
481070 0.0
481080 0.0
481090 0.0
481100 0.0
481110 1.86e-12
481120 9.46e-11
481130 5.56e-09
481140 9.52e-08
481150 1.558e-06
481160 9.16e-06
481170 4.486e-05
481180 0.00045781
481200 0.00045723
481210 0.00043816
481220 0.00036752
481240 3.5e-06
481250 8.93e-07
481260 1.93e-07
481270 3.8e-08
481280 6.24e-09
481290 8.44e-10
481300 7.5e-07
481310 3.55986e-08
481320 9.69e-10
481330 1.04279e-11
481340 8.37e-14
481360 0.0
491070 0.0
491090 0.0
491110 0.0
491120 0.0
491130 2.939e-13
491140 1.846e-11
491150 1.029e-09
491160 2.019999e-08
491170 3.205e-07
491180 3.371e-06
491190 2.216e-05
491200 9.96999e-05
491210 0.00028639
491220 0.000515859
491230 0.00059544
491240 0.00063048
491250 0.00051566
491260 0.000376
491270 0.00026004
491280 0.00025571
491300 0.000321969
491310 5.258e-05
491320 5.44999e-06
491340 6.91e-09
491350 4.24839e-11
491360 5.67e-13
501110 0.0
501120 0.0
501130 0.0
501140 0.0
501150 1.9787e-12
501170 1.06e-10
501180 3.88e-09
501190 1.4568e-06
501210 1.343e-05
501220 7.79e-05
501230 0.00028034
501240 0.00052791
501250 0.00093159
501260 0.00151176
501270 0.00246614
501280 0.004283
501290 0.0069134
501300 0.00728508
501310 0.0037414
501320 0.00124764
501330 0.00024228
501340 2.486996e-05
501360 2.99e-08
501370 4.07e-10
501380 3.7449677e-12
511130 0.0
511150 0.0
511170 0.0
511180 1.922e-13
511190 1.53e-11
511200 9e-10
511210 7.404e-07
511230 9.12e-06
511240 1.719999e-06
511250 5.33e-05
511270 0.00018961
511280 0.00084014
511290 0.00333507
511300 0.01175745
511310 0.0167696
511320 0.01668453
511330 0.0108369
511340 0.0037606
511350 0.00064467
511360 6.629e-05
511370 3.49e-06
511380 1.19e-07
511390 2.19991e-09
511400 1.76115e-11
511410 1.31047e-12
521150 0.0
521170 0.0
521180 0.0
521190 0.0
521200 2.51e-14
521210 3.66e-12
521220 3.01e-10
521230 1.519e-08
521240 3.19e-12
521250 6.57e-11
521260 1.14e-09
521270 1.784e-08
521280 3.02e-07
521290 4.46e-06
521300 0.00147404
521310 0.02267774
521330 0.03215009
521340 0.034371
521350 0.02624181
521370 0.00132833
521380 0.00016566
521390 1.139e-05
521400 4.55982e-07
521410 3.39296e-08
521420 2.05e-10
521430 3.65727e-12
521440 2.52562e-13
531210 0.0
531220 1.1e-12
531250 0.0
531260 0.0
531270 0.0
531280 4.87e-14
531290 2.98e-12
531300 1.086e-05
531310 0.00014181
531320 0.00119097
531330 0.00757948
531340 0.0242501
531350 0.0401432
531360 0.0435545
531370 0.0379936
531390 0.00266453
531400 0.00037374
531410 3.97061e-05
531430 9.46911e-08
531440 6.53912e-09
531450 9.92577e-12
531460 2.35592e-13
541240 0.0
541250 0.0
541260 0.0
541270 0.0
541280 0.0
541300 3.71e-09
541310 1.661e-07
541320 0.00011968
541340 0.00123653
541350 0.00656378
541360 0.0215794
541370 0.0389438
541380 0.0472389
541390 0.0346601
541400 0.015335
541410 0.00498275
541420 0.00091484
541430 0.0001050354
541440 7.25346e-06
541450 2.5699e-07
541460 6.09976e-09
541470 1.26801e-11
541490 6.08792e-14
541500 0.0
551270 0.0
551290 0.0
551310 8.48e-12
551320 9.32e-10
551330 8.3e-08
551340 6.945e-05
551360 0.00074278
551370 0.00438867
551380 0.04986125
551400 0.0421388
551410 0.0388234
551420 0.0212875
551430 0.00748069
551440 0.00169822
551450 0.00019799
551460 1.631e-05
551470 3.086e-07
551480 2.48e-08
551490 1.57623e-09
551500 3.11e-12
551510 7.82732e-14
561290 0.0
561310 0.0
561320 0.0
561330 2.55e-12
561340 4.06e-10
561350 3.09e-08
561360 1.32e-06
561370 2.924e-05
561380 0.00035892
561390 0.00247221
561400 0.00918649
561410 0.0235335
561420 0.0352064
561430 0.0335147
561440 0.02976061
561460 0.00203278
561470 0.000342311
561480 3.622842e-05
561500 5.19e-08
561510 2.02659e-09
561520 9.14e-12
561530 4.75047e-14
561540 0.0
571330 0.0
571350 6.07e-13
571370 8.81e-09
571380 4.01e-07
571390 9.99e-06
571400 0.00012735
571410 0.0010149
571420 0.00453634
571430 0.0119443
571440 0.0215965
571450 0.0200315
571460 0.01501704
571470 0.00733085
571480 0.00231404
571490 0.00037461
571500 3.984797e-05
571520 8.1e-08
571530 1.22995e-09
571540 1.68756985e-11
571560 1.24362e-15
581350 0.0
581370 1.9411e-11
581390 1.823e-09
581400 8.39e-08
581410 3.672e-05
581430 0.00028355
581440 0.00157411
581450 0.00415653
581460 0.00865417
581470 0.0112525
581480 0.00984545
581490 0.00449166
581500 0.00137597
581510 0.00026367
581520 3.172e-05
581530 1.7e-06
581540 7.9e-08
581550 1.95992e-09
581560 3.21988e-11
581570 3.27e-13
581580 0.0
581590 3.97803e-17
581600 0.0
591390 1.37e-14
591400 2.34e-12
591410 2.33e-10
591420 1.21e-08
591430 3.51e-07
591440 6.472e-06
591450 5.356e-05
591460 0.0003528
591470 0.00466716
591490 0.00407878
591500 0.00341404
591510 0.00250709
591530 0.00011417
591540 1.688e-05
591550 1.42e-06
591560 7.84e-08
591570 2.72e-09
591580 7.92e-11
591590 1.02996e-12
591600 0.0
591610 9.38507e-17
601400 0.0
601410 0.0
601420 1.79e-13
601430 1.8e-11
601440 1.18e-09
601450 3.37e-08
601460 7.52e-07
601470 9.28e-06
601480 7.47e-05
601490 0.0002736
601500 0.00067071
601510 0.00101205
601520 0.00098778
601530 0.00048582
601540 0.00020236
601550 5.184e-05
601560 8.93e-06
601570 1.0941e-06
601590 4.16e-09
601600 1.22e-10
601610 2.42991e-12
601620 3.19e-14
601630 0.0
601640 0.0
611410 0.0
611430 0.0
611440 8.82e-13
611460 7.05e-11
611470 3.02e-09
611480 1.0934e-06
611500 8.17e-06
611510 3.9e-05
611520 0.0001142799
611530 0.00016428
611540 0.00018332
611550 0.00012864
611560 6.094e-05
611570 1.971e-05
611580 5.46e-06
611590 7.65e-07
611600 7.12e-08
611610 4.6e-09
611620 1.99e-10
611630 5.563e-12
611650 0.0
611660 5.75463e-18
621430 0.0
621440 0.0
621450 0.0
621460 0.0
621470 4.04e-14
621480 4.01e-12
621490 1.73e-10
621500 8.295e-08
621520 7.7e-07
621530 3.69e-06
621540 3.76e-05
621560 3.256e-05
621570 2.806e-05
621580 2.041e-05
621590 8.01e-06
621600 2.13e-06
621610 4.14e-07
621620 5.59e-08
621630 4.94e-09
621640 2.14e-10
621650 7.38e-12
621660 1.48994e-13
621670 0.0
621680 0.0
621700 0.0
631470 0.0
631490 0.0
631510 6.88e-12
631520 2.4e-10
631530 4.22e-09
631540 4.55e-08
631550 3.08e-07
631560 1.22e-06
631570 3.08e-06
631580 6.07e-06
631590 6.4e-06
631600 6.72e-06
631620 8.57e-07
631630 2.21e-07
631640 3.237e-08
631660 2.06e-10
631670 6.91e-12
631680 1.73e-13
631690 0.0
631700 0.0
641470 0.0
641490 0.0
641510 0.0
641530 2.03e-13
641540 7.53e-12
641550 1.79e-10
641560 2.37e-09
641570 1.95e-08
641580 1.18e-07
641590 3.75e-07
641600 7.25e-07
641610 9.98e-07
641620 9.730001e-07
641630 6.55e-07
641640 2.34e-07
641650 7.17e-08
641660 1.528e-08
641680 1.17e-10
641690 5.66e-12
641700 2.19e-13
641720 0.0
651510 0.0
651530 0.0
651550 0.0
651560 2.022e-13
651570 1.189e-10
651590 1.19e-09
651600 7.18e-09
651610 2.98e-08
651620 8.38e-08
651630 1.54e-07
651640 1.45e-07
651650 1.16e-07
651660 5.89e-08
651670 1.77e-08
651680 4.06e-09
651690 5.91e-10
651700 7.15e-11
651710 5.67e-12
651720 3.87e-13
661550 0.0
661560 0.0
661570 0.0
661580 0.0
661590 1.68e-13
661600 3.36e-12
661610 4.53e-11
661620 4.05e-10
661630 2.31e-09
661640 6.44e-09
661650 1.454e-08
661660 1.99e-08
661670 1.6e-08
661680 9.58e-09
661690 3.72e-09
661700 1.26e-09
661710 2.93e-10
661720 6.13e-11
671590 0.0
671610 0.0
671620 8.92e-14
671630 1.67e-12
671640 1.507e-11
671650 1.07e-10
671660 4.47e-10
671670 1.08e-09
671680 1.79e-09
671690 1.84e-09
671700 1.622e-09
671710 9.88e-10
671720 5.6e-10
681610 0.0
681620 0.0
681630 0.0
681640 0.0
681650 3.65e-14
681660 4.99e-13
681670 3.977e-12
681680 2.05e-11
681690 6.34e-11
681700 1.6e-10
681710 2.65e-10
681720 3.95e-10
691650 0.0
691660 0.0
691670 0.0
691680 1.12e-14
691690 1.13e-13
691700 8.98e-13
691710 4.58e-12
691720 2.01e-11
701660 0.0
701670 0.0
701680 0.0
701690 0.0
701700 0.0
701710 0.0
701720 5.48e-14
711690 0.0
711710 0.0
711720 0.0
721710 0.0
