230660 2.37992e-14
230670 3.32786e-15
230680 4.29596e-16
240660 1.17977e-10
240670 1.64967e-11
240680 2.2088435e-12
240700 0.0
250660 1.94001e-08
250670 6.98003e-09
250680 2.29001e-09
250690 3.92922e-10
250700 5.46002e-11
250710 4.88002e-12
250720 2.33958e-13
250730 2.96482e-14
260650 2.77001e-07
260670 4.33002e-07
260690 8.34004e-08
260700 2.92001e-08
260710 6.82003e-09
260720 1.15977e-09
260730 1.46971e-10
260740 1.03e-11
260750 5.92963e-13
260760 2.23001e-14
270660 4.16002e-07
270670 8.18003e-07
270680 1.46001e-06
270690 1.51001e-06
270700 1.26001e-06
270710 7.33003e-07
270720 3.09001e-07
270730 1.207001e-07
270750 3.217421e-09
270770 7.34145e-12
270780 9.41884e-13
270790 3.74329e-13
280660 6.87003e-08
280670 3.09001e-07
280680 1.22001e-06
280690 2.82001e-06
280700 5.21002e-06
280710 7.05003e-06
280720 6.92003e-06
280730 5.58002e-06
280740 2.58001e-06
280750 1.01e-06
280760 2.49001e-07
280770 3.63928e-08
280780 4.66908e-09
280790 1.85561e-09
280800 2.50001e-11
280810 1.6343701e-12
290660 9.57004e-10
290670 1.17e-08
290680 6.934025e-07
290700 9.700042e-06
290720 1.57501e-05
290730 2.89701e-05
290740 3.13301e-05
290750 2.88801e-05
290760 1.75401e-05
290770 6.63003e-06
290780 2.25001e-06
290790 6.78147e-07
290800 8.98004e-08
290810 8.03841e-09
290820 3.75002e-10
290830 1.61956e-11
290840 1.06491e-12
300660 1.16e-12
300670 3.72002e-11
300680 8.51004e-10
300690 1.157001e-08
300700 1.13e-07
300710 8.180034e-07
300720 3.99002e-06
300730 1.66501e-05
300740 4.03702e-05
300750 8.20003e-05
300760 0.00011423
300770 0.00010417
300780 0.0001556307
300800 2.39901e-05
300810 5.86002e-06
300820 7.77003e-07
300830 8.02841e-08
300840 5.27896e-09
300850 1.23231e-10
300860 4.52002e-12
310650 0.0
310670 5.11002e-13
310690 1.81001e-11
310700 4.48002e-10
310710 8.26004e-09
310720 8.91004e-08
310730 9.930041e-07
310740 5.69002e-06
310750 2.59901e-05
310760 8.16803e-05
310770 0.000170681
310780 0.000333071
310790 0.000608413
310800 0.000537852
310810 0.000338311
310820 0.000121661
310830 3.40301e-05
310840 6.30003e-06
310850 6.10879e-07
310860 4.3861737e-08
310880 6.45402e-11
310890 1.1918e-11
320660 0.0
320670 0.0
320680 0.0
320690 0.0
320700 1.32001e-13
320710 6.44002e-12
320720 1.77001e-10
320730 7.8689322e-08
320750 6.9731333e-06
320770 3.089011e-05
320780 0.000140721
320790 0.000590392
320800 0.00121236
320810 0.00183002
320820 0.00165321
320830 0.00117612
320840 0.000582892
320850 0.000151181
320860 2.98801e-05
320870 3.27935e-06
320880 3.19937e-07
320890 5.90795e-08
320900 2.82211e-10
320910 4.80738e-11
330690 0.0
330710 0.0
330720 2.56001e-14
330730 1.92001e-12
330740 7.45004e-11
330750 2.09001e-09
330760 4.06002e-08
330770 5.25002e-07
330780 6.02003e-06
330790 6.17203e-05
330800 0.000310591
330810 0.00110157
330820 0.00238366
330830 0.0038872
330840 0.00487622
330850 0.00315347
330860 0.00164246
330870 0.000477122
330880 0.000125411
330890 2.1591e-05
330900 1.39897e-06
330910 2.3831e-07
330920 1.99873e-09
330930 7.27025e-11
330940 8.26922e-12
340720 0.0
340730 0.0
340740 0.0
340750 3.93002e-13
340760 2.03001e-11
340770 7.163032e-10
340780 2.16001e-08
340790 5.775022e-07
340800 7.62003e-06
340810 6.899032e-05
340820 0.000376632
340830 0.001509081
340840 0.00370585
340850 0.00665687
340860 0.00845413
340870 0.00606661
340880 0.00403131
340890 0.00185785
340900 0.000511263
340910 8.7092e-05
340920 9.90804e-06
340930 3.60399e-07
340940 4.09919e-08
340950 4.00846e-10
340960 3.09001e-11
350750 0.0
350770 5.99003e-14
350780 5.73002e-12
350790 4.163022e-10
350800 1.517011e-08
350810 3.71002e-07
350820 1.731007e-06
350830 5.72602e-05
350840 0.0004328314
350850 0.00158214
350860 0.00481952
350870 0.00911808
350880 0.0106034
350890 0.0132119
350900 0.00995531
350910 0.00445679
350920 0.00133518
350930 0.00013171
350940 4.18902e-05
350950 1.98706e-06
350960 2.52001e-07
350970 3.02129e-09
350980 2.48076e-10
350990 7.91732e-11
360770 0.0
360780 0.0
360790 2.14e-14
360800 2.19001e-12
360810 1.50501e-10
360820 6.36003e-09
360830 1.742011e-07
360840 3.76002e-06
360850 3.638012e-05
360860 0.000292311
360870 0.000827624
360880 0.00557199
360890 0.012629
360900 0.0187712
360910 0.0209268
360920 0.0157815
360930 0.00720586
360940 0.00333617
360950 0.000726186
360960 0.000149271
360970 1.4977e-05
360980 1.22976e-06
360990 3.92475e-07
361000 2.41001e-09
361010 1.24024e-10
361020 1.38062e-11
370790 0.0
370810 0.0
370830 4.06002e-11
370840 2.50001e-09
370850 6.65003e-08
370860 1.290006e-07
370870 1.89501e-05
370880 0.000150171
370890 0.00111077
370900 0.004339982
370910 0.0127636
370920 0.0189465
370930 0.0265928
370940 0.0243394
370950 0.0144359
370960 0.00708211
370970 0.00191797
370980 0.000413652
370990 0.000143433
371000 5.83002e-06
371010 6.14809e-07
371020 6.84394e-08
371030 3.29322e-10
371040 2.86397e-11
380830 0.0
380840 1.19001e-13
380850 8.89004e-12
380860 5.74002e-10
380870 2.022011e-08
380880 4.38002e-07
380890 9.20004e-06
380900 9.21404e-05
380910 0.000694673
380920 0.00263427
380930 0.00872814
380940 0.0191788
380950 0.0280003
380960 0.0319752
380970 0.0216851
380980 0.011505
380990 0.00432032
381000 0.00106257
381010 0.000224686
381020 2.50117e-05
381030 1.6325e-06
381040 1.41972e-07
381050 5.96731e-10
381060 1.54521e-10
381070 3.49047e-11
390850 0.0
390870 1.55001e-12
390880 9.43004e-11
390890 5.450023e-09
390900 1.500006e-07
390910 3.10002e-06
390920 3.18801e-05
390930 0.000306362
390940 0.00164755
390950 0.00597769
390960 0.016180034
390970 0.0261102
390980 0.0319508
390990 0.0297451
391000 0.0166879
391010 0.00879295
391020 0.00243809
391030 0.00059661
391040 9.11404e-05
391050 2.9581e-06
391060 7.65987e-07
391070 1.73029e-07
391080 6.9179e-10
391090 5.16079e-11
391100 3.34802e-12
400870 0.0
400880 0.0
400890 2.39001e-13
400900 1.850008e-11
400910 1.13e-11
400920 6.48003e-10
400930 8.79004e-07
400940 1.27001e-05
400950 0.000120821
400960 0.004293274
400980 0.00989071
400990 0.0217012
401000 0.0273421
401010 0.0333361
401020 0.0213863
401030 0.0124846
401040 0.00465381
401050 0.00108106
401060 0.000279935
401070 6.32344e-05
401080 3.42932e-06
401090 2.55829e-07
401100 1.65967e-08
401110 1.4186e-10
401120 3.16253e-11
401130 1.06948e-11
410890 0.0
410900 0.0
410910 2.87001e-14
410920 2.31001e-12
410930 1.797011e-10
410940 7.23003e-09
410950 1.988011e-07
410960 1.08e-06
410970 3.947012e-05
410980 0.0003025212
410990 0.001679451
411000 0.00494822
411010 0.0140193
411020 0.0468749
411040 0.0225776
411050 0.0128512
411060 0.00819696
411080 0.000439392
411090 9.34945e-05
411100 1.37801e-05
411110 7.03223e-07
411120 1.56772e-07
411130 5.3016e-08
411140 1.21416e-10
411150 2.22957e-11
411160 5.40524e-13
420890 0.0
420910 0.0
420920 0.0
420930 2.92001e-13
420950 2.34001e-11
420960 1.21001e-09
420970 3.69002e-08
420980 7.57003e-07
420990 1.134e-05
421000 8.41104e-05
421010 0.000602443
421020 0.00207894
421030 0.00630619
421040 0.0119574
421050 0.0162141
421060 0.014325
421070 0.00954927
421080 0.00497202
421090 0.00248508
421100 0.000899924
421110 0.000256998
421120 7.66684e-05
421140 6.01881e-07
421150 1.10524e-07
421160 2.67947e-09
421170 4.27286e-11
421180 1.15106e-11
430930 0.0
430950 0.0
430970 2.47002e-12
430980 1.39001e-10
430990 1.18753023e-07
431010 2.14001e-06
431020 1.866008e-05
431030 0.000819164
431050 0.00224221
431060 0.0036205
431070 0.00513951
431080 0.00599924
431090 0.00660341
431100 0.00547468
431110 0.00359846
431120 0.00189202
431130 0.000583594
431140 0.000124681
431150 4.03916e-05
431160 3.46001e-06
431170 2.11813e-07
431180 5.7584589e-08
431200 5.82879e-11
431210 8.31782e-12
440950 0.0
440960 0.0
440970 0.0
440980 0.0
440990 2.09001e-13
441000 1.1e-11
441010 5.56002e-10
441020 1.31001e-08
441030 2.64001e-07
441040 3.04001e-06
441050 0.0001173905
441070 0.000285531
441080 0.000789503
441090 0.005627088
441110 0.00519953
441120 0.00611594
441130 0.00450411
441140 0.00220356
441150 0.00121663
441160 0.000344431
441170 7.74085e-05
441180 2.0853e-05
441190 2.59949e-06
441200 2.88943e-07
441210 4.12329e-08
441220 1.09e-09
441230 3.67073e-11
441240 9.42004e-13
450990 0.0
451010 0.0
451020 6.56002e-13
451030 3.500011e-11
451040 1.080005e-09
451050 8.52003e-09
451060 1.732008e-07
451070 1.35001e-06
451080 9.48004e-06
451090 5.69602e-05
451100 0.000257922
451110 0.000853964
451120 0.00218099
451130 0.00371508
451140 0.00402818
451150 0.00807572
451170 0.00161985
451180 0.00101657
451190 0.0003823513
451210 1.50688e-05
451220 1.99001e-06
451230 1.81964e-07
451240 1.21001e-08
451250 2.64212e-10
451260 2.1984e-11
451270 4.4314e-12
460990 0.0
461010 0.0
461020 0.0
461040 2.70001e-14
461050 1.92001e-12
461060 5.061021e-10
461080 8.87004e-09
461090 1.354001e-07
461100 1.57001e-06
461110 1.283001e-05
461120 8.03403e-05
461130 0.000318751
461140 0.000816143
461150 0.00223024
461160 0.00300019
461170 0.00351205
461180 0.00471534
461190 0.003105
461200 0.00191028
461210 0.001125415
461230 6.44203e-05
461240 1.11e-05
461250 1.418718e-06
461270 2.19672e-08
461280 3.42001e-10
461290 3.71632e-11
461300 1.34001e-12
471030 0.0
471050 0.0
471060 0.0
471070 1.11e-14
471080 5.95002e-13
471090 2.47002e-11
471100 7.27004e-10
471110 1.521011e-08
471120 2.684012e-06
471140 1.56901e-05
471150 9.87404e-05
471160 0.000313622
471170 0.000818784
471180 0.0024281
471190 0.0034341
471200 0.00454572
471210 0.0045202
471220 0.00332736
471230 0.00188021
471240 0.000800773
471250 0.000244391
471260 5.24302e-05
471270 8.02806e-06
471280 1.1e-06
471290 1.84224e-07
471300 2.06001e-08
471310 5.374987e-10
481050 0.0
481060 0.0
481070 0.0
481080 0.0
481090 0.0
481100 2.37001e-14
481110 1.291001e-12
481120 4.98002e-11
481130 1.430011e-09
481140 2.40001e-08
481150 3.721012e-07
481160 2.94001e-06
481170 1.869011e-05
481180 0.000540913
481200 0.00120551
481210 0.00277848
481220 0.00974155
481240 0.0053356
481250 0.00392977
481260 0.00204631
481270 0.000782673
481280 0.000266451
481290 6.7326e-05
481300 2.28001e-05
481310 2.5095e-06
481320 1.54969e-07
481330 2.34362e-09
481340 1.08e-10
481350 1.63714e-11
481360 1.26001e-14
491070 0.0
491090 0.0
491110 0.0
491120 0.0
491130 5.27002e-14
491140 2.670012e-12
491150 1.034004e-10
491160 2.12001e-09
491170 3.888012e-08
491180 5.529024e-07
491190 4.483022e-06
491200 3.108e-05
491210 0.0001621711
491220 0.000604164
491230 0.001768671
491240 0.00389918
491250 0.00654831
491260 0.00775462
491270 0.00686544
491280 0.00833446
491300 0.001956969
491310 0.000590452
491320 0.0001136777
491340 6.55003e-07
491350 8.11559e-08
491360 6.48003e-10
491370 2.60178e-11
501110 0.0
501120 0.0
501130 0.0
501140 0.0
501150 1.09e-13
501170 5.20002e-12
501180 1.86001e-10
501190 6.8679312e-08
501210 8.50004e-07
501220 7.82003e-06
501230 5.67002e-05
501240 0.000301281
501250 0.001218265
501260 0.00327246
501270 0.00663156
501280 0.01130158
501290 0.01203247
501300 0.01529976
501310 0.01174756
501320 0.00534127
501330 0.00173163
501340 0.00032177
501360 2.33001e-06
501370 1.28975e-07
501380 1.9364879e-08
501400 2.60104e-11
511130 0.0
511150 0.0
511170 0.0
511180 0.0
511190 2.28001e-13
511200 9.90004e-12
511210 8.245031e-09
511230 1.49001e-07
511240 2.040009e-06
511250 0.0001217806
511270 0.000665823
511280 0.00237748
511290 0.0055599
511300 0.01302813
511310 0.0248983
511320 0.0265067
511330 0.0225262
511340 0.01059864
511350 0.00296443
511360 0.000621553
511370 9.18104e-05
511380 3.57302e-05
511390 8.16839e-07
511400 1.28938e-07
511410 4.40652e-10
511420 4.96153e-11
521150 0.0
521170 0.0
521180 0.0
521190 0.0
521200 0.0
521210 0.0
521220 5.74002e-13
521230 2.895012e-11
521240 1.04e-09
521250 2.802012e-08
521260 2.99001e-07
521270 6.16002e-06
521280 5.29702e-05
521290 0.0002330212
521300 0.00118509
521310 0.017152754
521330 0.03100293
521340 0.0372241
521350 0.0404786
521370 0.00517219
521380 0.00506081
521390 0.000296731
521400 4.71212e-05
521410 2.18439e-06
521420 2.45951e-07
521430 1.06852e-09
521440 2.05347e-10
521450 2.35773e-11
531210 0.0
531220 0.0
531250 2.79001e-12
531260 7.93003e-11
531270 1.61001e-10
531280 9.48004e-08
531290 9.24004e-07
531300 9.55004e-06
531310 0.00011572
531320 0.001855248
531330 0.00467742
531340 0.01531609
531350 0.0256887
531360 0.0316578
531370 0.0484207
531390 0.00887151
531400 0.00349348
531410 0.00091997
531430 5.29685e-06
531440 1.01794e-06
531450 1.16876e-07
531460 6.93807e-10
531470 5.74175e-11
541240 0.0
541250 0.0
541260 0.0
541270 2.16e-13
541280 2.853021e-10
541300 5.88003e-09
541310 1.329001e-08
541320 0.00017739112
541340 0.000617662
541350 0.00334931
541360 0.00804582
541370 0.0167348
541380 0.0184537
541390 0.0253406
541400 0.0239854
541410 0.0129445
541420 0.00482163
541430 0.00193577
541440 0.000372013
541450 4.27133e-05
541460 3.43932e-06
541470 2.8992802e-07
541490 7.50916e-11
541500 1.51001e-12
551270 0.0
551290 0.0
551310 2.53001e-11
551320 1.51001e-09
551330 7.38003e-08
551340 2.87702e-05
551360 0.00021242
551370 0.00421145
551380 0.01735046
551400 0.0173037
551410 0.0249273
551420 0.0238148
551430 0.017825
551440 0.00898387
551450 0.00272945
551460 0.000581872
551470 0.000104019
551480 7.40003e-06
551490 3.72242e-07
551500 1.74001e-08
551510 9.72321e-11
551520 8.87428e-12
561290 0.0
561310 0.0
561320 3.87002e-14
561330 5.80002e-12
561340 5.03002e-10
561350 1.930008e-08
561360 4.42002e-07
561370 5.60002e-06
561380 4.18302e-05
561390 0.00271478
561400 0.00137531
561410 0.00519248
561420 0.0110822
561430 0.0174886
561440 0.0379709
561460 0.00851559
561470 0.00313316
561480 0.000931251
561500 1.44501e-05
561510 4.81996e-07
561520 4.39913e-08
561530 3.65056e-10
561540 2.72001e-11
561550 1.57439e-12
571330 0.0
571350 9.89004e-13
571370 2.21001e-09
571380 4.34002e-08
571390 8.66004e-07
571400 4.12102e-05
571410 7.98503e-05
571420 0.000462402
571430 0.0018791
571440 0.00588549
571450 0.0106205
571460 0.01312348
571470 0.012274
571480 0.00764972
571490 0.00336439
571500 0.001119843
571520 2.17601e-05
571530 1.80964e-06
571540 1.078045e-07
571560 4.75984e-11
571570 2.76313e-12
571580 7.84567e-14
581350 0.0
581370 3.3014103e-12
581390 1.720011e-10
581400 5.92003e-09
581410 1.79001e-06
581430 1.81601e-05
581440 0.000156511
581450 0.000730823
581460 0.0021868
581470 0.00517747
581480 0.00791811
581490 0.00858326
581500 0.00574093
581510 0.00270943
581520 0.000870374
581530 0.000189941
581540 2.75201e-05
581550 2.85221e-06
581560 2.35953e-07
581570 1.36973e-08
581580 3.88923e-10
581590 5.02204e-12
581600 1.43001e-13
591390 0.0
591400 1.84001e-13
591410 1.1e-11
591420 4.59002e-10
591430 1.23001e-08
591440 3.308011e-07
591450 4.35002e-06
591460 3.56702e-05
591470 0.001109655
591490 0.00246703
591500 0.00384473
591510 0.00772185
591530 0.00178554
591540 0.000631833
591550 0.000161081
591560 3.42501e-05
591570 5.11002e-06
591580 3.87002e-07
591590 2.48951e-08
591600 1.02e-09
591610 7.765e-12
591620 5.10271e-13
591630 1.92007e-14
601400 0.0
601410 0.0
601420 0.0
601430 7.00003e-13
601440 5.18002e-11
601450 1.94001e-09
601460 4.44002e-08
601470 7.94003e-07
601480 8.96004e-06
601490 6.27903e-05
601500 0.000270471
601510 0.000768403
601520 0.00145736
601530 0.00174185
601540 0.00147075
601550 0.000855404
601560 0.000435552
601570 0.0001866611
601590 4.89002e-06
601600 5.33002e-07
601610 3.84924e-08
601620 2.5295e-09
601630 9.51812e-11
601640 2.80001e-12
601650 4.69933e-14
601660 3.93046e-15
611410 0.0
611430 0.0
611440 6.15003e-14
611460 3.99002e-12
611470 6.05003e-10
611480 1.6299103e-07
611500 2.52001e-07
611510 1.27401e-05
611520 6.38403e-05
611530 0.000198131
611540 0.000381422
611550 0.000502382
611560 0.000586212
611570 0.000475312
611580 0.000214321
611590 8.24804e-05
611600 2.23701e-05
611610 4.03002e-06
611620 6.77003e-07
611630 7.085032e-08
611650 2.32954e-10
611660 1.9484e-11
611670 1.0255841e-13
611690 4.59104e-16
621430 0.0
621440 0.0
621450 0.0
621460 0.0
621470 0.0
621480 3.89002e-13
621490 2.29001e-11
621500 1.7562103e-08
621520 2.34001e-07
621530 1.95001e-06
621540 4.028014e-05
621560 8.64704e-05
621570 0.000161001
621580 0.000167221
621590 0.000144321
621600 9.07104e-05
621610 3.79302e-05
621620 1.51701e-05
621630 3.62002e-06
621640 6.67003e-07
621650 8.02003e-08
621660 7.12054e-09
621670 4.87904e-10
621680 2.0496e-11
621690 2.27586e-12
621700 1.37001e-14
621710 5.06446e-16
631470 0.0
631490 0.0
631510 1.59001e-12
631520 6.40002e-11
631530 1.39001e-09
631540 1.950008e-08
631550 1.61001e-07
631560 9.69004e-07
631570 5.42002e-06
631580 1.38601e-05
631590 2.79501e-05
631600 7.93804e-05
631620 3.45401e-05
631630 1.88001e-05
631640 1.018004e-05
631660 5.02002e-07
631670 8.46004e-08
631680 9.14004e-09
631690 8.31727e-10
631700 4.08002e-11
631710 2.51054e-12
631720 1.62964e-14
641470 0.0
641490 0.0
641510 0.0
641530 7.55003e-14
641540 2.90001e-12
641550 6.35003e-11
641560 1.01e-09
641570 1.53001e-08
641580 1.01e-07
641590 5.12002e-07
641600 1.88001e-06
641610 4.21002e-06
641620 8.76004e-06
641630 1.08e-05
641640 9.96004e-06
641650 6.49003e-06
641660 4.54002e-06
641680 3.32001e-07
641690 7.52003e-08
641700 1.0047533e-08
641720 8.0784e-11
651510 0.0
651530 0.0
651550 0.0
651560 7.28003e-14
651570 5.909022e-11
651590 7.36003e-10
651600 2.11001e-07
651610 4.14002e-08
651620 2.16e-07
651630 6.44003e-07
651640 1.37001e-06
651650 2.06001e-06
651660 2.34001e-06
651670 1.99001e-06
651680 1.18001e-06
651690 6.16003e-07
651700 1.73001e-07
651710 4.26002e-08
651720 9.13004e-09
661550 0.0
661560 0.0
661570 0.0
661580 0.0
661590 7.75003e-14
661600 2.09001e-12
661610 3.11001e-11
661620 4.27002e-10
661630 3.30001e-09
661640 1.73001e-08
661650 6.430032e-08
661660 1.77001e-07
661670 3.44001e-07
661680 4.65002e-07
661690 5.48002e-07
661700 3.38001e-07
661710 1.89001e-07
661720 9.20004e-08
671590 0.0
671610 0.0
671620 6.17002e-14
671630 1.2686104e-12
671640 1.707011e-11
671650 1.65001e-10
671660 1.149005e-09
671670 5.56002e-09
671680 1.85001e-08
671690 5.22002e-08
671700 7.32004e-08
671710 9.30004e-08
671720 9.96004e-08
681610 0.0
681620 0.0
681630 0.0
681640 0.0
681650 3.11001e-14
681660 5.74002e-13
681670 7.107032e-12
681680 6.14003e-11
681690 4.42002e-10
681700 1.52001e-09
681710 4.70002e-09
681720 1.17e-08
691650 0.0
691660 0.0
691670 0.0
691680 1.51001e-14
691690 2.84001e-13
691700 2.51001e-12
691710 2.01001e-11
691720 1.24001e-10
701660 0.0
701670 0.0
701680 0.0
701690 0.0
701700 0.0
701710 0.0
701720 1.02e-13
711690 0.0
711710 0.0
711720 0.0
721710 0.0
