230660 1.21718e-13
230670 2.35751e-14
240660 3.70878e-10
240670 6.62764e-11
240680 5.281963e-12
240700 1.17e-14
250660 6.45e-08
250670 2.82e-08
250680 5.22e-09
250690 6.89688e-10
250700 7.68e-11
250710 5.58e-12
250720 4.39627e-13
260650 1.16e-06
260670 1.7e-06
260690 1.66e-07
260700 4.55e-08
260710 8.2e-09
260720 1.33956e-09
260730 1.12e-10
260740 7.06e-12
260750 6.7818e-13
260760 0.0
270660 2.51e-06
270670 5.62e-06
270680 5.55e-06
270690 4.07e-06
270700 2.61e-06
270710 1.13e-06
270720 4.49e-07
270730 1.069e-07
270750 1.62232e-09
270770 6.64938e-12
270780 5.80701e-13
280660 7.04e-07
280670 3.44e-06
280680 7.37e-06
280690 1.177e-05
280700 1.67e-05
280710 1.631e-05
280720 1.503e-05
280730 7.31e-06
280740 2.77e-06
280750 7.19e-07
280760 1.46e-07
280770 1.86934e-08
280780 1.76942e-09
280790 8.2738e-11
280800 2.87e-12
280810 0.0
290660 2.29e-08
290670 2.58e-07
290680 5.645e-06
290700 4.241e-05
290720 5.805e-05
290730 6.295e-05
290740 5.444e-05
290750 3.369e-05
290760 1.633e-05
290770 5.2e-06
290780 1.24e-06
290790 1.82917e-07
290800 1.41e-08
290810 9e-10
290820 3.5e-11
300660 7.47e-11
300670 2.05e-09
300680 2.37e-08
300690 1.955e-07
300700 1.38e-06
300710 6.551e-06
300720 2.896e-05
300730 6.815e-05
300740 0.00012807
300750 0.00017809
300760 0.00019407
300770 0.00014551
300780 0.00011441
300800 6.3e-06
300810 1.12e-06
300820 1.23e-07
300830 6.45e-09
300840 1.83e-10
300850 1.65476e-11
300860 5.2e-14
310650 2.23e-14
310670 4.533e-11
310690 8.87e-10
310700 1.52e-08
310710 1.71e-07
310720 1.75e-06
310730 9.35e-06
310740 3.899e-05
310750 0.00012072
310760 0.00028518
310770 0.00047609
310780 0.00061841
310790 0.00054515
310800 0.00027576
310810 0.00013085
310820 3.919e-05
310830 5.86e-06
310840 4.79e-07
310850 3.65835e-08
310860 1.1368931e-09
320660 0.0
320670 0.0
320680 0.0
320690 3.71e-13
320700 1.58e-11
320710 4.4e-10
320720 1.1e-08
320730 1.5315e-06
320750 6.3849e-05
320770 0.00020159
320780 0.00058066
320790 0.00115682
320800 0.00136437
320810 0.00162103
320820 0.00125203
320830 0.00050872
320840 0.00011563
320850 2.438e-05
320860 1.97e-06
320870 1.59943e-07
320880 6.59e-09
320890 3.11963e-10
330690 0.0
330710 1.03e-13
330720 6.46e-12
330730 2.06e-10
330740 4.975e-09
330750 9.01e-08
330760 1.14e-06
330770 1.023e-05
330780 6.863e-05
330790 0.0003176
330800 0.00087279
330810 0.00248484
330820 0.00464345
330830 0.00476856
330840 0.00282936
330850 0.00157062
330860 0.00033379
330870 7.305e-05
330880 8.39e-06
330890 6.89688e-07
330900 9.21904e-09
330910 8.85399e-10
330920 5.11804e-11
340720 0.0
340730 2.39e-14
340740 1.63e-12
340750 7.57e-11
340760 2.38e-09
340770 5.337e-08
340780 8.83e-07
340790 1.0108e-05
340800 6.854e-05
340810 0.00048834
340820 0.00222395
340830 0.00560261
340840 0.00799852
340850 0.01114675
340860 0.00586081
340870 0.0032727
340880 0.00100545
340890 0.00021568
340900 2.80908e-05
340910 2.48911e-06
340920 1.55949e-07
340930 3.95605e-09
340940 2.21e-10
340960 7.11e-14
350750 0.0
350770 2.581e-11
350780 1.09e-09
350790 3.221e-08
350800 5.694e-07
350810 1.085e-05
350820 0.00012872
350830 0.00083689
350840 0.00306186
350850 0.0100602
350860 0.01245754
350870 0.0165865
350880 0.0127451
350890 0.00674383
350900 0.00227561
350910 0.00052185
350920 8.399e-05
350930 8.74604e-06
350940 7.73e-07
350950 1.1848e-08
350960 1.67e-09
350970 7.85836e-11
360770 0.0
360780 1.2e-13
360790 9.38e-12
360800 4.45e-10
360810 2.366e-08
360820 7.72e-07
360830 1.385e-05
360840 0.00013608
360850 0.00113948
360860 0.00341988
360870 0.0107141
360880 0.01972
360890 0.0243306
360900 0.0199822
360910 0.0111753
360920 0.00440797
360930 0.00115066
360940 0.00024735
360950 3.33082e-05
360960 3.43e-06
360970 2.20921e-07
360980 1.09e-08
360990 4.59914e-10
361000 6.51e-12
370790 0.0
370810 4.68e-12
370830 2.22e-08
370840 6.17e-07
370850 1.401e-05
370860 0.00010889
370870 0.00086637
370880 0.00399223
370890 0.0114756
370900 0.02211103
370910 0.0285683
370920 0.0258869
370930 0.0159109
370940 0.00790921
370950 0.00257709
370960 0.00065418
370970 0.0001056
370980 1.286e-05
370990 1.01678e-06
371000 4.96e-08
371010 1.28009e-09
371020 9.4487e-11
380830 3.2e-12
380840 2.58e-10
380850 1.65e-08
380860 3.47e-07
380870 7.37e-06
380880 9.085e-05
380890 0.00065037
380900 0.00309921
380910 0.00944784
380920 0.0194087
380930 0.0268044
380940 0.029252
380950 0.0216847
380960 0.0128307
380970 0.00494883
380980 0.00143754
380990 0.000263763
381000 3.386e-05
381010 3.59872e-06
381020 2.87906e-07
381030 5.80522e-09
381040 2.01e-09
381050 3.27279e-10
381060 4.55047e-11
390850 1.73e-12
390870 5.9e-09
390880 2.03e-07
390890 3.809e-06
390900 4.79e-05
390910 0.00036763
390920 0.00181416
390930 0.00583126
390940 0.0140337
390950 0.023027
390960 0.03020794
390970 0.0261648
390980 0.01708291
390990 0.0074063
391000 0.0022314
391010 0.00055741
391020 0.00010611
391030 1.28342e-05
391040 3.02e-06
391050 7.2355e-07
391060 9.28184e-08
391070 5.69826e-10
391080 1.04001e-10
391090 2.21927e-11
400870 4.19e-13
400880 4.11e-11
400890 2.08e-09
400900 7.15e-08
400910 1.45e-06
400920 1.813e-05
400930 0.00014644
400940 0.00081249
400950 0.00309269
400960 0.026923
400980 0.0250825
400990 0.0242282
401000 0.0161959
401010 0.00898091
401020 0.00388168
401030 0.00106395
401040 0.00042603
401050 0.000187696
401060 2.60971e-05
401070 1.60195e-06
401080 3.16896e-07
401090 6.23901e-08
401100 1.06e-09
401110 8.57715e-11
410890 9.99e-14
410900 9.57e-12
410910 5.24e-10
410920 1.72e-08
410930 3.596e-07
410940 4.88e-06
410950 4.569e-05
410960 7.638e-05
410970 0.0014863
410980 0.00472909
410990 0.0102608
411000 0.0149008
411010 0.0175659
411020 0.02585668
411040 0.00628964
411050 0.00441256
411060 0.001670687
411080 8.81e-05
411090 1.27276e-05
411100 1.72e-06
411110 1.89624e-07
411120 2.54918e-09
411130 2.56161e-10
411140 1.76835e-11
420890 0.0
420910 1.66e-14
420920 1.45e-12
420930 2.8002e-09
420950 6.5e-08
420960 1.17e-06
420970 1.324e-05
420980 0.00010047
420990 0.00052058
421000 0.00172405
421010 0.00443568
421020 0.00882564
421030 0.0107781
421040 0.0113195
421050 0.012235
421060 0.00772846
421070 0.00416449
421080 0.0024642
421090 0.0008237
421100 0.00026043
421110 4.91903e-05
421120 8.487594e-06
421140 5.38823e-08
421150 6.85182e-10
421160 9.54e-11
421170 2.22332e-11
430930 0.0
430950 8.292e-12
430970 1.11e-08
430980 2.09e-07
430990 2.4409e-05
431010 0.00012914
431020 0.00058242
431030 0.0041762
431050 0.00439497
431060 0.00568379
431070 0.0065057
431080 0.00806243
431090 0.00585289
431100 0.00410536
431110 0.00176637
431120 0.00065912
431130 0.00014691
431140 2.637e-05
431150 1.5148e-06
431160 2.82e-07
431170 4.91532e-08
431180 5.15816e-10
440950 0.0
440960 0.0
440970 8.3e-13
440980 3.93e-11
440990 1.31e-09
441000 2.61e-08
441010 3.74e-07
441020 4.02e-06
441030 2.44e-05
441040 7.009e-05
441050 0.00070616
441070 0.00130538
441080 0.00341378
441090 0.01314073
441110 0.00726361
441120 0.00604958
441130 0.00302811
441140 0.00126425
441150 0.000392955
441160 7.654e-05
441170 1.27508e-05
441180 1.43953e-06
441190 1.21957e-07
441200 6.84e-09
441210 3.42707e-10
441220 1.01e-11
441240 0.0
450990 5.58e-14
451010 9.9e-11
451020 2.6e-09
451030 3.728e-08
451040 1.847e-07
451050 8.086e-07
451060 5.08e-06
451070 2.968e-05
451080 0.0001732
451090 0.00059756
451100 0.0019456
451110 0.00385364
451120 0.00696207
451130 0.007422
451140 0.00682538
451150 0.00678136
451170 0.00080574
451180 0.00021773
451190 4.992e-05
451210 7.57657e-07
451220 5.34e-08
451230 3.16e-09
451240 1.16e-10
451250 8.07171e-12
460990 0.0
461010 0.0
461020 5.258e-12
461040 4.43e-11
461050 3.22e-10
461060 7.099e-08
461080 9.04e-07
461090 7.34e-06
461100 5.539e-05
461110 0.00024881
461120 0.00101811
461130 0.00235642
461140 0.00472194
461150 0.00687582
461160 0.00671007
461170 0.00560509
461180 0.00343219
461190 0.001568
461200 0.00051539
461210 0.00017709
461230 3.66e-06
461240 3.42e-07
461250 2.39219e-08
461270 1.46939e-10
461280 1.27e-11
461300 0.0
471030 0.0
471050 1.04e-14
471060 3.855e-13
471070 1.337e-11
471080 4.37e-10
471090 8.64e-09
471100 1.572e-07
471110 1.674e-06
471120 0.00010411
471140 0.00040435
471150 0.00129778
471160 0.00278352
471170 0.0049512
471180 0.00657706
471190 0.00644788
471200 0.00473036
471210 0.00310855
471220 0.00119705
471230 0.00039939
471240 9.274e-05
471250 1.553e-05
471260 2.15e-06
471270 3.24853e-07
471280 7.58e-08
471290 2.1086e-09
471300 1.34e-10
481050 0.0
481060 0.0
481070 0.0
481080 1.86e-14
481090 9.06e-13
481100 4.05e-11
481110 1.057e-09
481120 2.58e-08
481130 3.291e-07
481140 3.69e-06
481150 2.757e-05
481160 0.00013814
481170 0.00054886
481180 0.00504744
481200 0.00544388
481210 0.0076186
481220 0.0109722
481240 0.00253703
481250 0.00102367
481260 0.00034801
481270 0.00010391
481280 4.081e-05
481290 5.92789e-06
481300 4.79e-07
481310 2.21e-08
481320 8.81e-10
481330 4.02839e-11
481340 1.62e-13
481360 0.0
491070 0.0
491090 0.0
491110 5.88e-14
491120 3.618e-12
491130 1.135e-10
491140 3.176e-09
491150 5.741e-08
491160 7.04001e-07
491170 6.595e-06
491180 4.631e-05
491190 0.00022088
491200 0.000796101
491210 0.00241742
491220 0.00428957
491230 0.00668747
491240 0.00813086
491250 0.00742998
491260 0.0058578
491270 0.00332294
491280 0.00290312
491300 0.00015702
491310 1.959e-05
491320 2.2390597e-06
491340 3.2e-09
491350 1.05963e-10
491360 1.11e-12
501110 0.0
501120 0.0
501130 0.0
501140 2.43e-13
501150 3.428e-10
501170 7.57e-09
501180 1.31e-07
501190 1.4368e-05
501210 8.998e-05
501220 0.00035947
501230 0.00123371
501240 0.00337289
501250 0.00683583
501260 0.0118895
501270 0.01231377
501280 0.01257708
501290 0.01030138
501300 0.00513488
501310 0.00166123
501320 0.00048293
501330 5.666e-05
501340 5.857894e-06
501360 1.48e-08
501370 3.11e-10
501380 6.5e-12
511130 0.0
511150 0.0
511170 7.75e-13
511180 3.379e-11
511190 9.38e-10
511200 2.014e-08
511210 3.538e-06
511230 2.562e-05
511240 0.0001673799
511250 0.00394695
511270 0.00589723
511280 0.00944227
511290 0.01711
511300 0.01942838
511310 0.0152476
511320 0.01106233
511330 0.00348699
511340 0.00090183
511350 0.00013259
511360 1.753e-05
511370 9.9e-07
511380 5.45e-08
511390 2.15e-09
511400 7.02091e-11
521150 0.0
521170 0.0
521180 0.0
521190 5.22e-14
521200 2.83e-12
521210 1.17e-10
521220 2.69e-09
521230 5.209e-08
521240 8.53e-07
521250 9.95e-06
521260 9.568e-05
521270 0.00034132
521280 0.00088147
521290 0.00365595
521300 0.00949715
521310 0.04760105
521330 0.02374951
521340 0.0151722
521350 0.00776579
521370 0.00028822
521380 4.1e-05
521390 4.12e-06
521400 2.1393e-07
521410 4.68396e-09
521420 3.5e-10
521430 5.50792e-11
531210 0.0
531220 9.56e-12
531250 1.2e-08
531260 2.91e-07
531270 2.05e-06
531280 8.81e-06
531290 8.893e-05
531300 0.00056185
531310 0.00256609
531320 0.01057338
531330 0.0205564
531340 0.0309315
531350 0.0288201
531360 0.0232902
531370 0.0113888
531390 0.00073377
531400 9.546e-05
531410 1.13853e-05
531430 1.21769e-07
531440 8.89096e-10
531450 6.08045e-11
541240 0.0
541250 1.29e-12
541260 8.07e-11
541270 1.14e-09
541280 2.2135e-07
541300 3.45e-06
541310 4.151e-05
541320 0.00267018
541340 0.00814283
541350 0.01838006
541360 0.0342299
541370 0.0287058
541380 0.0233748
541390 0.0134804
541400 0.00418032
541410 0.00113133
541420 0.00028039
541430 3.15882e-05
541440 2.70911e-06
541450 1.70939e-07
541460 7.02e-09
541470 1.83014e-10
541500 0.0
551270 5.63e-14
551290 4.64e-11
551310 6.5e-08
551320 1.86e-06
551330 2.619e-05
551340 0.00169132
551360 0.0047871
551370 0.0126712
551380 0.0531722
551400 0.0207534
551410 0.0131569
551420 0.00766995
551430 0.00209
551440 0.0004388
551450 6.91e-05
551460 7.2e-06
551470 3.97488e-07
551480 2.17e-08
551490 3.22513e-10
551500 1.4e-11
561290 0.0
561310 9.13e-12
561320 7.23e-10
561330 2.93e-08
561340 7.54e-07
561350 1.199e-05
561360 0.000129
561370 0.00067238
561380 0.00294265
561390 0.00853103
561400 0.0132317
561410 0.0189431
561420 0.0245739
561430 0.0151658
561440 0.01014814
561460 0.00070059
561470 0.000103112
561480 1.4066677e-05
561500 5.4e-08
561510 8.49986e-10
561520 5.69e-11
561530 2.67655e-12
561540 0.0
571330 2.93e-12
571350 9.38e-09
571370 3.68e-06
571380 4.057e-05
571390 0.00028405
571400 0.0010392
571410 0.00349448
571420 0.0101969
571430 0.0139557
571440 0.0150497
571450 0.0126238
571460 0.00731454
571470 0.00253382
571480 0.00077371
571490 0.00012781
571500 2.084915e-05
571520 1.26e-07
571530 5.91732e-09
571540 1.3537447e-10
581350 6.5e-13
581370 5.556e-08
581390 9.49e-07
581400 8.63e-06
581410 0.00057865
581430 0.00161468
581440 0.00396159
581450 0.0074182
581460 0.00951154
581470 0.00732322
581480 0.00505032
581490 0.00188711
581500 0.0006636
581510 0.00015558
581520 2.576e-05
581530 3.11e-06
581540 1.76e-07
581550 9.48663e-09
581560 3.85e-10
581570 9.34e-12
581580 1.48e-13
581600 0.0
591390 2.9e-10
591400 6.75e-09
591410 1.48e-07
591420 2.58e-06
591430 2.031e-05
591440 0.00012064
591450 0.00053409
591460 0.00157921
591470 0.00693801
591490 0.00340108
591500 0.00267253
591510 0.00193789
591530 0.00015974
591540 2.207e-05
591550 3.04e-06
591560 3.11e-07
591570 1.97e-08
591580 8.04e-10
591590 2.03e-11
591600 3.57e-13
601400 4.68e-13
601410 2.71e-11
601420 1.22e-09
601430 2.45e-08
601440 3.67e-07
601450 4.04e-06
601460 2.928e-05
601470 0.00012181
601480 0.0004363
601490 0.0007901
601500 0.00138917
601510 0.00157612
601520 0.00135153
601530 0.00091864
601540 0.00029224
601550 9.712e-05
601560 2.405e-05
601570 4.244e-06
601590 2.59e-08
601600 1.19e-09
601610 3.72e-11
601620 7.25e-13
601630 0.0
601640 0.0
611410 0.0
611430 2.63e-12
611440 2.972e-09
611460 5.29e-08
611470 5.52e-07
611480 2.5921e-05
611500 8.776e-05
611510 0.00022565
611520 0.000437781
611530 0.0006756
611540 0.00047556
611550 0.00035989
611560 0.0002026
611570 7.72e-05
611580 1.887e-05
611590 3.1e-06
611600 3.64e-07
611610 3e-08
611620 1.57e-09
611630 5.594e-11
611650 1.85e-14
621430 0.0
621440 0.0
621450 1.81e-13
621460 8.6e-12
621470 2.31e-10
621480 5.23e-09
621490 5.55e-08
621500 4.148e-06
621520 1.666e-05
621530 6.172e-05
621540 0.00027187
621560 0.00021493
621570 0.00018538
621580 0.00010187
621590 3.929e-05
621600 1.112e-05
621610 2.32e-06
621620 3.13e-07
621630 2.87e-08
621640 1.73e-09
621650 6.99e-11
621660 1.53e-12
621670 4.98e-14
621680 0.0
621700 0.0
631470 0.0
631490 1.33e-11
631510 5.45e-09
631520 6.39999e-08
631530 6.03e-07
631540 2.37e-06
631550 9.98e-06
631560 2.887e-05
631570 5.761e-05
631580 7.047e-05
631590 6.137e-05
631600 5.91e-05
631620 6.43e-06
631630 1.48e-06
631640 2.51e-07
631660 1.36e-09
631670 1.1e-10
631680 4.16e-12
631690 1.38e-13
631700 0.0
631710 8.92511e-17
641470 0.0
641490 0.0
641510 2.3348e-11
641530 5.58e-10
641540 5.55e-09
641550 5.99e-08
641560 4.26e-07
641570 2.1e-06
641580 6.03e-06
641590 1.231e-05
641600 1.817e-05
641610 2.076e-05
641620 1.575e-05
641630 8.48e-06
641640 3.15e-06
641650 8.2e-07
641660 1.375e-07
641680 2.13e-09
641690 1.76e-10
641700 7.860911e-12
641720 0.0
651510 0.0
651530 4.59e-14
651550 3.34e-11
651560 6.064e-10
651570 6.27e-08
651590 2.8e-07
651600 1.01e-06
651610 2.79e-06
651620 5e-06
651630 6.24e-06
651640 5.33e-06
651650 3.24e-06
651660 1.06e-06
651670 4.73e-07
651680 1.07e-07
651690 2.1e-08
651700 2.22e-09
651710 1.8e-10
651720 1.58e-11
661550 0.0
661560 7.73e-14
661570 2.59e-12
661580 4.74e-11
661590 6.26e-10
661600 5.77e-09
661610 4.12e-08
661620 1.86e-07
661630 5.7e-07
661640 1.16e-06
661650 1.645e-06
661660 1.22e-06
661670 1.18e-06
661680 6.03e-07
661690 2.67e-07
661700 6.48e-08
661710 1.24e-08
661720 2.63e-09
671590 1.18e-13
671610 5.86e-11
671620 6.99e-10
671630 5.57e-09
671640 2.891e-08
671650 1.02e-07
671660 1.78e-07
671670 3.83e-07
671680 4.35e-07
671690 4.17e-07
671700 2.2e-07
671710 9.39e-08
671720 4.52e-08
681610 0.0
681620 2.41e-13
681630 5.15e-12
681640 7.11e-11
681650 6.56e-10
681660 2.88e-09
681670 1.462e-08
681680 3.89e-08
681690 8.37e-08
681700 9.75e-08
681710 9e-08
681720 9.41e-08
691650 3.94e-13
691660 4.5e-12
691670 5.61e-11
691680 3.71e-10
691690 1.9e-09
691700 5.17e-09
691710 1.09e-08
691720 2.53e-08
701660 0.0
701670 1.98e-14
701680 3.35e-13
701690 4.248e-12
701700 2.83e-11
701710 1.43e-10
701720 7.87e-10
711690 0.0
711710 1.808e-13
711720 2.46e-12
721710 0.0
