220660 7.98702e-19
230660 1.41848e-14
230670 2.75346e-16
230680 1.6886e-17
230690 2.81559e-18
240660 1.70859e-11
240670 6.73977e-12
240680 5.169045e-13
240700 1.15325e-17
250660 2.02001e-09
250670 2.67002e-09
250680 5.04003e-10
250690 6.02315e-11
250700 4.45003e-12
250710 2.2199e-13
250720 1.9449e-15
250730 3.91367e-16
250740 1.66975e-17
260650 2.17001e-08
260670 1.170008e-07
260690 1.44001e-08
260700 3.49002e-09
260710 4.97003e-10
260720 5.15984e-11
260730 9.57967e-12
260740 4.42986e-13
260750 7.06494e-15
260760 0.0
260770 3.1292e-16
270660 1.25001e-08
270670 1.18001e-07
270680 1.61001e-07
270690 1.59001e-07
270700 9.81006e-08
270710 4.36003e-08
270720 1.28001e-08
270730 8.92006e-09
270750 1.467941e-10
270770 6.02343e-12
270780 5.91763e-14
270790 1.39145e-14
280660 8.07005e-10
280670 1.95001e-08
280680 7.42005e-08
280690 1.74001e-07
280700 2.92002e-07
280710 3.07002e-07
280720 2.69002e-07
280730 4.26003e-07
280740 1.90001e-07
280750 6.65004e-08
280760 1.76001e-08
280770 6.69402e-09
280780 1.56995e-09
280790 3.40592e-10
280800 5.36003e-12
280810 1.63117e-13
290660 1.96001e-12
290670 1.58001e-10
290680 1.3203113e-08
290700 1.856013e-07
290720 2.87002e-07
290730 1.24001e-06
290740 1.36001e-06
290750 1.41001e-06
290760 9.79006e-07
290770 1.22001e-06
290780 7.98005e-07
290790 2.97661e-07
290800 2.82002e-08
290810 3.13986e-09
290820 2.49002e-10
290830 3.81971e-12
290840 2.47259e-13
300660 0.0
300670 8.05005e-14
300680 2.74002e-12
300690 5.722036e-11
300700 7.53005e-10
300710 5.770036e-09
300720 3.64002e-08
300730 3.80002e-07
300740 1.17001e-06
300750 2.79002e-06
300760 5.35003e-06
300770 1.66601e-05
300780 6.57004e-05
300800 1.04201e-05
300810 3.37002e-06
300820 9.30006e-07
300830 9.34968e-08
300840 6.55979e-09
300850 5.01299e-11
300860 3.67002e-12
300870 1.76076e-13
310650 0.0
310670 0.0
310690 1.06001e-14
310700 4.02003e-13
310710 1.03001e-11
310720 1.860012e-10
310730 6.16004e-09
310740 5.06004e-08
310750 3.52002e-07
310760 1.61001e-06
310770 1.39701e-05
310780 6.31504e-05
310790 0.000183731
310800 0.000146571
310810 0.000147941
310820 0.000113161
310830 3.93803e-05
310840 8.60006e-06
310850 9.64956e-07
310860 6.07897e-08
310880 1.56421e-11
310890 1.61838e-12
320660 0.0
320670 0.0
320680 0.0
320690 0.0
320700 0.0
320710 0.0
320720 6.88004e-14
320730 1.9048104e-10
320750 5.3923323e-08
320770 1.158011e-06
320780 1.49901e-05
320790 0.0001053706
320800 0.000233711
320810 0.000562954
320820 0.00124097
320830 0.00115294
320840 0.000847555
320850 0.000283792
320860 6.09604e-05
320870 3.76663e-06
320880 4.14987e-07
320890 3.96139e-08
320900 4.96919e-11
320910 8.78838e-12
320920 9.24813e-13
330690 0.0
330710 0.0
330720 0.0
330730 0.0
330740 1.53001e-14
330750 1.37001e-12
330760 5.60004e-11
330770 4.35003e-09
330780 1.54001e-07
330790 3.45002e-06
330800 1.98301e-05
330810 0.000138801
330820 0.000735444
330830 0.00240527
330840 0.00360518
330850 0.00377349
330860 0.0022688
330870 0.000497223
330880 0.000166101
330890 3.46206e-05
330900 8.82518e-07
330910 1.69168e-07
330920 1.64245e-08
330930 2.33867e-11
330940 2.41605e-12
340720 0.0
340730 0.0
340740 0.0
340750 0.0
340760 0.0
340770 9.27006e-13
340780 1.20001e-10
340790 7.830046e-09
340800 1.51001e-07
340810 2.943022e-06
340820 4.88303e-05
340830 0.0003358824
340840 0.00174063
340850 0.00482535
340860 0.00834567
340870 0.00848079
340880 0.00541899
340890 0.00333874
340900 0.00106301
340910 0.000188002
340920 1.97837e-05
340930 5.72447e-07
340940 6.4098e-08
340950 5.91171e-11
340960 2.47002e-11
340970 3.7457e-13
350750 0.0
350770 0.0
350780 0.0
350790 6.47004e-13
350800 3.756025e-11
350810 2.54002e-09
350820 1.225008e-07
350830 2.89002e-06
350840 4.69003e-05
350850 0.000395153
350860 0.001827932
350870 0.00657475
350880 0.008997
350890 0.016227
350900 0.0134053
350910 0.00759045
350920 0.00233881
350930 0.000500291
350940 7.89505e-05
350950 1.13795e-06
350960 3.52002e-07
350970 7.21013e-09
350980 9.79989e-11
350990 7.90978e-12
351000 1.37952e-13
360770 0.0
360780 0.0
360790 0.0
360800 0.0
360810 1.261011e-13
360820 2.16001e-11
360830 1.855012e-09
360840 9.34006e-08
360850 2.398013e-06
360860 3.85502e-05
360870 0.000346632
360880 0.00367639
360890 0.00646131
360900 0.0185007
360910 0.0261698
360920 0.0250329
360930 0.0142627
360940 0.00734379
360950 0.00126464
360960 0.000341852
360970 8.01284e-06
360980 2.59992e-06
360990 1.93611e-07
361000 3.65989e-09
361010 2.24023e-11
361020 2.93091e-12
370790 0.0
370810 0.0
370830 3.52002e-14
370840 5.72004e-12
370850 1.10001e-09
370860 2.80002e-08
370870 1.44001e-06
370880 2.02101e-05
370890 0.000885536
370900 0.001686592
370910 0.00675431
370920 0.0147487
370930 0.0261544
370940 0.0253653
370950 0.0159566
370960 0.0116876
370970 0.000886296
370980 0.000843695
370990 0.000169207
371000 1.24501e-05
371010 4.31223e-07
371020 5.20524e-08
371030 6.20014e-11
371040 7.61376e-12
371050 1.69532e-12
380830 0.0
380840 0.0
380850 0.0
380860 1.37001e-12
380870 1.603012e-10
380880 1.16001e-08
380890 4.63003e-07
380900 1.12201e-05
380910 0.000116721
380920 0.00103019
380930 0.00545026
380940 0.0150996
380950 0.0318236
380960 0.0413178
380970 0.0285935
380980 0.0226811
380990 0.00977176
381000 0.00303736
381010 0.000479232
381020 6.26983e-05
381030 1.51764e-06
381040 2.01994e-07
381050 4.14972e-08
381060 0.0
381070 0.0
381080 0.0
381090 0.0
390850 0.0
390870 0.0
390880 2.09001e-13
390890 3.229024e-11
390900 2.43002e-09
390910 8.88006e-08
390920 2.33001e-06
390930 3.96202e-05
390940 0.000338972
390950 0.00223363
390960 0.008084895
390970 0.0251864
390980 0.0302604
390990 0.0374135
391000 0.029263
391010 0.0145956
391020 0.00521945
391030 0.00132634
391040 0.000162571
391050 3.62665e-05
391060 2.97813e-13
391070 8.61339e-15
391080 3.60317e-16
391090 9.06354e-17
391100 0.0
391110 1.38947e-13
400870 0.0
400880 0.0
400890 0.0
400900 3.50002e-14
400910 1.27001e-11
400920 1.45001e-09
400930 2.17001e-08
400940 6.46004e-07
400950 1.24901e-05
400960 0.001173171
400980 0.00486124
400990 0.0147075
401000 0.0329987
401010 0.0400177
401020 0.0409176
401030 0.0264495
401040 0.0101259
401050 0.00209441
401060 7.29005e-06
401070 1.94531e-07
401080 8.82006e-09
401090 2.04697e-09
401100 1.59001e-12
401110 3.40107e-09
401120 1.04719e-12
401130 7.85556e-14
401140 3.85806e-15
410890 0.0
410900 0.0
410910 0.0
410920 0.0
410930 4.085024e-13
410940 3.71003e-11
410950 2.770013e-09
410960 1.04001e-07
410970 2.338013e-06
410980 3.238025e-05
410990 0.0003170022
411000 0.001924572
411010 0.00689412
411020 0.04865014
411040 0.0286706
411050 0.0179767
411060 0.007393
411080 0.000173811
411090 1.52581e-05
411100 1.11001e-06
411110 2.97237e-06
411120 1.85978e-08
411130 1.51213e-09
411140 6.85183e-11
411150 7.84048e-14
411160 4.59841e-15
420890 0.0
420910 0.0
420920 0.0
420930 0.0
420950 3.22002e-14
420960 4.62003e-12
420970 3.10002e-10
420980 1.58001e-08
420990 4.57003e-07
421000 9.71006e-06
421010 0.000103301
421020 0.000810235
421030 0.00373198
421040 0.0108055
421050 0.0200368
421060 0.018751
421070 0.0123436
421080 0.00507307
421090 0.00168202
421100 0.000619784
421110 0.000171655
421120 2.408197e-05
421140 8.2532e-08
421150 1.91915e-09
421160 1.21996e-10
421170 2.53605e-13
421180 4.20369e-14
430930 0.0
430950 0.0
430970 0.0
430980 2.29001e-13
430990 1.58398013e-09
431010 5.99004e-08
431020 1.376008e-06
431030 0.0001796611
431050 0.000780625
431060 0.000252032
431070 0.000664894
431080 0.000762535
431090 0.000818335
431100 0.000787625
431110 0.000426933
431120 0.000234142
431130 7.63185e-05
431140 1.38901e-05
431150 1.67724e-06
431160 2.39002e-07
431170 4.88167e-09
431180 7.4860245e-10
431200 7.12377e-14
431210 4.99616e-15
440950 0.0
440960 0.0
440970 0.0
440980 0.0
440990 0.0
441000 1.64001e-14
441010 1.87001e-12
441020 1.62001e-10
441030 7.57005e-09
441040 2.01001e-07
441050 3.60391002e-06
441070 5.09003e-08
441080 3.04002e-07
441090 9.42006e-06
441110 0.000109141
441120 0.000284372
441130 0.000304442
441140 0.000205391
441150 9.68615e-05
441160 3.43102e-05
441170 5.42515e-06
441180 8.99259e-07
441190 4.97983e-08
441200 1.88994e-09
441210 1.22293e-10
441220 6.30004e-13
441230 1.36104e-14
441240 0.0
450990 0.0
451010 0.0
451020 0.0
451030 8.93006e-14
451040 7.46005e-12
451050 5.068034e-10
451060 0.0
451070 0.0
451080 3.62002e-14
451090 1.248008e-12
451100 3.46002e-11
451110 1.45001e-06
451120 1.79801e-05
451130 7.70005e-05
451140 0.000158931
451150 0.000428602
451170 0.000114991
451180 5.14003e-05
451190 1.261011e-05
451210 1.06878e-07
451220 6.17004e-09
451230 2.61988e-10
451240 5.60004e-12
451250 8.45647e-14
451270 0.0
460990 0.0
461010 0.0
461020 0.0
461040 0.0
461050 3.75002e-09
461060 0.0
461080 0.0
461090 0.0
461100 0.0
461110 1.243008e-09
461120 9.92006e-08
461130 1.68001e-06
461140 1.42301e-05
461150 5.28803e-05
461160 0.000148101
461170 0.000227871
461180 0.000287902
461190 0.000184051
461200 8.39005e-05
461210 2.431013e-05
461230 5.36003e-07
461240 4.26003e-08
461250 2.06993e-09
461270 6.70026e-19
461280 0.0
461290 0.0
461300 0.0
461310 0.0
471030 0.0
471050 0.0
471060 0.0
471070 0.0
471080 0.0
471090 0.0
471100 0.0
471110 3.32002e-14
471120 1.5073111e-09
471140 4.95003e-08
471150 6.44004e-07
471160 5.28004e-06
471170 2.87402e-05
471180 8.87006e-05
471190 0.000183541
471200 0.000225862
471210 0.000179321
471220 0.0001015506
471230 4.29903e-05
471240 1.02401e-05
471250 1.75001e-06
471260 9.44006e-11
471270 1.19001e-11
471280 7.10005e-13
471290 2.11649e-14
471300 0.0
471310 6.8599329292e-11
471330 3.45435e-12
481050 0.0
481060 0.0
481070 0.0
481080 0.0
481090 0.0
481100 0.0
481110 0.0
481120 0.0
481130 7.65005e-14
481140 1.23001e-11
481150 5.04004e-10
481160 1.56001e-08
481170 2.874014e-07
481180 2.116014e-05
481200 7.48305e-05
481210 0.000160821
481220 0.000546534
481240 0.000209321
481250 9.77506e-05
481260 8.13005e-06
481270 4.12003e-06
481280 1.28001e-06
481290 4.78003e-07
481300 5.57004e-08
481310 2.92002e-09
481320 1.81994e-06
481330 8.45538e-08
481340 9.37006e-10
481350 8.88646e-12
481360 3.37002e-14
491070 0.0
491090 0.0
491110 0.0
491120 0.0
491130 0.0
491140 0.0
491150 1.16001e-14
491160 1.43001e-12
491170 1.119007e-10
491180 2.718014e-09
491190 8.49006e-08
491200 1.118007e-06
491210 8.64006e-06
491220 3.81603e-05
491230 0.0001172807
491240 0.000217972
491250 0.000292502
491260 0.000367782
491270 0.000688324
491280 0.002131444
491300 0.000750675
491310 0.000268082
491320 0.0007193699
491340 4.92003e-06
491350 1.71056e-07
491360 2.70002e-09
491370 2.58596e-11
491380 8.32991e-13
501110 0.0
501120 0.0
501130 0.0
501140 0.0
501150 0.0
501170 0.0
501180 2.13001e-13
501190 1.31407013e-09
501210 3.365026e-08
501220 5.23003e-07
501230 4.50003e-06
501240 2.69002e-05
501250 9.17106e-05
501260 0.000162541
501270 0.000670274
501280 0.00203588
501290 0.00845242
501300 0.01646636
501310 0.0228674
501320 0.0188496
501330 0.00672609
501340 0.00201114
501360 1.41801e-05
501370 6.32978e-07
501380 2.2262417e-08
501400 8.68904e-12
501410 2.58868e-12
511130 0.0
511150 0.0
511170 0.0
511180 0.0
511190 0.0
511200 4.49003e-14
511210 2.4487203e-10
511230 7.33005e-09
511240 1.336008e-07
511250 1.692411e-06
511270 2.03001e-06
511280 2.143016e-05
511290 0.000324022
511300 0.001921915
511310 0.00937452
511320 0.0271019
511330 0.030966
511340 0.0256104
511350 0.0102045
511360 0.00238624
511370 0.000383052
511380 4.05703e-05
511390 3.13986e-06
511400 1.54316e-07
511410 4.98298e-08
511420 3.49404e-11
511430 3.49239e-12
521150 0.0
521170 0.0
521180 0.0
521190 0.0
521200 0.0
521210 0.0
521220 0.0
521230 7.01005e-13
521240 4.79003e-11
521250 2.557013e-09
521260 8.73006e-14
521270 3.92003e-12
521280 2.43002e-10
521290 1.566013e-08
521300 5.29003e-07
521310 0.00508060202
521330 0.02762218
521340 0.0395371
521350 0.0814615
521370 0.0156778
521380 0.00550107
521390 0.00120899
521400 0.000185877
521410 5.53774e-05
521420 9.26971e-07
521430 8.54847e-08
521440 5.72884e-11
521450 6.07812e-12
521460 4.36717e-13
531210 0.0
531220 0.0
531250 9.98006e-14
531260 0.0
531270 0.0
531280 0.0
531290 0.0
531300 4.23003e-14
531310 7.89005e-12
531320 0.0001987912
531330 0.001888942
531340 0.0075716
531350 0.0135457
531360 0.0267367
531370 0.0665052
531390 0.0205561
531400 0.00869363
531410 0.002933813
531430 7.47095e-05
531440 1.01743e-06
531450 1.16998e-07
531460 7.75601e-09
531470 6.72288e-12
531480 6.85992e-13
541240 0.0
541250 0.0
541260 0.0
541270 0.0
541280 0.0
541300 0.0
541310 4.27003e-11
541320 1.64080301e-05
541340 2.607015e-05
541350 0.000268642
541360 0.0024432
541370 0.0107737
541380 0.0203998
541390 0.0328326
541400 0.0403741
541410 0.0298271
541420 0.0152738
541430 0.0043145
541440 0.00122552
541450 0.000130024
541460 9.3423e-06
541470 1.827584e-07
541490 2.20828e-11
541500 2.89002e-12
541510 4.51302e-13
551270 0.0
551290 0.0
551310 0.0
551320 2.85002e-13
551330 5.32003e-11
551340 3.7746204e-07
551360 9.60006e-06
551370 0.000112121
551380 0.004076434
551400 0.00887264
551410 0.0191304
551420 0.022798
551430 0.023904
551440 0.0174256
551450 0.00555617
551460 0.00117104
551470 0.000143817
551480 2.45502e-05
551490 4.25074e-07
551500 4.81003e-08
551510 8.68716e-09
551520 5.65378e-12
551530 3.03505e-13
561290 0.0
561310 0.0
561320 0.0
561330 0.0
561340 1.05001e-13
561350 2.26002e-11
561360 2.96002e-09
561370 8.87005e-08
561380 2.04001e-06
561390 2.77102e-05
561400 0.000266392
561410 0.00225784
561420 0.00688605
561430 0.0174256
561440 0.0503692
561460 0.0198462
561470 0.00830546
561480 0.002962938
561500 5.43203e-05
561510 9.65431e-06
561520 1.49995e-07
561530 7.42903e-09
561540 7.11005e-11
561550 3.95587e-13
561560 2.54557e-14
571330 0.0
571350 0.0
571370 2.45002e-12
571380 1.76001e-10
571390 8.10005e-09
571400 2.48002e-07
571410 4.45003e-06
571420 5.26303e-05
571430 0.000448063
571440 0.00211319
571450 0.00708877
571460 0.01271418
571470 0.0148093
571480 0.0108987
571490 0.00664064
571500 0.0025782
571520 5.81304e-05
571530 6.49261e-06
571540 2.9061669e-07
571560 4.52088e-10
571570 8.9467e-13
571580 1.87706e-14
571590 1.01791e-15
581350 0.0
581370 0.0
581390 1.380012e-13
581400 1.53001e-11
581410 3.7305206e-08
581430 9.01006e-07
581440 1.43101e-05
581450 0.000127351
581460 0.000870536
581470 0.00264376
581480 0.00745761
581490 0.00842758
581500 0.00860432
581510 0.00455945
581520 0.00184458
581530 0.000557684
581540 8.00205e-05
581550 8.46244e-06
581560 5.44551e-07
581570 2.18992e-08
581580 4.97984e-10
581590 2.49158e-11
581600 6.1413058e-14
591390 0.0
591400 0.0
591410 0.0
591420 7.46004e-13
591430 6.36004e-11
591440 3.330022e-09
591450 1.14001e-07
591460 2.15001e-06
591470 0.0001998514
591490 0.000770335
591500 0.00190823
591510 0.00566539
591530 0.00244147
591540 0.000881756
591550 0.000296492
591560 5.24703e-05
591570 7.04005e-06
591580 4.66003e-07
591590 2.17752e-08
591600 5.76004e-10
591610 1.56429e-11
591620 1.66975e-14
591630 6.37299e-16
591640 1.46245e-17
601400 0.0
601410 0.0
601420 0.0
601430 0.0
601440 5.10003e-14
601450 5.34003e-12
601460 3.90003e-10
601470 1.43001e-08
601480 3.59002e-07
601490 4.97003e-06
601500 4.26103e-05
601510 0.000178401
601520 0.000537383
601530 0.00111364
601540 0.00112524
601550 0.000921766
601560 0.000468743
601570 0.0001943512
601590 4.37003e-06
601600 3.77002e-07
601610 1.73845e-08
601620 4.42986e-10
601630 1.55995e-11
601640 3.87988e-13
601650 1.83896e-15
601660 8.17385e-17
601670 6.16499e-18
611410 0.0
611430 0.0
611440 0.0
611460 0.0
611470 2.85002e-13
611480 1.20274014e-09
611500 3.29002e-08
611510 4.85003e-07
611520 4.26003e-06
611530 2.85602e-05
611540 7.50804e-05
611550 0.000185301
611560 0.000226481
611570 0.000216001
611580 0.000107601
611590 4.09803e-05
611600 8.95006e-06
611610 1.28001e-06
611620 9.18006e-08
611630 1.1357105e-08
611650 3.53984e-11
611660 1.45166e-12
611670 1.1890972e-13
611690 1.10196e-17
621430 0.0
621440 0.0
621450 0.0
621460 0.0
621470 0.0
621480 0.0
621490 1.57001e-14
621500 7.931051e-11
621520 2.50002e-09
621530 4.94003e-08
621540 3.559023e-06
621560 1.20701e-05
621570 2.96002e-05
621580 4.25703e-05
621590 3.86202e-05
621600 2.28801e-05
621610 7.74005e-06
621620 1.64001e-06
621630 4.87003e-07
621640 1.09001e-07
621650 1.45001e-08
621660 1.74856e-09
621670 1.31882e-10
621680 6.3598e-12
621690 2.69731e-13
621700 0.0
621710 1.59729e-17
621720 3.79734e-18
631470 0.0
631490 0.0
631510 0.0
631520 4.38003e-14
631530 3.03002e-12
631540 8.25006e-11
631550 2.11001e-09
631560 2.38002e-08
631570 1.96001e-07
631580 7.76005e-07
631590 2.19001e-06
631600 6.21004e-06
631620 1.51001e-06
631630 1.22001e-06
631640 9.11006e-07
631660 8.16005e-08
631670 2.01001e-08
631680 2.70002e-09
631690 2.35732e-10
631700 1.16001e-11
631710 3.07464e-13
631720 6.744e-14
641470 0.0
641490 0.0
641510 0.0
641530 0.0
641540 0.0
641550 8.04005e-14
641560 3.57002e-12
641570 8.04005e-11
641580 1.11001e-09
641590 9.06006e-09
641600 4.25003e-08
641610 1.06001e-07
641620 1.63001e-07
641630 3.20002e-07
641640 4.70003e-07
641650 4.44003e-07
641660 6.16004e-07
641680 9.32006e-08
641690 2.15001e-08
641700 3.821715e-09
641720 8.12331e-11
651510 0.0
651530 0.0
651550 0.0
651560 0.0
651570 4.38003e-14
651590 1.45001e-12
651600 1.89001e-11
651610 1.58001e-10
651620 6.98004e-10
651630 4.37003e-09
651640 1.68001e-08
651650 4.78003e-08
651660 9.87006e-08
651670 1.69001e-07
651680 1.56001e-07
651690 9.93006e-08
651700 4.05003e-08
651710 1.20001e-08
651720 7.60005e-09
661550 0.0
661560 0.0
661570 0.0
661580 0.0
661590 0.0
661600 0.0
661610 1.37001e-14
661620 2.15001e-13
661630 3.87002e-12
661640 4.94003e-11
661650 4.022023e-10
661660 2.61002e-09
661670 1.19001e-08
661680 3.16002e-08
661690 4.78003e-08
661700 5.43003e-08
661710 3.72002e-08
661720 6.61004e-08
671590 0.0
671610 0.0
671620 0.0
671630 0.0
671640 0.0
671650 1.30001e-13
671660 2.424014e-12
671670 3.75002e-11
671680 2.74002e-10
671690 1.29001e-09
671700 3.82002e-09
671710 7.48005e-09
671720 3.12002e-08
681610 0.0
681620 0.0
681630 0.0
681640 0.0
681650 0.0
681660 0.0
681670 0.0
681680 1.76001e-13
681690 2.37002e-12
681700 2.37002e-11
681710 1.26001e-10
681720 1.62001e-09
691650 0.0
691660 0.0
691670 0.0
691680 0.0
691690 0.0
691700 0.0
691710 8.52005e-14
691720 3.09002e-12
701660 0.0
701670 0.0
701680 0.0
701690 0.0
701700 0.0
701710 0.0
701720 0.0
711690 0.0
711710 0.0
711720 0.0
721710 0.0
