230660 4.48456e-18
230670 7.3375e-19
240660 4.02992e-13
240670 4.87988e-14
240680 2.89474e-17
240700 0.0
250660 9.43992e-11
250670 5.30995e-11
250680 6.65994e-12
250690 8.91963e-13
250700 5.77995e-14
250710 0.0
250720 1.19069e-16
250730 1.25249e-17
260650 3.94997e-09
260670 7.98994e-09
260690 9.56992e-10
260700 2.81998e-10
260710 5.14996e-11
260720 1.06998e-11
260730 8.3298e-13
260740 3.48997e-14
260750 1.10987e-15
260760 0.0
270660 2.68998e-09
270670 1.29999e-08
270680 1.51999e-08
270690 2.07998e-08
270700 1.38999e-08
270710 1.13999e-08
270720 6.01995e-09
270730 2.453978e-09
270750 3.772857e-11
270770 6.13463e-14
270780 2.85988e-15
280660 4.94996e-10
280670 5.02996e-09
280680 2.17998e-08
280690 5.96995e-08
280700 1.45999e-07
280710 2.56998e-07
280720 5.62995e-07
280730 4.94996e-07
280740 2.47998e-07
280750 8.86992e-08
280760 4.35996e-08
280770 4.0799e-09
280780 2.56995e-10
280790 1.51227e-12
280800 1.27999e-13
280810 3.03753e-15
290660 1.12999e-12
290670 5.07996e-11
290680 6.077946e-09
290700 2.0554775e-07
290720 7.82993e-07
290730 2.60998e-06
290740 2.86998e-06
290750 4.35996e-06
290760 5.20995e-06
290770 2.23998e-06
290780 3.74997e-07
290790 4.65981e-08
290800 2.53998e-09
290810 9.35962e-11
290820 1.61999e-12
290830 3.69882e-14
300660 0.0
300670 4.53996e-14
300680 2.11998e-12
300690 5.758952e-11
300700 1.19999e-09
300710 1.770987e-08
300720 3.04997e-07
300730 2.07998e-06
300740 8.35993e-06
300750 2.57198e-05
300760 0.000118929
300770 0.000114539
300780 0.0001117891
300800 7.07994e-06
300810 7.23994e-07
300820 6.43994e-08
300830 2.45994e-09
300840 7.16994e-11
300850 7.23685e-13
300860 0.0
310650 0.0
310670 0.0
310690 1.07999e-14
310700 5.64995e-13
310710 3.83997e-11
310720 1.619986e-09
310730 4.74996e-08
310740 4.23996e-07
310750 5.01996e-06
310760 4.68696e-05
310770 0.000164999
310780 0.000260628
310790 0.000315647
310800 0.000207878
310810 9.96391e-05
310820 2.37098e-05
310830 4.68996e-06
310840 3.82997e-07
310850 2.22991e-08
310860 4.8974733e-10
310880 1.53566e-13
320660 0.0
320670 0.0
320680 0.0
320690 0.0
320700 0.0
320710 0.0
320720 1.35999e-12
320730 4.2924591e-09
320750 4.8293589e-06
320770 3.610966e-05
320780 0.000221128
320790 0.000536816
320800 0.00136613
320810 0.00145985
320820 0.00149917
320830 0.000767733
320840 0.000300507
320850 4.91196e-05
320860 5.41995e-06
320870 3.15993e-07
320880 1.37997e-08
320890 6.81497e-11
320900 3.26532e-12
320910 1.31255e-13
330690 0.0
330710 0.0
330720 0.0
330730 0.0
330740 4.03996e-13
330750 5.47995e-11
330760 5.47995e-09
330770 1.89998e-07
330780 2.84998e-06
330790 2.85098e-05
330800 0.000164029
330810 0.000682804
330820 0.001477668
330830 0.00306922
330840 0.00275592
330850 0.00207053
330860 0.000588585
330870 0.000167579
330880 2.01198e-05
330890 2.09991e-06
330900 7.44643e-08
330910 4.04441e-09
330920 6.1315e-12
330930 8.78913e-12
340720 0.0
340730 0.0
340740 0.0
340750 0.0
340760 9.34992e-13
340770 8.49993e-11
340780 6.20995e-09
340790 1.567988e-07
340800 4.26996e-06
340810 4.383965e-05
340820 0.000402097
340830 0.001878957
340840 0.00594017
340850 0.01065207
340860 0.0122675
340870 0.00675035
340880 0.00446696
340890 0.00121718
340900 0.000238473
340910 9.58587e-06
340920 5.50989e-07
340930 5.84531e-07
340940 1.57999e-10
340950 3.09949e-12
340960 3.07997e-14
350750 0.0
350770 0.0
350780 1.23999e-13
350790 1.506987e-11
350800 1.14699e-09
350810 5.86995e-08
350820 1.424987e-06
350830 3.17797e-05
350840 0.0002631173
350850 0.00184183
350860 0.00449166
350870 0.014254
350880 0.0166928
350890 0.0132885
350900 0.00725716
350910 0.00136232
350920 0.000209288
350930 0.00064189
350940 8.13993e-07
350950 9.55053e-08
350960 2.27998e-09
350970 1.72912e-11
350980 4.80727e-13
360770 0.0
360780 0.0
360790 0.0
360800 4.30996e-14
360810 6.261943e-12
360820 7.79993e-10
360830 4.976953e-08
360840 2.01998e-06
360850 3.727965e-05
360860 0.001542
360870 0.00350431
360880 0.0124732
360890 0.0255753
360900 0.0402432
360910 0.029162
360920 0.0135368
360930 0.00305278
360940 0.000618905
360950 0.000226363
360960 2.30898e-05
360970 1.14997e-06
360980 4.31991e-08
360990 2.95535e-11
361000 9.59992e-12
361010 3.51064e-13
370790 0.0
370810 0.0
370830 1.29999e-12
370840 1.48999e-10
370850 1.44999e-08
370860 4.37996e-07
370870 1.33099e-05
370880 0.000547855
370890 0.00389926
370900 0.00817862
370910 0.0200984
370920 0.0279003
370930 0.0340824
370940 0.0189055
370950 0.00898065
370960 0.00227937
370970 0.000537125
370980 5.34695e-05
370990 9.10641e-07
371000 1.54999e-07
371010 1.08174e-08
371020 1.85837e-11
371030 7.59104e-13
371040 7.71167e-15
380830 0.0
380840 0.0
380850 4.31996e-13
380860 6.73994e-11
380870 5.758952e-09
380880 3.63997e-07
380890 8.31993e-06
380900 0.000343157
380910 0.0068519
380920 0.0161423
380930 0.0214448
380940 0.0378687
380950 0.0436722
380960 0.0438316
380970 0.0236963
380980 0.0104358
380990 0.00215836
381000 0.000355737
381010 2.5639e-05
381020 1.66997e-06
381030 5.0485e-08
381040 6.92986e-10
381050 0.0
381060 0.0
381070 0.0
381080 0.0
390850 0.0
390870 4.02997e-14
390880 7.27994e-12
390890 8.11993e-10
390900 4.58996e-08
390910 1.719986e-06
390920 2.89897e-05
390930 0.00206802
390940 0.00677415
390950 0.0117795
390960 0.01479136
390970 0.0302724
390980 0.0277034
390990 0.0225104
391000 0.00869977
391010 0.00283096
391020 0.000458116
391030 5.5439e-05
391040 2.31998e-06
391050 1.86582e-13
391060 6.89182e-15
391070 6.04955e-16
391080 4.65324e-18
391090 2.14229e-13
391100 4.82953e-15
400870 0.0
400880 0.0
400890 0.0
400900 1.779984e-12
400910 2.00998e-10
400920 1.66999e-08
400930 4.92996e-07
400940 1.29099e-05
400950 0.000147749
400960 0.00685285
400980 0.020377
400990 0.0336336
401000 0.0489287
401010 0.0341132
401020 0.0222015
401030 0.00625857
401040 0.00116425
401050 5.48995e-06
401060 2.73998e-07
401070 1.78e-08
401080 1.84998e-10
401090 1.42475e-08
401100 4.33991e-10
401110 9.55331e-14
401120 6.03649e-15
410890 0.0
410900 0.0
410910 0.0
410920 8.35993e-14
410930 1.241988e-11
410940 9.21992e-10
410950 5.324952e-08
410960 1.19999e-06
410970 2.612976e-05
410980 0.0002283576
410990 0.001545669
411000 0.00496766
411010 0.0135791
411020 0.03532052
411040 0.00714192
411050 0.00277348
411060 0.000536597
411080 8.18993e-06
411090 1.56456e-05
411100 5.53995e-07
411110 2.94369e-09
411120 1.3766e-10
411130 6.63481e-14
411140 5.0966e-15
411150 2.01804e-15
420890 0.0
420910 0.0
420920 0.0
420930 0.0
420950 1.49999e-12
420960 1.66999e-10
420970 9.93991e-09
420980 4.22996e-07
420990 7.23994e-06
421000 0.000107399
421010 0.000692764
421020 0.00365223
421030 0.00797168
421040 0.0120413
421050 0.00916739
421060 0.00479012
421070 0.0026645
421080 0.00107449
421090 0.000419266
421100 0.000111609
421110 6.977e-06
421120 4.4527155e-07
421140 4.57991e-10
421150 1.34212e-10
421160 5.84995e-14
421170 2.08038e-15
430930 0.0
430950 0.0
430970 6.07994e-14
430980 7.13994e-12
430990 2.42841951e-08
431010 7.60993e-07
431020 9.75992e-06
431030 0.0004100162
431050 7.47394e-05
431060 0.000102889
431070 0.000256828
431080 0.000223708
431090 0.000339107
431100 0.000304537
431110 0.000119539
431120 2.47098e-05
431130 4.84555e-06
431140 4.49996e-07
431150 1.47382e-07
431160 9.14992e-10
431170 6.41032e-11
431180 7.871648e-14
440950 0.0
440960 0.0
440970 0.0
440980 0.0
440990 0.0
441000 7.25994e-13
441010 6.40994e-11
441020 3.95997e-09
441030 9.93991e-08
441040 1.58999e-06
441050 9.70991e-09
441070 8.40993e-08
441080 4.90996e-07
441090 0.0002723676
441110 0.000278298
441120 0.000288488
441130 0.000154549
441140 7.07394e-05
441150 1.43924e-05
441160 2.02998e-06
441170 1.51935e-07
441180 6.88986e-09
441190 1.35997e-10
441200 1.82998e-12
441210 1.38896e-14
441220 0.0
441240 0.0
450990 0.0
451010 0.0
451020 0.0
451030 1.703988e-12
451040 7.35994e-11
451050 6.999943e-10
451060 0.0
451070 0.0
451080 1.361988e-13
451090 1.04999e-07
451100 2.65998e-06
451110 2.07698e-05
451120 6.04895e-05
451130 0.000146229
451140 0.000155209
451150 0.0001831986
451170 1.84598e-05
451180 2.45998e-06
451190 2.787979e-07
451210 4.27982e-10
451220 8.11993e-12
451230 1.36999e-13
451240 0.0
460990 0.0
461010 0.0
461020 0.0
461040 0.0
461050 0.0
461060 0.0
461080 0.0
461090 2.260984e-11
461100 5.07996e-09
461110 1.666986e-07
461120 2.97997e-06
461130 2.04498e-05
461140 9.56792e-05
461150 0.000181648
461160 0.000263358
461170 0.000241968
461180 0.000150779
461190 4.51896e-05
461200 9.35992e-06
461210 1.1399891e-06
461230 4.78996e-09
461240 2.33998e-10
461250 0.0
461270 0.0
461280 0.0
461290 0.0
461300 2.55998e-14
471030 0.0
471050 0.0
471060 0.0
471070 0.0
471080 0.0
471090 0.0
471100 8.87992e-14
471110 2.397978e-11
471120 6.650942e-08
471140 8.57993e-07
471150 7.43994e-06
471160 2.60198e-05
471170 0.0001017992
471180 0.0001446588
471190 0.000185938
471200 9.37492e-05
471210 4.80096e-05
471220 1.19699e-05
471230 2.79998e-06
471240 3.64997e-07
471250 2.34998e-11
471260 1.84998e-12
471270 3.89997e-13
471280 1.51999e-14
471290 1.27787e-15
471300 1.44999e-09
471310 1.488426e-11
481050 0.0
481060 0.0
481070 0.0
481080 0.0
481090 0.0
481100 0.0
481110 0.0
481120 1.14999e-13
481130 1.708987e-11
481140 1.25999e-09
481150 3.063974e-08
481160 5.44995e-07
481170 5.80995e-06
481180 0.0001550487
481200 0.000239168
481210 0.000268328
481220 0.000425877
481240 8.86992e-05
481250 5.21995e-06
481260 1.91998e-06
481270 1.05999e-06
481280 2.29998e-07
481290 3.75997e-08
481300 1.11999e-05
481310 9.77977e-07
481320 1.60997e-08
481330 8.7621e-11
481340 3.01997e-12
481350 2.22272e-13
481360 0.0
491070 0.0
491090 0.0
491110 0.0
491120 0.0
491130 0.0
491140 1.30999e-14
491150 2.192977e-12
491160 1.163991e-10
491170 6.83994e-09
491180 1.318988e-07
491190 2.035987e-06
491200 1.05399e-05
491210 4.958953e-05
491220 0.0001077591
491230 0.0002315277
491240 0.000285428
491250 0.000367036
491260 0.000290678
491270 0.000660814
491280 0.000726244
491300 0.000859104
491310 0.000375366
491320 2.076969e-05
491340 5.96995e-08
491350 6.84892e-09
491360 6.86994e-12
491370 5.62341e-14
501110 0.0
501120 0.0
501130 0.0
501140 0.0
501150 0.0
501170 6.37994e-13
501180 6.95994e-11
501190 9.2078174e-08
501210 1.11399e-06
501220 1.08199e-05
501230 5.35496e-05
501240 0.000255328
501250 0.0003076573
501260 0.000678764
501270 0.002378095
501280 0.00454314
501290 0.00740633
501300 0.01322642
501310 0.01386564
501320 0.00321367
501330 0.00138078
501340 0.000182652
501360 3.23997e-07
501370 3.73991e-09
501380 1.7626364e-10
501400 1.23741e-13
511130 0.0
511150 0.0
511170 0.0
511180 0.0
511190 8.85992e-14
511200 7.23994e-12
511210 1.3086886e-08
511230 2.99997e-07
511240 3.49998e-06
511250 2.26198e-06
511270 2.47398e-05
511280 0.0001036691
511290 0.000607975
511300 0.00361121
511310 0.014956
511320 0.0326296
511330 0.0152368
511340 0.00488454
511350 0.00245877
511360 0.000140139
511370 8.40993e-06
511380 1.13999e-06
511390 3.89984e-08
511400 2.82187e-09
511410 2.30563e-12
511420 1.55791e-13
521150 0.0
521170 0.0
521180 0.0
521190 0.0
521200 0.0
521210 1.569986e-14
521220 2.14998e-12
521230 1.430987e-10
521240 8.12993e-09
521250 5.12995e-13
521260 1.24999e-11
521270 4.22996e-10
521280 9.45992e-09
521290 1.593986e-07
521300 0.000240188
521310 0.013739733
521330 0.0466945
521340 0.0601889
521350 0.0349341
521370 0.00160813
521380 0.00108758
521390 9.79292e-05
521400 9.0371e-06
521410 1.53338e-07
521420 1.39997e-08
521430 8.70734e-12
521450 1.16474e-13
531210 0.0
531220 0.0
531250 0.0
531260 0.0
531270 0.0
531280 0.0
531290 0.0
531300 1.779986e-07
531310 1.08099e-05
531320 0.0001024292
531330 0.00383768
531340 0.0108278
531350 0.0360323
531360 0.0330169
531370 0.0365226
531390 0.00460471
531400 0.00111389
531410 0.0001910148
531430 2.68301e-07
531440 0.0
531450 3.58894e-09
531460 3.7835e-12
531470 3.36909e-13
541240 0.0
541250 0.0
541260 0.0
541270 0.0
541280 0.0
541300 1.89998e-11
541310 3.255973e-09
541320 5.7020499e-05
541340 0.0001874386
541350 0.00305194
541360 0.0171223
541370 0.0353304
541380 0.0468308
541390 0.0379271
541400 0.0258746
541410 0.0087995
541420 0.00566732
541430 0.000635916
541440 0.0
541450 8.50634e-06
541460 3.39993e-07
541470 2.24685995e-08
541490 3.50927e-13
541500 0.0
551270 0.0
551290 0.0
551310 1.61999e-14
551320 2.61998e-12
551330 7.51993e-10
551340 2.1103796e-06
551360 0.000117279
551370 0.00228352
551380 0.02765611
551400 0.0304691
551410 0.0349117
551420 0.022656
551430 0.0120089
551440 0.00380411
551450 0.00137307
551460 0.000152039
551470 2.46052e-05
551480 4.05996e-07
551490 1.08132e-08
551500 1.12999e-10
551510 3.23806e-13
551520 9.14717e-15
561290 0.0
561310 0.0
561320 0.0
561330 0.0
561340 1.88998e-12
561350 2.44998e-10
561360 6.32994e-08
561370 8.50993e-07
561380 2.12998e-05
561390 0.000200798
561400 0.0023551
561410 0.0155707
561420 0.0266072
561430 0.0361057
561440 0.0533236
561460 0.0115105
561470 0.00240278
561480 0.000411816
561500 1.48999e-06
561510 2.15351e-08
561520 8.21984e-10
561530 1.93091e-12
561540 3.64997e-14
561550 1.60134e-15
571330 0.0
571350 0.0
571370 2.62998e-11
571380 9.76992e-08
571390 8.91992e-08
571400 2.03998e-06
571410 4.65796e-05
571420 0.000299087
571430 0.00864931
571440 0.01852
571450 0.012425
571460 0.01328462
571470 0.0111544
571480 0.00422294
571490 0.00125961
571500 0.0002126663
571520 1.36999e-06
571530 5.94976e-08
571540 8.493356e-10
571560 4.6181e-14
571570 9.98381e-16
581350 0.0
581370 1.19999e-12
581390 3.038973e-12
581400 3.56997e-10
581410 1.033991e-06
581430 1.39299e-05
581440 0.000167989
581450 0.000918462
581460 0.00426799
581470 0.00765368
581480 0.0116469
581490 0.00757686
581500 0.00456916
581510 0.00136694
581520 0.000353657
581530 3.92997e-05
581540 2.45998e-06
581550 1.1695e-07
581560 4.14992e-09
581570 6.63984e-11
581580 9.24992e-13
581590 3.31013e-15
581600 0.0
591390 0.0
591400 0.0
591410 1.77998e-13
591420 1.569986e-11
591430 1.60999e-09
591440 5.340956e-08
591450 1.44999e-06
591460 1.82598e-05
591470 0.000711845
591490 0.00148579
591500 0.00189731
591510 0.00339382
591530 0.000547675
591540 7.91093e-05
591550 1.65799e-05
591560 1.47999e-06
591570 1.10999e-07
591580 4.03997e-09
591590 1.01996e-10
591600 9.10992e-13
591610 1.95466e-15
591620 1.20182e-17
601400 0.0
601410 0.0
601420 0.0
601430 1.36999e-14
601440 1.28999e-10
601450 1.82998e-10
601460 1.21999e-08
601470 2.80998e-07
601480 5.17996e-06
601490 3.45997e-05
601500 0.000201988
601510 0.000534985
601520 0.00113424
601530 0.0010181
601540 0.000566145
601550 0.000250118
601560 9.08192e-05
601570 1.865988e-05
601590 1.66999e-07
601600 7.05994e-09
601610 1.29997e-10
601620 1.07998e-12
601630 0.0
601640 0.0
611410 0.0
611430 0.0
611440 0.0
611460 7.22994e-14
611470 8.61993e-12
611480 1.6866896e-08
611500 2.50998e-07
611510 3.18997e-06
611520 1.649985e-05
611530 6.49994e-05
611540 7.33794e-05
611550 0.000119959
611560 8.71392e-05
611570 5.75495e-05
611580 2.01998e-05
611590 5.33995e-06
611600 5.41995e-07
611610 4.52996e-08
611620 9.60992e-10
611630 1.6800897e-11
611650 0.0
611660 1.07273e-17
611670 2.46588e-19
621430 0.0
621440 0.0
621450 0.0
621460 0.0
621470 0.0
621480 0.0
621490 5.71995e-13
621500 1.6756896e-09
621520 4.08996e-08
621530 4.18996e-07
621540 1.001991e-05
621560 2.30598e-05
621570 3.16497e-05
621580 4.07296e-05
621590 2.16298e-05
621600 8.33993e-06
621610 1.52999e-06
621620 1.37999e-07
621630 5.51995e-09
621640 6.20995e-10
621650 2.65998e-11
621660 9.63981e-13
621670 1.63996e-14
621680 0.0
621690 3.69955e-19
621700 0.0
621710 1.68346e-22
631470 0.0
631490 0.0
631510 9.54992e-12
631520 9.35991e-13
631530 4.59996e-11
631540 6.20994e-10
631550 1.09999e-08
631560 8.27993e-08
631570 4.73996e-07
631580 1.38999e-06
631590 2.88998e-06
631600 3.80997e-06
631620 2.78998e-07
631630 4.19996e-08
631640 1.254988e-08
631660 1.73998e-10
631670 1.37999e-11
631680 2.80998e-13
631690 1.13995e-14
631700 0.0
631710 5.1873e-18
641470 0.0
641490 0.0
641510 0.0
641530 0.0
641540 2.57998e-14
641550 1.32999e-12
641560 3.91997e-11
641570 6.49994e-10
641580 8.77992e-09
641590 4.47996e-08
641600 1.50999e-07
641610 2.25998e-07
641620 1.58999e-07
641630 4.70996e-08
641640 4.32996e-08
641650 1.63999e-08
641660 6.81994e-09
641680 9.34992e-11
641690 9.46992e-12
641700 4.482907e-13
641720 0.0
651510 0.0
651530 0.0
651550 0.0
651560 0.0
651570 5.454955e-13
651590 1.26999e-11
651600 1.11999e-10
651610 7.65993e-10
651620 1.297988e-09
651630 1.56999e-09
651640 3.15997e-09
651650 4.52996e-09
651660 3.19997e-09
651670 2.11998e-09
651680 3.96997e-10
651690 1.61999e-10
651700 1.73998e-11
651710 2.17998e-12
651720 1.04999e-13
661550 0.0
661560 0.0
661570 0.0
661580 0.0
661590 0.0
661600 1.19999e-14
661610 2.14998e-13
661620 1.72999e-12
661630 5.17996e-12
661640 4.69996e-11
661650 1.602988e-10
661660 4.67996e-10
661670 6.63994e-10
661680 4.61996e-10
661690 3.76997e-10
661700 1.49999e-10
661710 4.00997e-11
661720 7.72993e-12
671590 0.0
671610 0.0
671620 0.0
671630 0.0
671640 0.0
671650 1.11999e-13
671660 8.25993e-13
671670 5.22995e-12
671680 8.52993e-12
671690 2.81998e-11
671700 2.35998e-11
671710 2.30998e-11
671720 8.67992e-12
681610 0.0
681620 0.0
681630 0.0
681640 0.0
681650 0.0
681660 0.0
681670 0.0
681680 2.73998e-14
681690 2.25998e-13
681700 8.30993e-13
681710 1.87998e-12
681720 2.70998e-12
691650 0.0
691660 0.0
691670 0.0
691680 0.0
691690 0.0
691700 0.0
691710 0.0
691720 1.12999e-14
701660 0.0
701670 0.0
701680 0.0
701690 0.0
701700 0.0
701710 0.0
701720 0.0
711690 0.0
711710 0.0
711720 0.0
721710 0.0
