230660 5.51216e-18
230670 1.14105e-18
240660 5.15e-13
240670 7.88998e-14
240680 5.4936e-17
240700 0.0
250660 9.84011e-11
250670 6.19007e-11
250680 8.06009e-12
250690 1.75997e-12
250700 1.17001e-13
250710 0.0
250720 9.15126e-17
250730 2.29946e-17
260650 2.64003e-09
260670 6.13007e-09
260690 1.21001e-09
260700 3.45004e-10
260710 7.38008e-11
260720 8.55001e-12
260730 1.59e-12
260740 1.27001e-13
260750 3.30865e-15
260760 0.0
270660 1.54002e-09
270670 7.70009e-09
270680 9.1601e-09
270690 1.88002e-08
270700 1.36002e-08
270710 1.15001e-08
270720 3.67004e-09
270730 3.596037e-09
270750 1.1283808e-10
270770 1.03982e-13
270780 8.38063e-15
270790 1.3204e-15
280660 1.80002e-10
280670 2.06002e-09
280680 8.3901e-09
280690 3.69004e-08
280700 9.0501e-08
280710 1.72002e-07
280720 2.06002e-07
280730 4.27005e-07
280740 3.79004e-07
280750 1.71002e-07
280760 4.62005e-08
280770 7.18998e-09
280780 7.83001e-10
280790 9.13008e-11
280800 4.60005e-13
280810 1.04566e-14
290660 3.22004e-13
290670 1.47002e-11
290680 2.6249315e-09
290700 1.0229114e-07
290720 2.31003e-07
290730 1.65002e-06
290740 3.36004e-06
290750 5.79007e-06
290760 3.98005e-06
290770 2.58003e-06
290780 8.15009e-07
290790 1.0291e-07
290800 6.72008e-09
290810 3.34993e-10
290820 7.02008e-12
290830 1.13093e-13
290840 3.33941e-15
300660 0.0
300670 0.0
300680 3.75004e-13
300690 1.602023e-11
300700 3.69004e-10
300710 5.699061e-09
300720 5.48006e-08
300730 8.9001e-07
300740 5.94007e-06
300750 2.25803e-05
300760 5.25306e-05
300770 8.19309e-05
300780 0.0001410314
300800 1.06201e-05
300810 1.60002e-06
300820 1.58002e-07
300830 7.81998e-09
300840 3.12e-10
300850 2.26923e-12
300860 4.17005e-14
310650 0.0
310670 0.0
310690 0.0
310700 1.30001e-13
310710 8.30009e-12
310720 2.18002e-10
310730 1.41002e-08
310740 2.29002e-07
310750 3.12004e-06
310760 1.59002e-05
310770 8.29509e-05
310780 0.000240243
310790 0.000324254
310800 0.000235313
310810 0.000150462
310820 4.31205e-05
310830 9.72011e-06
310840 1.15001e-06
310850 7.26986e-08
310860 2.3026553e-09
310880 6.21858e-13
310890 7.57625e-14
320660 0.0
320670 0.0
320680 0.0
320690 0.0
320700 0.0
320710 0.0
320720 1.01001e-13
320730 1.25869024e-09
320750 9.3480056e-07
320770 1.136012e-05
320780 0.000119241
320790 0.000376274
320800 0.000939331
320810 0.00143579
320820 0.00159313
320830 0.000972231
320840 0.000482385
320850 9.0071e-05
320860 1.30801e-05
320870 8.72997e-07
320880 5.81e-08
320890 5.23872e-09
320900 4.84932e-12
320910 4.63385e-13
330690 0.0
330710 0.0
330720 0.0
330730 0.0
330740 8.2901e-14
330750 1.34002e-11
330760 7.10008e-10
330770 3.81004e-08
330780 1.10001e-06
330790 1.41702e-05
330800 8.6851e-05
330810 0.000483505
330820 0.001241614
330830 0.00269701
330840 0.00320674
330850 0.00238959
330860 0.000963311
330870 0.000284013
330880 5.48406e-05
330890 5.90483e-06
330900 1.14977e-07
330910 1.48453e-08
330920 3.05042e-11
330930 1.58871e-12
330940 3.53207e-14
340720 0.0
340730 0.0
340740 0.0
340750 0.0
340760 6.19007e-14
340770 9.64011e-12
340780 1.25001e-09
340790 4.819057e-08
340800 1.26001e-06
340810 1.943023e-05
340820 0.000198322
340830 0.001058552
340840 0.00423021
340850 0.00748811
340860 0.0110213
340870 0.00826688
340880 0.00636314
340890 0.00194543
340900 0.000377949
340910 3.61156e-05
340920 2.85e-06
340930 1.09854e-07
340940 3.3e-09
340950 7.84663e-12
340960 3.99005e-13
350750 0.0
350770 0.0
350780 1.65002e-14
350790 3.037037e-12
350800 2.371026e-10
350810 1.68002e-08
350820 5.06006e-07
350830 1.16601e-05
350840 0.0001256215
350850 0.000835699
350860 0.00292412
350870 0.00762223
350880 0.0135574
350890 0.0155204
350900 0.00788598
350910 0.00328367
350920 0.000727158
350930 0.000123822
350940 1.06301e-05
350950 2.51379e-07
350960 1.72002e-08
350970 8.4458e-11
350980 3.37152e-12
350990 7.14264e-13
360770 0.0
360780 0.0
360790 0.0
360800 0.0
360810 1.036011e-12
360820 1.48002e-10
360830 1.041012e-08
360840 4.94006e-07
360850 9.53011e-06
360860 0.000141152
360870 0.000973211
360880 0.00615247
360890 0.0163634
360900 0.0296976
360910 0.0304434
360920 0.0253573
360930 0.0112985
360940 0.00392729
360950 0.000611556
360960 7.81209e-05
360970 5.83998e-06
360980 3.15e-07
360990 4.93889e-08
361000 1.41002e-10
361010 1.62011e-12
361020 1.47894e-13
370790 0.0
370810 0.0
370830 1.64002e-13
370840 2.36003e-11
370850 2.14002e-09
370860 9.5801e-08
370870 2.97003e-06
370880 5.22106e-05
370890 0.000574847
370900 0.002610495
370910 0.00999129
370920 0.018708
370930 0.0289266
370940 0.023315
370950 0.0139748
370960 0.00462043
370970 0.00142245
370980 0.000213742
370990 5.56688e-05
371000 1.20001e-06
371010 5.1903e-08
371020 3.50656e-09
371030 4.069e-12
371040 1.80885e-13
380830 0.0
380840 0.0
380850 3.28004e-14
380860 7.05008e-12
380870 6.78007e-10
380880 5.38006e-08
380890 1.77002e-06
380900 3.56504e-05
380910 0.000389854
380920 0.00282578
380930 0.0103992
380940 0.0283029
380950 0.0384017
380960 0.0435891
380970 0.0318409
380980 0.0182644
380990 0.00551155
381000 0.00112618
381010 0.00012627
381020 1.15266e-05
381030 2.81357e-07
381040 1.69e-08
381050 8.54677e-12
381060 0.0
381070 0.0
381080 0.0
390850 0.0
390870 0.0
390880 6.43007e-13
390890 1.010012e-10
390900 6.26008e-09
390910 3.27004e-07
390920 6.77008e-06
390930 0.0001051012
390940 0.000730738
390950 0.00372433
390960 0.00962472
390970 0.0235448
390980 0.0298044
390990 0.0316695
391000 0.0154851
391010 0.00697243
391020 0.00170394
391030 0.000317132
391040 2.99803e-05
391050 2.7381e-07
391060 4.25088e-14
391070 2.77711e-15
391080 2.0047e-17
391090 0.0
391100 1.72322e-13
391110 7.08208e-15
400870 0.0
400880 0.0
400890 0.0
400900 1.150014e-13
400910 1.95002e-11
400920 1.85002e-09
400930 8.4901e-08
400940 2.53003e-06
400950 3.63204e-05
400960 0.002663554
400980 0.0103827
400990 0.0247616
401000 0.040524
401010 0.0418002
401020 0.0363416
401030 0.0167387
401040 0.00627429
401050 0.000666124
401060 1.69002e-06
401070 8.1713e-08
401080 7.97009e-10
401090 1.84121e-13
401100 1.61e-08
401110 4.89702e-10
401120 7.4524e-14
401130 7.79896e-15
410890 0.0
410900 0.0
410910 0.0
410920 0.0
410930 1.206012e-12
410940 1.053012e-10
410950 6.89007e-09
410960 2.02002e-07
410970 5.23006e-06
410980 6.40508e-05
410990 0.0005997565
411000 0.00239546
411010 0.00892777
411020 0.04372776
411040 0.0225102
411050 0.00920628
411060 0.002747764
411080 3.71604e-05
411090 2.51003e-06
411100 7.89009e-06
411110 5.51968e-07
411120 1.76696e-09
411130 2.49852e-10
411140 1.00824e-13
411150 7.17317e-15
420890 0.0
420910 0.0
420920 0.0
420930 0.0
420950 8.9401e-14
420960 1.18001e-11
420970 8.8501e-10
420980 4.74005e-08
420990 1.25001e-06
421000 2.10102e-05
421010 0.000214312
421020 0.00158869
421030 0.00585213
421040 0.017117
421050 0.016242
421060 0.0179982
421070 0.00990994
421080 0.00400696
421090 0.000989361
421100 0.000498356
421110 5.46482e-05
421120 6.416141e-06
421140 9.42001e-09
421150 4.96e-10
421160 1.82002e-12
421170 1.37233e-14
421180 1.22368e-15
430930 0.0
430950 0.0
430970 0.0
430980 4.04005e-13
430990 2.35763049e-09
431010 1.06001e-07
431020 2.20002e-06
431030 0.0002902234
431050 0.000971421
431060 0.000349324
431070 0.00085123
431080 0.0009073
431090 0.000788189
431100 0.000623347
431110 0.000341614
431120 0.000117661
431130 2.78822e-05
431140 3.44004e-06
431150 5.59067e-07
431160 1.23001e-08
431170 4.39647e-10
431180 2.90797359e-11
431200 1.50916e-15
440950 0.0
440960 0.0
440970 0.0
440980 0.0
440990 0.0
441000 2.64003e-14
441010 3.69004e-12
441020 3.40004e-10
441030 1.50002e-08
441040 4.94006e-07
441050 5.5390602e-06
441070 2.14002e-07
441080 1.62002e-06
441090 0.00017067206
441110 0.000289283
441120 0.000433795
441130 0.000296153
441140 0.000165872
441150 5.53511e-05
441160 9.1901e-06
441170 1.06957e-06
441180 9.53721e-08
441190 4.57999e-09
441200 1.41e-10
441210 4.65084e-13
441220 1.78002e-14
441230 3.4335e-16
441240 0.0
450990 0.0
451010 0.0
451020 0.0
451030 1.159012e-13
451040 1.122013e-11
451050 5.943068e-10
451060 0.0
451070 1.15001e-14
451080 4.74006e-13
451090 1.232014e-11
451100 7.44008e-07
451110 7.65009e-06
451120 3.69104e-05
451130 0.000107741
451140 0.000163582
451150 0.000330724
451170 4.92506e-05
451180 1.24201e-05
451190 2.831033e-06
451210 1.48997e-08
451220 4.79005e-10
451230 1.09998e-11
451240 1.20001e-13
460990 0.0
461010 0.0
461020 0.0
461040 0.0
461050 0.0
461060 0.0
461080 0.0
461090 0.0
461100 3.95004e-10
461110 1.767016e-08
461120 4.88006e-07
461130 4.74005e-06
461140 3.36904e-05
461150 0.000129791
461160 0.000223933
461170 0.000250973
461180 0.000236273
461190 0.000124821
461200 4.88006e-05
461210 1.037012e-05
461230 1.06001e-07
461240 5.86007e-09
461250 0.0
461270 0.0
461280 0.0
461290 0.0
461300 0.0
461310 7.23357e-14
471030 0.0
471050 0.0
471060 0.0
471070 0.0
471080 0.0
471090 0.0
471100 0.0
471110 7.42008e-13
471120 4.6059569e-09
471140 1.14001e-07
471150 2.20002e-06
471160 1.084012e-05
471170 4.56006e-05
471180 0.0001006812
471190 0.000182742
471200 0.000170322
471210 0.000124381
471220 5.24606e-05
471230 1.93602e-05
471240 3.37004e-06
471250 2.38003e-10
471260 1.77002e-11
471270 1.43002e-12
471280 9.48011e-14
471290 3.87447e-15
471300 0.0
471310 2.32123246e-09
471330 2.76258e-13
481050 0.0
481060 0.0
481070 0.0
481080 0.0
481090 0.0
481100 0.0
481110 0.0
481120 0.0
481130 3.088037e-13
481140 4.51005e-11
481150 3.100037e-09
481160 7.61009e-08
481170 9.1001e-07
481180 4.535049e-05
481200 0.000126251
481210 0.000219492
481220 0.000673608
481240 0.000247743
481250 2.16202e-05
481260 7.98009e-06
481270 1.98002e-06
481280 6.68008e-07
481290 1.14001e-07
481300 1.59002e-08
481310 5.63775e-06
481320 3.59e-07
481330 1.91023e-08
481340 8.9401e-11
481350 1.1516e-12
481360 0.0
491070 0.0
491090 0.0
491110 0.0
491120 0.0
491130 0.0
491140 0.0
491150 7.84009e-14
491160 6.64008e-12
491170 3.699037e-10
491180 1.008011e-08
491190 1.939024e-07
491200 1.83402e-06
491210 1.312013e-05
491220 5.12607e-05
491230 0.0001954324
491240 0.000353864
491250 0.000788868
491260 0.000748858
491270 0.000730968
491280 0.001343076
491300 0.000319275
491310 0.001061922
491320 0.0002352231
491340 9.0201e-07
491350 3.68934e-08
491360 3.10004e-10
491370 2.73332e-12
491380 3.9709e-14
501110 0.0
501120 0.0
501130 0.0
501140 0.0
501150 0.0
501170 1.050012e-14
501180 1.36002e-12
501190 3.4981409e-09
501210 7.46008e-08
501220 1.30001e-06
501230 1.463014e-05
501240 0.000107581
501250 0.0003805141
501260 0.00101785
501270 0.001739355
501280 0.00492796
501290 0.00897977
501300 0.01760046
501310 0.01888046
501320 0.0161731
501330 0.00485086
501340 0.0010857751
501360 5.53006e-06
501370 1.88999e-07
501380 3.7266681e-09
501400 8.39389e-13
511130 0.0
511150 0.0
511170 0.0
511180 0.0
511190 0.0
511200 7.51008e-14
511210 4.5203509e-10
511230 2.50003e-08
511240 5.68005e-07
511250 1.949023e-06
511270 1.13201e-05
511280 8.00709e-05
511290 0.000531886
511300 0.002359441
511310 0.011321
511320 0.0237237
511330 0.0275574
511340 0.01588156
511350 0.00635312
511360 0.00120076
511370 0.000193372
511380 1.19501e-05
511390 5.33989e-07
511400 1.99019e-08
511410 1.28591e-11
511420 1.17736e-12
511430 3.20553e-13
521150 0.0
521170 0.0
521180 0.0
521190 0.0
521200 0.0
521210 0.0
521220 1.60002e-14
521230 3.127037e-12
521240 3.56004e-10
521250 1.265014e-13
521260 4.96006e-12
521270 9.92011e-11
521280 3.47004e-09
521290 7.90009e-08
521300 1.91002e-06
521310 0.00828603
521330 0.02158803
521340 0.0470844
521350 0.0834669
521370 0.0160791
521380 0.00441523
521390 0.000600437
521400 6.54208e-05
521410 8.89164e-07
521420 1.1e-07
521430 2.21651e-08
521440 5.19436e-12
521450 3.83867e-13
531210 0.0
531220 0.0
531250 0.0
531260 0.0
531270 0.0
531280 0.0
531290 0.0
531300 2.330027e-13
531310 1.54002e-06
531320 4.03304e-05
531330 0.000522576
531340 0.00322585
531350 0.0125254
531360 0.0232471
531370 0.0641864
531390 0.0145616
531400 0.0045252
531410 0.001109111
531430 2.49834e-05
531440 1.23158e-07
531450 1.22978e-08
531460 2.0015e-11
531470 7.26224e-13
531480 7.56718e-15
541240 0.0
541250 0.0
541260 0.0
541270 0.0
541280 0.0
541300 0.0
541310 1.999026e-10
541320 1.1192123e-06
541340 3.31504e-05
541350 0.0003840841
541360 0.0030675
541370 0.0126138
541380 0.0318174
541390 0.0422565
541400 0.049074
541410 0.027532
541420 0.0127894
541430 0.00247352
541440 0.000404841
541450 2.9918e-05
541460 1.87e-06
541470 5.09229e-08
541490 1.53867e-12
541500 2.88003e-14
551270 0.0
551290 0.0
551310 0.0
551320 1.94002e-13
551330 4.15005e-11
551340 2.5231204e-07
551360 6.26008e-06
551370 0.000115941
551380 0.0051476
551400 0.012357
551410 0.0244454
551420 0.0280367
551430 0.0211115
551440 0.00897411
551450 0.00272021
551460 0.000477475
551470 5.66009e-05
551480 2.60003e-06
551490 4.92939e-08
551500 1.58002e-09
551510 1.62793e-12
551520 1.35931e-13
551530 9.37097e-15
561290 0.0
561310 0.0
561320 0.0
561330 0.0
561340 5.83007e-14
561350 1.130012e-11
561360 1.440016e-09
561370 8.4901e-08
561380 2.84003e-06
561390 4.49205e-05
561400 0.000560186
561410 0.00290546
561420 0.0131742
561430 0.0238246
561440 0.0610038
561460 0.0166572
561470 0.00560383
561480 0.001212772
561500 9.0301e-06
561510 1.12566e-07
561520 1.27e-08
561530 6.4797e-10
561540 1.75002e-12
561550 2.18033e-14
561560 9.79971e-16
571330 0.0
571350 0.0
571370 1.09001e-12
571380 1.18001e-10
571390 9.1101e-09
571400 3.56004e-07
571410 8.31009e-06
571420 0.000114221
571430 0.00087336
571440 0.00331186
571450 0.00827907
571460 0.01230412
571470 0.0149147
571480 0.00727326
571490 0.00318364
571500 0.000791777
571520 1.16001e-05
571530 7.3036e-07
571540 2.0298705e-08
571560 2.32351e-11
571570 3.81797e-14
571580 3.20027e-16
581350 0.0
581370 0.0
581390 1.265015e-13
581400 2.45003e-11
581410 1.2378102e-07
581430 2.88003e-06
581440 4.81205e-05
581450 0.000322954
581460 0.00185653
581470 0.00553166
581480 0.0098797
581490 0.0100282
581500 0.00763175
581510 0.00369649
581520 0.00130466
581530 0.000218772
581540 2.38103e-05
581550 1.69932e-06
581560 7.63776e-08
581570 2.63999e-09
581580 2.99e-11
581590 6.83579e-14
581600 3.80917e-17
591390 0.0
591400 0.0
591410 0.0
591420 1.500018e-12
591430 1.75002e-10
591440 9.033099e-09
591450 2.71003e-07
591460 4.44005e-06
591470 0.0003419047
591490 0.00111319
591500 0.00202382
591510 0.00617059
591530 0.00160379
591540 0.000415125
591550 0.000116471
591560 1.36902e-05
591570 2.00002e-06
591580 6.46007e-08
591590 2.18996e-09
591600 2.94003e-11
591610 1.22033e-12
591620 5.94029e-16
591630 4.81584e-18
601400 0.0
601410 0.0
601420 0.0
601430 0.0
601440 1.77002e-13
601450 1.61002e-11
601460 1.21001e-09
601470 4.79005e-08
601480 1.12001e-06
601490 1.27001e-05
601500 9.74211e-05
601510 0.000435165
601520 0.00120789
601530 0.00159014
601540 0.00134102
601550 0.0008452
601560 0.000346954
601570 0.0001429012
601590 1.46002e-06
601600 8.3901e-08
601610 2.96881e-09
601620 5.55e-11
601630 3.32999e-13
601640 0.0
601650 1.23918e-17
601660 5.11791e-19
611410 0.0
611430 0.0
611440 0.0
611460 0.0
611470 7.06008e-13
611480 2.8934306e-09
611500 6.61008e-08
611510 1.33002e-06
611520 9.84012e-06
611530 5.02406e-05
611540 9.92612e-05
611550 0.000217752
611560 0.000192122
611570 0.000235313
611580 6.92008e-05
611590 2.20203e-05
611600 3.22004e-06
611610 4.47005e-07
611620 2.31003e-08
611630 5.958072e-10
611650 3.96992e-13
611660 1.21346e-14
611670 1.5153748e-17
611690 1.04606e-20
621430 0.0
621440 0.0
621450 0.0
621460 0.0
621470 0.0
621480 0.0
621490 4.38005e-14
621500 3.0786306e-10
621520 9.81011e-09
621530 1.41002e-07
621540 7.59008e-06
621560 2.11302e-05
621570 6.12407e-05
621580 6.17407e-05
621590 4.20405e-05
621600 2.07802e-05
621610 6.52007e-06
621620 1.25001e-06
621630 7.85009e-08
621640 1.11001e-08
621650 5.98007e-10
621660 3.98883e-11
621670 1.03e-12
621680 2.41e-14
621690 7.23315e-16
621700 0.0
621710 3.9246e-21
631470 0.0
631490 0.0
631510 0.0
631520 1.132014e-13
631530 7.24008e-12
631540 1.610018e-10
631550 4.04005e-09
631560 3.56004e-08
631570 4.24005e-07
631580 1.11001e-06
631590 2.74003e-06
631600 6.39008e-06
631620 1.37002e-06
631630 2.87003e-07
631640 1.145013e-07
631660 3.33004e-09
631670 3.58004e-10
631680 2.27003e-11
631690 8.15286e-13
631700 0.0
631710 1.25731e-16
641470 0.0
641490 0.0
641510 0.0
641530 0.0
641540 0.0
641550 1.78002e-13
641560 6.71008e-12
641570 2.30003e-10
641580 2.59003e-09
641590 1.71002e-08
641600 7.98009e-08
641610 2.04002e-07
641620 3.17004e-07
641630 1.47002e-07
641640 1.64002e-07
641650 7.03008e-08
641660 5.37006e-08
641680 2.64003e-09
641690 2.52003e-10
641700 1.0405978e-11
641720 0.0
651510 0.0
651530 0.0
651550 0.0
651560 0.0
651570 6.56007e-14
651590 2.04002e-12
651600 2.72003e-11
651610 2.88003e-10
651620 1.220014e-09
651630 2.19002e-09
651640 6.15007e-09
651650 9.2101e-09
651660 1.26001e-08
651670 1.09001e-08
651680 5.63006e-09
651690 1.90002e-09
651700 1.82002e-10
651710 2.17002e-11
651720 1.59002e-12
661550 0.0
661560 0.0
661570 0.0
661580 0.0
661590 0.0
661600 0.0
661610 2.94003e-14
661620 5.49006e-13
661630 2.72003e-12
661640 3.23004e-11
661650 1.272012e-10
661660 6.84008e-10
661670 1.45002e-09
661680 2.58003e-09
661690 1.94002e-09
661700 6.03007e-10
661710 1.62002e-10
661720 4.14005e-11
671590 0.0
671610 0.0
671620 0.0
671630 0.0
671640 0.0
671650 3.46004e-14
671660 5.29006e-13
671670 4.71005e-12
671680 2.16002e-11
671690 6.30007e-11
671700 4.58006e-11
671710 4.28005e-11
671720 2.36003e-11
681610 0.0
681620 0.0
681630 0.0
681640 0.0
681650 0.0
681660 0.0
681670 0.0
681680 2.23003e-14
681690 1.82002e-13
681700 5.35006e-13
681710 1.31001e-12
681720 2.67003e-12
691650 0.0
691660 0.0
691670 0.0
691680 0.0
691690 0.0
691700 0.0
691710 0.0
691720 0.0
701660 0.0
701670 0.0
701680 0.0
701690 0.0
701700 0.0
701710 0.0
701720 0.0
711690 0.0
711710 0.0
711720 0.0
721710 0.0
