230660 2.39192e-13
230670 6.2359e-14
240660 9.3776e-10
240670 1.80938e-10
240680 1.42893e-11
240700 4.19e-14
250660 1.26e-07
250670 5.78e-08
250680 1.01e-08
250690 1.59881e-09
250700 1.94e-10
250710 1.64e-11
250720 7.31857e-13
260650 1.9e-06
260670 2.761e-06
260690 3.02e-07
260700 8.73999e-08
260710 1.78e-08
260720 2.86927e-09
260730 2.53e-10
260740 1.77e-11
260750 2.54213e-12
260760 3.31e-14
270660 3.67e-06
270670 8.17e-06
270680 7.19e-06
270690 6.26e-06
270700 4.13e-06
270710 1.96e-06
270720 7.47e-07
270730 1.882e-07
270750 3.72146e-09
270770 1.31609e-11
270780 9.7156e-13
280660 9.65999e-07
280670 4.61e-06
280680 8.62e-06
280690 1.635e-05
280700 2.331e-05
280710 2.432e-05
280720 2.092e-05
280730 1.061e-05
280740 4.2e-06
280750 1.25e-06
280760 2.68e-07
280770 3.81868e-08
280780 3.80903e-09
280790 2.25967e-10
280800 7.75e-12
280810 0.0
290660 3.12e-08
290670 3.36e-07
290680 7.21e-06
290700 5.704e-05
290720 7.243e-05
290730 8.159e-05
290740 7.182e-05
290750 4.859e-05
290760 2.409e-05
290770 8.27e-06
290780 2.02e-06
290790 3.03774e-07
290800 2.84e-08
290810 1.79e-09
290820 6.41e-11
300660 1.08e-10
300670 2.75e-09
300680 2.65e-08
300690 2.596e-07
300700 1.77e-06
300710 8.606999e-06
300720 3.414e-05
300730 8.352e-05
300740 0.00015657
300750 0.00022807
300760 0.00024789
300770 0.00019489
300780 0.00015331
300800 1.016e-05
300810 1.73e-06
300820 1.73e-07
300830 1.11e-08
300840 4.05e-10
300850 3.01785e-11
300860 9.20999e-14
310650 3.67e-14
310670 5.518e-11
310690 1.27e-09
310700 2.03e-08
310710 2.29e-07
310720 2.06e-06
310730 1.141e-05
310740 4.649e-05
310750 0.00014496
310760 0.00033505
310770 0.00057408
310780 0.00072612
310790 0.00064339
310800 0.00038589
310810 0.00017017
310820 4.599e-05
310830 8.13e-06
310840 8.45e-07
310850 4.05698e-08
310860 1.585124e-09
320660 0.0
320670 0.0
320680 1.02e-14
320690 6.12e-13
320700 2.38e-11
320710 6.44e-10
320720 1.37e-08
320730 1.8921e-06
320750 7.30599991e-05
320770 0.00023053
320780 0.0006342
320790 0.00126872
320800 0.00176903
320810 0.0019015
320820 0.00131477
320830 0.00061154
320840 0.00017495
320850 2.359e-05
320860 2.41e-06
320870 1.59945e-07
320880 8.88999e-09
320890 6.39992e-10
330690 0.0
330710 1.77e-13
330720 9.21999e-12
330730 3.03e-10
330740 6.78e-09
330750 1.12e-07
330760 1.33e-06
330770 1.171e-05
330780 7.337e-05
330790 0.00034067
330800 0.0011037
330810 0.00278651
330820 0.00464905
330830 0.00532319
330840 0.00394766
330850 0.00142161
330860 0.0003797
330870 6.596e-05
330880 9.64999e-06
330890 8.6036e-07
330900 8.78739e-09
330910 1.27474e-09
330920 6.65557e-11
340720 0.0
340730 4.32e-14
340740 2.66e-12
340750 1.07e-10
340760 3.05e-09
340770 6.532e-08
340780 9.82999e-07
340790 1.1237e-05
340800 8.95999e-05
340810 0.00055127
340820 0.00223548
340830 0.00613921
340840 0.0112021
340850 0.01004679
340860 0.00661978
340870 0.00285651
340880 0.00106141
340890 0.00023436
340900 3.44512e-05
340910 3.69872e-06
340920 2.60933e-07
340930 6.73441e-09
340940 3.89e-10
340960 1.36e-13
350750 0.0
350770 3.629e-11
350780 1.35e-09
350790 3.977e-08
350800 8.21e-07
350810 1.311e-05
350820 0.00013756
350830 0.000949429
350840 0.004310219
350850 0.00924793
350860 0.01473889
350870 0.014684
350880 0.0131936
350890 0.00685337
350900 0.0024254
350910 0.00063954
350920 0.00011218
350930 9.05326e-06
350940 1.05e-06
350950 1.34916e-08
350960 2.36e-09
350970 1.05769e-10
360770 0.0
360780 1.8e-13
360790 1.39e-11
360800 7.63e-10
360810 3.29e-08
360820 9.40999e-07
360830 1.734e-05
360840 0.00020969
360850 0.00121985
360860 0.00446694
360870 0.0148402
360880 0.0210167
360890 0.0269914
360900 0.0209152
360910 0.01178
360920 0.00487399
360930 0.0009966691
360940 0.00027946
360950 3.91465e-05
360960 3.89e-06
360970 3.06894e-07
360980 1.3e-08
360990 6.65376e-10
361000 1.04e-11
370790 0.0
370810 8.06e-12
370830 3.3e-08
370840 1.12e-06
370850 1.751e-05
370860 0.00016784
370870 0.000970319
370880 0.00422585
370890 0.011799
370900 0.02152135
370910 0.0293761
370920 0.0275389
370930 0.016304
370940 0.00799725
370950 0.00269559
370960 0.00064272
370970 0.0001206
370980 1.255e-05
370990 8.94485e-07
371000 6.08e-08
371010 1.24718e-09
371020 7.11457e-11
380830 6.09e-12
380840 5.93e-10
380850 2.65e-08
380860 6.81e-07
380870 1.016999e-05
380880 0.00011215
380890 0.0007617
380900 0.00312168
380910 0.00966988
380920 0.019996
380930 0.0290564
380940 0.0281891
380950 0.0215743
380960 0.0116979
380970 0.00499837
380980 0.00123442
380990 0.000258355
381000 3.452e-05
381010 3.61875e-06
381020 2.78929e-07
381030 1.38107e-08
381040 4e-09
381050 3.12477e-10
381060 3.88667e-11
390850 3.86e-12
390870 1.09e-08
390880 3.16e-07
390890 5.225e-06
390900 5.358e-05
390910 0.0003773
390920 0.00201232
390930 0.00665284
390940 0.0135788
390950 0.0230709
390960 0.02710727
390970 0.024946
390980 0.01381656
390990 0.00665908
391000 0.00203472
391010 0.00049806
391020 9.12999e-05
391030 1.85662e-05
391040 4.44e-06
391050 4.20071e-07
391060 3.86694e-08
391070 6.60248e-10
391080 4.05454e-11
400870 1.11e-12
400880 8.68999e-11
400890 3.67e-09
400900 9.52e-08
400910 1.68e-06
400920 2.198e-05
400930 0.00016897
400940 0.00083582
400950 0.00325208
400960 0.02537392
400980 0.0202016
400990 0.0212573
401000 0.0141057
401010 0.00765227
401020 0.00317734
401030 0.00130801
401040 0.00049998
401050 0.00012133
401060 1.50913e-05
401070 1.91574e-06
401080 1.58959e-07
401090 6.23639e-09
401100 3.84e-10
401110 6.73204e-11
410890 2.45e-13
410900 1.64e-11
410910 7.38e-10
410920 2.46e-08
410930 4.753e-07
410940 5.72e-06
410950 5.531e-05
410960 0.00018879
410970 0.00146491
410980 0.00399868
410990 0.00924967
411000 0.0130758
411010 0.0150976
411020 0.0241721
411040 0.00634906
411050 0.00312739
411060 0.001148532
411080 5.212e-05
411090 8.38376e-06
411100 7.29e-07
411110 9.05008e-08
411120 1.08886e-09
411130 2.08929e-10
411140 4.92155e-12
420890 0.0
420910 3.07e-14
420920 2.64e-12
420930 4.051e-09
420950 9.59999e-08
420960 1.42e-06
420970 1.468e-05
420980 9.51299e-05
420990 0.00051165
421000 0.00161002
421010 0.00405174
421020 0.00775001
421030 0.0116048
421040 0.0104587
421050 0.00998323
421060 0.00618496
421070 0.00396828
421080 0.001814
421090 0.00065978
421100 0.00013793
421110 2.61394e-05
421120 4.875126e-06
421140 1.92951e-08
421150 6.15354e-10
421160 4.62e-11
430930 0.0
430950 1.617e-11
430970 1.5e-08
430980 2.39e-07
430990 2.6184e-05
431010 0.00013369
431020 0.00057716
431030 0.00399698
431050 0.0046387
431060 0.00607005
431070 0.00782922
431080 0.00769001
431090 0.00599048
431100 0.00285695
431110 0.00124042
431120 0.00045892
431130 8.11235e-05
431140 1.174e-05
431150 8.27239e-07
431160 1.54e-07
431170 2.68385e-09
431180 2.594832e-10
440950 0.0
440960 0.0
440970 1.46e-12
440980 5.85e-11
440990 1.91e-09
441000 3.41e-08
441010 4.73e-07
441020 4.83e-06
441030 2.889e-05
441040 6.348e-05
441050 0.00094624
441070 0.00210113
441080 0.00442423
441090 0.0146443
441110 0.00699921
441120 0.00558744
441130 0.00223999
441140 0.0007395
441150 0.000238932
441160 5.032e-05
441170 7.78731e-06
441180 9.12767e-07
441190 7.73733e-08
441200 4.86e-09
441210 3.88009e-10
441220 7.46e-12
441240 0.0
450990 1.11e-13
451010 1.651e-10
451020 4.1e-09
451030 4.848e-08
451040 1.824e-07
451050 1.57e-06
451060 1.08e-05
451070 6.933e-05
451080 0.0003295
451090 0.00115788
451100 0.00265538
451110 0.00532
451120 0.00892001
451130 0.00764375
451140 0.00545471
451150 0.00559478
451170 0.0005992
451180 0.00015768
451190 3.479e-05
451210 5.21612e-07
451220 3.8e-08
451230 2.32e-09
451240 9.63999e-11
460990 0.0
461010 0.0
461020 8.671e-12
461040 5.15e-11
461050 9.35999e-10
461060 2.615e-07
461080 2.76e-06
461090 2.211e-05
461100 0.00011855
461110 0.0005318
461120 0.00188509
461130 0.00685063
461140 0.00536657
461150 0.00810756
461160 0.00742383
461170 0.00532822
461180 0.00299787
461190 0.00126037
461200 0.00040311
461210 0.00012928
461230 2.71e-06
461240 2.73e-07
461250 1.918e-08
461270 4.45987e-10
461280 1.69e-11
461300 0.0
471030 0.0
471050 4.99e-14
471060 2.269e-12
471070 8.544e-11
471080 2.34e-09
471090 4.28e-08
471100 5.77e-07
471110 6.098e-06
471120 0.00025651
471140 0.00070322
471150 0.00220556
471160 0.0042714
471170 0.00626714
471180 0.00722394
471190 0.00628958
471200 0.0042368
471210 0.00254829
471220 0.00096945
471230 0.00031851
471240 7.595e-05
471250 1.172e-05
471260 2.38e-06
471270 5.99554e-07
471280 8.41e-08
471290 1.84321e-09
471300 1.55e-10
481050 0.0
481060 0.0
481070 0.0
481080 1.89e-13
481090 8.28e-12
481100 2.79e-10
481110 7.139999e-09
481120 1.39e-07
481130 1.349e-06
481140 1.076e-05
481150 7.6e-05
481160 0.00031809
481170 0.00098906
481180 0.00661597
481200 0.00584142
481210 0.00796934
481220 0.01015758
481240 0.00227016
481250 0.00080653
481260 0.00035946
481270 0.00014577
481280 4.064e-05
481290 5.34815e-06
481300 4.7e-07
481310 2.74e-08
481320 7.69e-10
481330 6.68238e-11
481340 1.8e-13
481360 0.0
491070 0.0
491090 0.0
491110 8.03e-13
491120 3.73e-11
491130 8.864999e-10
491140 1.706e-08
491150 2.82e-07
491160 2.659998e-06
491170 1.847e-05
491180 9.719e-05
491190 0.00037403
491200 0.001086498
491210 0.00632483
491220 0.0048871
491230 0.00724011
491240 0.00834978
491250 0.00646354
491260 0.00601308
491270 0.00382604
491280 0.0026966
491300 0.0001401099
491310 2.149e-05
491320 1.7298331e-06
491340 2.92e-09
491350 1.04391e-10
491360 1.3e-12
501110 0.0
501120 0.0
501130 5.52e-14
501140 2.61e-12
501150 2.353e-09
501170 3.6e-08
501180 4.32e-07
501190 2.7945e-05
501210 0.00014392
501220 0.0005311
501230 0.00168566
501240 0.00417824
501250 0.00688438
501260 0.0128462
501270 0.012465
501280 0.01231526
501290 0.00871283
501300 0.00446958
501310 0.001728778
501320 0.0003479
501330 5.102e-05
501340 4.792895e-06
501360 1.4e-08
501370 3.79e-10
501380 1.16e-11
511130 0.0
511150 0.0
511170 6.8e-12
511180 1.904e-10
511190 3.82e-09
511200 5.66e-08
511210 7.445e-06
511230 4.776e-05
511240 0.0002682597
511250 0.004730849
511270 0.00553261
511280 0.00993731
511290 0.0152527
511300 0.01747034
511310 0.0160276
511320 0.00802325
511330 0.00300721
511340 0.000693
511350 0.00012193
511360 1.455e-05
511370 1.02e-06
511380 8.05e-08
511390 2.71e-09
511400 5.55906e-11
521150 0.0
521170 0.0
521180 0.0
521190 3.73e-13
521200 1.29e-11
521210 4.26e-10
521220 8.56e-09
521230 1.442e-07
521240 1.92e-06
521250 1.639e-05
521260 0.00013455
521270 0.00030824
521280 0.00105763
521290 0.00362416
521300 0.00928149
521310 0.04277798
521330 0.02084889
521340 0.0118351
521350 0.00669485
521370 0.00027213
521380 5.373e-05
521390 4.58e-06
521400 2.17944e-07
521410 7.93857e-09
521420 3.36e-10
531210 2.2e-14
531220 4.26e-11
531250 2.85e-08
531260 5.22e-07
531270 1.93e-06
531280 1.296e-05
531290 0.00010495
531300 0.00063509
531310 0.00321905
531320 0.00787842
531330 0.01932658
531340 0.0293498
531350 0.0263071
531360 0.01824109
531370 0.0114858
531390 0.00077258
531400 9.36299e-05
531410 1.1578099e-05
531430 8.55111e-09
531440 5.10005e-10
531450 4.09985e-11
541240 0.0
541250 4.78e-12
541260 2e-10
541270 1.2e-09
541280 3.403e-07
541300 4.86e-06
541310 5.73e-05
541320 0.00275477
541340 0.00766626
541350 0.01810689
541360 0.0283414
541370 0.0293238
541380 0.0238939
541390 0.0119751
541400 0.00403458
541410 0.000953279
541420 0.00024111
541430 2.48114e-05
541440 1.99949e-06
541450 1.18959e-07
541460 4.57e-09
541470 2.02707e-10
541500 0.0
551270 7.15e-14
551290 9.78999e-11
551310 1.17e-07
551320 2.29e-06
551330 3.353e-05
551340 0.00189971
551360 0.00823088
551370 0.0129206
551380 0.0663679
551400 0.0230007
551410 0.0146548
551420 0.00690046
551430 0.00170878
551440 0.00032947
551450 4.79e-05
551460 4.63e-06
551470 2.69225e-07
551480 1.5e-08
551490 2.33243e-10
551500 1.03e-11
561290 0.0
561310 2.32e-11
561320 1.24e-09
561330 4.95e-08
561340 1.12e-06
561350 1.669e-05
561360 0.0001807098
561370 0.00081413
561380 0.00449417
561390 0.0110418
561400 0.0167879
561410 0.0236162
561420 0.0243673
561430 0.0136911
561440 0.00802929
561460 0.00047618
561470 7.77605e-05
561480 9.586756e-06
561500 3.76e-08
561510 1.1224e-09
561520 3.71e-11
561530 2.61646e-12
561540 0.0
571330 7.05e-12
571350 1.74e-08
571370 5.57e-06
571380 7.516e-05
571390 0.00043991
571400 0.00636346
571410 0.00527218
571420 0.0117189
571430 0.0146938
571440 0.0138986
571450 0.0103373
571460 0.00555866
571470 0.0020929
571480 0.00054876
571490 9.97599e-05
571500 1.496888e-05
571520 8.12e-08
571530 3.51738e-09
571540 1.1350814e-10
581350 1.74e-12
581370 1.3482e-07
581390 1.914e-06
581400 1.866e-05
581410 0.00085835
581430 0.00204532
581440 0.00437947
581450 0.00719603
581460 0.00846476
581470 0.00695207
581480 0.00396451
581490 0.00163355
581500 0.00051124
581510 0.00013549
581520 1.759e-05
581530 1.86e-06
581540 1.45e-07
581550 7.27749e-09
581560 2.51e-10
581570 5.67e-12
581580 8.5e-14
581600 0.0
591390 8.22e-10
591400 2.09e-08
591410 3.99e-07
591420 4.93e-06
591430 3.561e-05
591440 0.00017699
591450 0.0006404
591460 0.00174396
591470 0.00692722
591490 0.00342527
591500 0.00235125
591510 0.00180891
591530 0.00010283
591540 1.912e-05
591550 2.38e-06
591560 2.06e-07
591570 1.18e-08
591580 4.53e-10
591590 1.21e-11
591600 1.85e-13
601400 2.24e-12
601410 1.1e-10
601420 3.38e-09
601430 6.18e-08
601440 7.52e-07
601450 6.76e-06
601460 4.334e-05
601470 0.00018186
601480 0.00049082
601490 0.000975829
601500 0.00146497
601510 0.00153981
601520 0.00122081
601530 0.00067009
601540 0.00028156
601550 8.285e-05
601560 1.735e-05
601570 2.685e-06
601590 1.58e-08
601600 6.62e-10
601610 1.67e-11
601620 2.52e-13
601630 0.0
601640 0.0
611410 0.0
611430 1.04e-11
611440 7.376e-09
611460 1.14e-07
611470 1.14e-06
611480 4.171e-05
611500 0.00011871
611510 0.00034346
611520 0.000490221
611530 0.00058527
611540 0.00053378
611550 0.00035124
611560 0.00016773
611570 5.53e-05
611580 1.266e-05
611590 2.09e-06
611600 2.32e-07
611610 1.58e-08
611620 6.48e-10
611630 2.0269e-11
611650 0.0
621430 0.0
621440 1.25e-14
621450 7.05e-13
621460 2.92e-11
621470 7.29e-10
621480 1.14e-08
621490 1.31e-07
621500 6.51e-06
621520 2.489e-05
621530 6.771e-05
621540 0.00033965
621560 0.00021359
621570 0.00015647
621580 8.079e-05
621590 3.07e-05
621600 8.61e-06
621610 1.52e-06
621620 1.65e-07
621630 1.32e-08
621640 7.92e-10
621650 3.7e-11
621660 8.03e-13
621670 2.61e-14
621680 0.0
621700 0.0
631470 4.43e-14
631490 4.89e-11
631510 1.07e-08
631520 1.387998e-07
631530 9.17999e-07
631540 4.35e-06
631550 1.505e-05
631560 3.66e-05
631570 6.036e-05
631580 6.918e-05
631590 5.821e-05
631600 5.54e-05
631620 4.51e-06
631630 9.07999e-07
631640 1.489e-07
631660 7.94e-10
631670 6.27e-11
631680 2.61e-12
631690 7.97e-14
631700 0.0
641470 0.0
641490 0.0
641510 7.958e-11
641530 1.27e-09
641540 1.47e-08
641550 1.26e-07
641560 7.54e-07
641570 2.99e-06
641580 7.84e-06
641590 1.5e-05
641600 2.368e-05
641610 2.384e-05
641620 1.531e-05
641630 7.27e-06
641640 2.49e-06
641650 6.29e-07
641660 9.48e-08
641680 1.48e-09
641690 1.09e-10
641700 5.018e-12
641720 0.0
651510 0.0
651530 1.68e-13
651550 1.07e-10
651560 1.6066999e-09
651570 1.185599e-07
651590 4.79e-07
651600 3.05e-07
651610 4.62e-06
651620 7.08e-06
651630 7.75e-06
651640 5.88e-06
651650 3.21e-06
651660 9.12999e-07
651670 3.83e-07
651680 8.73999e-08
651690 1.5e-08
651700 1.59e-09
651710 1.18e-10
651720 1.18e-11
661550 0.0
661560 3.35e-13
661570 8.46e-12
661580 1.38e-10
661590 1.62e-09
661600 1.68e-08
661610 1.09e-07
661620 4.17e-07
661630 1.1e-06
661640 1.89e-06
661650 2.204e-06
661660 1.36e-06
661670 1.22e-06
661680 6.06e-07
661690 2.31e-07
661700 5.53e-08
661710 9.73999e-09
661720 2.28e-09
671590 5.376e-13
671610 2.667e-10
671620 2.731e-09
671630 1.849e-08
671640 7.59e-08
671650 1.99e-07
671660 2.755e-07
671670 5.31e-07
671680 5.62e-07
671690 4.56e-07
671700 2.34e-07
671710 9.21999e-08
671720 4.82e-08
681610 6.38e-14
681620 1.79e-12
681630 3.2e-11
681640 3.3e-10
681650 2.04e-09
681660 6.69e-09
681670 2.936e-08
681680 6.92e-08
681690 1.22e-07
681700 1.35e-07
681710 1.15e-07
681720 1.28e-07
691650 2.12e-12
691660 1.72e-11
691670 1.8e-10
691680 9.90999e-10
691690 4.04e-09
691700 1.01e-08
691710 1.93e-08
691720 4.66e-08
701660 0.0
701670 1.1e-13
701680 1.46e-12
701690 1.43e-11
701700 8.42e-11
701710 3.86e-10
701720 2.13e-09
711690 0.0
711710 8.06e-13
711720 1.058e-11
721710 0.0
