230660 1.96075e-14
230670 1.06487e-15
240660 3.72032e-10
240670 1.4801e-11
240680 5.272913e-13
240700 0.0
250660 1.69024e-07
250670 2.46034e-08
250680 2.07029e-09
250690 1.38997e-10
250700 4.74066e-12
250710 1.4002e-13
250720 4.84916e-15
260650 1.36119e-05
260670 5.90082e-06
260690 2.26032e-07
260700 2.92041e-08
260710 2.1203e-09
260720 9.2008e-11
260730 2.48035e-12
260740 4.71066e-14
260760 0.0
270660 3.38447e-05
270670 3.5755e-05
270680 2.32432e-05
270690 1.34919e-05
270700 4.18058e-06
270710 1.09015e-06
270720 1.21017e-07
270730 1.3105784e-08
270750 2.8000869e-11
280660 2.18731e-05
280670 4.63965e-05
280680 9.16628e-05
280690 0.000111746
280700 0.000114156
280710 6.60392e-05
280720 2.68137e-05
280730 6.69093e-06
280740 1.21017e-06
280750 1.38019e-07
280760 9.85137e-09
280770 3.74052e-10
280780 9.98139e-12
280790 3.86874e-13
280800 0.0
280810 0.0
290660 4.59064e-07
290670 3.20045e-06
290680 6.401894e-05
290700 0.0002945308
290720 0.000167293
290730 0.00014055
290740 5.87582e-05
290750 2.42334e-05
290760 4.36061e-06
290770 6.4209e-07
290780 4.45062e-08
290790 2.41995e-09
290800 6.82095e-11
290810 1.49021e-12
290820 1.57022e-14
300660 1.76025e-09
300670 2.9004e-08
300680 4.17058e-07
300690 3.642507e-06
300700 2.52735e-05
300710 9.21628e-05
300720 0.000261056
300730 0.000450333
300740 0.000598894
300750 0.000538245
300760 0.000341508
300770 0.000121617
300780 3.631503e-05
300800 4.9907e-07
300810 2.76039e-08
300820 1.16016e-09
300830 2.65037e-11
300840 4.75066e-13
300860 0.0
310650 1.53021e-13
310670 3.3643731e-10
310690 1.06015e-08
310700 1.76025e-07
310710 2.20031e-06
310720 1.4292e-05
310730 8.00812e-05
310740 0.00022108
310750 0.000616496
310760 0.000829546
310770 0.000981117
310780 0.000586542
310790 0.000309173
310800 8.39517e-05
310810 1.72724e-05
310820 1.87026e-06
310830 1.63023e-07
310840 7.24101e-09
310850 3.11043e-10
310860 6.21087e-12
320660 0.0
320670 0.0
320680 4.05057e-14
320690 3.33046e-12
320700 2.10029e-10
320710 6.32088e-09
320720 1.55022e-07
320730 2.1581984e-05
320750 0.0006428592
320770 0.001302654
320780 0.00248123
320790 0.00288954
320800 0.00266984
320810 0.0012537
320820 0.00049908
320830 0.000105745
320840 1.71324e-05
320850 1.85026e-06
320860 1.38019e-07
320870 5.41076e-09
320880 1.80025e-10
320890 7.75346e-12
330690 0.0
330710 6.23087e-13
330720 3.96055e-11
330730 1.98028e-09
330740 4.63064e-08
330750 1.02014e-06
330760 1.07015e-05
330770 9.22129e-05
330780 0.000385014
330790 0.00147418
330800 0.00285551
330810 0.00422233
330820 0.0037025
330830 0.00266197
330840 0.000976966
330850 0.000383003
330860 6.81695e-05
330870 9.82137e-06
330880 8.00112e-07
330890 4.8499e-08
330900 3.56835e-10
330910 2.46071e-11
330920 6.4304e-13
340720 0.0
340730 1.988273e-13
340740 1.79025e-11
340750 9.92138e-10
340760 4.00056e-08
340770 8.5812e-07
340780 1.31218e-05
340790 0.0001200272
340800 0.00078547
340810 0.002434244
340820 0.00679116
340830 0.01005022
340840 0.0114558
340850 0.00989548
340860 0.00593276
340870 0.00196438
340880 0.00057209
340890 8.33616e-05
340900 6.77059e-06
340910 3.42023e-07
340920 1.22011e-08
340930 2.0143e-10
340940 2.79039e-12
340960 0.0
350750 3.21045e-14
350770 2.857402e-10
350780 1.12016e-08
350790 4.012559e-07
350800 6.43089e-06
350810 6.96197e-05
350820 0.000441801
350830 0.00211022
350840 0.00488412
350850 0.013727
350860 0.01585101
350870 0.0166492
350880 0.0105524
350890 0.00525937
350900 0.0010215
350910 0.000191327
350920 1.65923e-05
350930 1.25997e-06
350940 3.68051e-08
350950 4.74155e-10
350960 1.89026e-11
350970 7.02958e-13
360770 0.0
360780 1.51021e-12
360790 1.450202e-10
360800 9.08127e-09
360810 2.425334e-07
360820 5.79081e-06
360830 6.4889e-05
360840 0.00050198
360850 0.002880437
360860 0.0109896
360870 0.0227321
360880 0.0441579
360890 0.0455922
360900 0.0293577
360910 0.0125045
360920 0.00376781
360930 0.000693457
360940 7.58106e-05
360950 6.59045e-06
360960 3.64051e-07
360970 9.77066e-09
360980 2.02028e-10
360990 1.0716e-11
361000 1.59022e-14
370790 0.0
370810 2.91041e-11
370830 7.61106e-08
370840 1.4002e-06
370850 2.93141e-05
370860 0.000248894
370870 0.00225019
370880 0.00653211
370890 0.0176875
370900 0.02862546
370910 0.0382913
370920 0.0240891
370930 0.0149553
370940 0.0037841
370950 0.00115818
370960 0.000156702
370970 1.58622e-05
370980 8.05112e-07
370990 6.70303e-08
371000 6.25087e-10
371010 8.70603e-12
371020 1.8606e-13
380830 9.35131e-12
380840 6.41089e-10
380850 3.36046e-08
380860 1.04015e-06
380870 1.865259e-05
380880 0.000223161
380890 0.001047
380900 0.00714779
380910 0.0201044
380920 0.0383065
380930 0.048822
380940 0.0394511
380950 0.025716
380960 0.0119631
380970 0.00284782
380980 0.000515432
380990 5.58408e-05
381000 3.75052e-06
381010 1.21008e-07
381020 3.53031e-09
381030 0.0
381040 0.0
381050 0.0
381060 0.0
390850 1.29018e-12
390870 6.57092e-09
390880 1.90027e-07
390890 3.222445e-06
390900 5.25774e-05
390910 0.000518902
390920 0.00208386
390930 0.00807688
390940 0.0175411
390950 0.0294601
390960 0.02838146
390970 0.0218672
390980 0.00857978
390990 0.00325719
391000 0.000521353
391010 6.24587e-05
391020 4.40061e-06
391030 5.23073e-13
391040 0.0
391050 6.59952e-17
391060 4.95716e-19
391070 5.60859e-13
391080 1.22283e-15
400870 2.36033e-13
400880 2.57036e-11
400890 1.07015e-09
400900 6.64092e-08
400910 1.62023e-06
400920 2.52535e-05
400930 0.000223381
400940 0.00171613
400950 0.00569421
400960 0.0452205
400980 0.033043
400990 0.0263265
401000 0.0138982
401010 0.00377462
401020 0.000922319
401030 1.97027e-06
401040 6.23087e-08
401050 1.97027e-09
401060 2.02028e-11
401070 7.79558e-09
401080 2.3202e-11
401090 1.44838e-13
401100 0.0
410890 1.16016e-14
410900 1.85026e-12
410910 1.74024e-10
410920 6.64093e-09
410930 2.221309e-07
410940 4.17058e-06
410950 4.88868e-05
410960 0.000348579
410970 0.0018678
410980 0.00466339
410990 0.011688051
411000 0.01263722
411010 0.0107626
411020 0.00749614
411040 0.000225302
411050 4.9897e-05
411060 5.77301e-06
411080 2.73038e-08
411090 9.05982e-10
411100 2.00028e-11
411110 5.6913e-13
411120 3.91622e-14
411130 1.07195e-14
420890 0.0
420910 0.0
420920 2.69038e-13
420930 1.6832332e-09
420950 4.74066e-08
420960 1.27018e-06
420970 1.64723e-05
420980 0.00014315
420990 0.000817954
421000 0.00293412
421010 0.00526755
421020 0.0081612
421030 0.00845343
421040 0.00313904
421050 0.00203488
421060 0.000687206
421070 8.83423e-05
421080 5.42076e-06
421090 6.04084e-07
421100 5.61078e-08
421110 7.91054e-09
421120 8.92059e-10
421140 1.04015e-12
421150 5.34843e-14
421160 0.0
430930 0.0
430950 1.531211e-12
430970 5.18072e-09
430980 1.09015e-07
430990 2.2169109e-05
431010 0.000125838
431020 0.00042512
431030 0.000269798
431050 0.000349219
431060 0.000308093
431070 0.000133669
431080 3.06643e-05
431090 1.56122e-05
431100 3.75052e-06
431110 1.51021e-06
431120 3.11043e-07
431130 5.58588e-08
431140 3.68051e-09
431150 3.34552e-10
431160 2.67037e-12
431170 3.59753e-14
431180 0.0
440950 0.0
440960 0.0
440970 1.66023e-13
440980 1.31018e-11
440990 6.85096e-10
441000 2.31032e-08
441010 3.62051e-07
441020 4.37061e-06
441030 3.21045e-09
441040 1.75024e-08
441050 1.537219e-06
441070 3.45048e-05
441080 4.36361e-05
441090 0.0001115855
441110 3.6175e-05
441120 2.31332e-05
441130 8.78123e-06
441140 2.11029e-06
441150 2.78704e-07
441160 1.69024e-08
441170 5.00034e-10
441180 7.95111e-12
441190 7.36103e-14
441200 0.0
441220 0.0
441240 0.0
450990 0.0
451010 3.556494e-11
451020 1.056148e-09
451030 0.0
451040 0.0
451050 2.78039e-14
451060 1.200168e-12
451070 4.07057e-07
451080 2.1603e-06
451090 1.298182e-05
451100 2.49634e-05
451110 4.44062e-05
451120 5.35875e-05
451130 5.96583e-05
451140 3.17344e-05
451150 1.787245e-05
451170 3.13044e-07
451180 1.4302e-08
451190 5.671791e-10
451210 4.64065e-13
451220 1.24017e-14
451230 0.0
451240 0.0
460990 0.0
461010 0.0
461020 3.92055e-14
461040 0.0
461050 0.0
461060 5.52077e-10
461080 2.11029e-08
461090 4.09057e-07
461100 2.98042e-06
461110 9.23129e-06
461120 3.22845e-05
461130 6.73894e-05
461140 0.000111376
461150 0.000118557
461160 6.96597e-05
461170 2.27332e-05
461180 4.25059e-06
461190 4.35061e-07
461200 4.59064e-08
461210 3.797527e-09
461230 0.0
461240 0.0
461250 0.0
461280 0.0
461300 0.0
471030 0.0
471050 0.0
471060 0.0
471070 2.19031e-14
471080 4.81068e-12
471090 4.94068e-10
471100 9.79137e-09
471110 8.5812e-08
471120 4.63765e-06
471140 1.4282e-05
471150 5.0247e-05
471160 6.63492e-05
471170 7.65506e-05
471180 3.48448e-05
471190 1.31318e-05
471200 3.33046e-06
471210 8.93125e-07
471220 2.02028e-07
471230 2.39033e-12
471240 2.1503e-13
471250 5.33074e-14
471260 0.0
471270 0.0
471280 0.0
471290 1.50377e-10
471300 1.21017e-11
471310 4.45375e-13
481050 0.0
481060 0.0
481070 0.0
481080 0.0
481090 6.24087e-14
481100 5.31074e-12
481110 9.05126e-11
481120 2.22031e-09
481130 3.090429e-08
481140 3.95055e-07
481150 3.339467e-06
481160 1.61723e-05
481170 4.41361e-05
481180 0.000128548
481200 4.89568e-05
481210 2.8304e-05
481220 2.197311e-05
481240 3.06043e-07
481250 2.35033e-07
481260 4.62064e-08
481270 7.171e-09
481280 1.35019e-09
481290 2.09014e-06
481300 2.21031e-07
481310 6.19042e-09
481320 1.21017e-10
481330 2.39798e-12
481340 0.0
481360 0.0
491070 0.0
491090 0.0
491110 0.0
491120 1.777247e-13
491130 8.43117e-12
491140 2.693374e-10
491150 8.96125e-09
491160 1.158162e-07
491170 1.260174e-06
491180 5.030706e-06
491190 1.447198e-05
491200 2.556357e-05
491210 4.486629e-05
491220 6.69093e-05
491230 9.41131e-05
491240 8.79522e-05
491250 0.000278158
491260 0.0001549716
491270 0.000114776
491280 0.0004241286
491300 8.97624e-05
491310 1.033144e-05
491320 5.850797e-07
491340 3.77053e-10
491350 6.59788e-12
491360 2.81039e-14
501110 0.0
501120 0.0
501130 0.0
501140 2.8904e-14
501150 1.4461036e-10
501170 4.40062e-09
501180 7.34102e-08
501190 3.824534e-06
501210 1.215169e-05
501220 5.45976e-05
501230 9.54734e-05
501240 0.000226202
501250 0.001281279
501260 0.00204945
501270 0.003294524
501280 0.00837976
501290 0.0073636
501300 0.00650462
501310 0.001906266
501320 0.0004307
501330 3.14644e-05
501340 3.3621662e-06
501360 2.78039e-09
501370 3.90054e-11
501380 3.29046e-13
511130 0.0
511150 0.0
511170 5.28074e-13
511180 2.56036e-11
511190 7.60106e-10
511200 1.171163e-08
511210 1.630227e-06
511230 2.05029e-07
511240 1.15416e-06
511250 0.0001054147
511270 0.000420349
511280 0.002169602
511290 0.00805282
511300 0.01471559
511310 0.0150031
511320 0.0083664
511330 0.00239265
511340 0.00064841
511350 7.37503e-05
511360 5.91082e-06
511370 3.38047e-07
511380 7.48104e-09
511390 2.06029e-10
511400 3.36806e-12
521150 0.0
521170 0.0
521180 0.0
521190 1.14016e-13
521200 6.92097e-12
521210 2.1703e-10
521220 7.48104e-09
521230 4.310598e-13
521240 1.04015e-11
521250 6.4009e-10
521260 1.00014e-08
521270 1.537212e-07
521280 4.05057e-06
521290 0.001875843
521300 0.00865936
521310 0.05627295
521330 0.04056616
521340 0.0240144
521350 0.00886128
521370 0.000305493
521380 2.62637e-05
521390 1.93027e-06
521400 6.39056e-08
521410 6.98611e-10
521420 1.75024e-11
531210 1.05015e-14
531220 0.0
531250 0.0
531260 0.0
531270 1.48021e-14
531280 1.4202e-12
531290 1.47121e-05
531300 0.0001637829
531310 0.00137742
531320 0.00562056
531330 0.01379508
531340 0.01901733
531350 0.0283508
531360 0.01972698
531370 0.01268693
531390 0.000619206
531400 5.22673e-05
531410 4.51593e-06
531430 8.59091e-10
531440 2.74083e-11
531450 6.38202e-13
541240 0.0
541250 0.0
541260 0.0
541270 0.0
541280 1.350188e-08
541300 5.63079e-07
541310 1.21717e-05
541320 0.001457483
541340 0.00858291
541350 0.01729867
541360 0.0455996
541370 0.0526068
541380 0.0361734
541390 0.0240757
541400 0.00732439
541410 0.00146626
541420 0.000192267
541430 1.19408e-05
541440 5.20045e-07
541450 8.8706e-09
541460 1.22017e-10
541470 3.00969e-12
541500 0.0
551270 0.0
551290 4.12058e-13
551310 3.94055e-09
551320 1.82025e-07
551330 4.68065e-06
551340 0.0007564654
551360 0.00378842
551370 0.0146614
551380 0.05029256
551400 0.0301554
551410 0.0199896
551420 0.006287
551430 0.00151473
551440 0.000179045
551450 1.25017e-05
551460 4.71066e-07
551470 1.8826e-08
551480 1.64023e-10
551490 2.4823e-12
551500 1.65023e-14
561290 0.0
561310 1.30018e-13
561320 2.60036e-11
561330 1.90027e-09
561340 1.37019e-07
561350 3.01042e-06
561360 6.4919e-05
561370 0.000615476
561380 0.00349225
561390 0.0106743
561400 0.0318485
561410 0.0425816
561420 0.0447042
561430 0.024914
561440 0.01305999
561460 0.000293471
561470 1.56834e-05
561480 1.0746523e-06
561500 1.00014e-09
561510 1.08708e-11
561520 1.75024e-13
561540 0.0
571330 2.52035e-14
571350 4.67065e-10
571370 1.01014e-06
571380 1.4232e-05
571390 0.000183426
571400 0.00365808
571410 0.00502104
571420 0.0116426
571430 0.0210175
571440 0.0217886
571450 0.0133259
571460 0.0047613
571470 0.000939351
571480 0.000152971
571490 1.87826e-05
571500 1.3881786e-06
571520 2.1203e-09
571530 5.90082e-11
571540 7.707184e-13
581350 0.0
581370 9.865374e-09
581390 3.294463e-07
581400 7.9111e-06
581410 0.0007569956
581430 0.00340505
581440 0.0100725
581450 0.0150525
581460 0.0179206
581470 0.00777837
581480 0.00428852
581490 0.00119587
581500 0.000291851
581510 3.53549e-05
581520 4.01056e-06
581530 2.64037e-07
581540 1.24017e-08
581550 3.56024e-10
581560 7.42104e-12
581570 7.83109e-14
581580 0.0
581600 0.0
591390 1.99028e-11
591400 1.25017e-09
591410 4.77067e-08
591420 1.060148e-06
591430 1.80825e-05
591440 0.0001647933
591450 0.000800902
591460 0.00201509
591470 0.00715071
591490 0.00357546
591500 0.00182072
591510 0.000909007
591530 4.16358e-05
591540 4.65065e-06
591550 4.75066e-07
591560 2.35033e-08
591570 9.2813e-10
591580 1.93027e-11
591590 2.99042e-13
591600 0.0
601400 3.02042e-14
601410 2.95041e-12
601420 2.67037e-10
601430 1.25017e-08
601440 4.80067e-07
601450 6.17086e-06
601460 6.02484e-05
601470 0.000253665
601480 0.000995439
601490 0.00183389
601500 0.00284119
601510 0.00226707
601520 0.00179387
601530 0.000836297
601540 0.000311844
601550 7.06199e-05
601560 1.20717e-05
601570 1.2251719e-06
601590 3.23045e-09
601600 1.11015e-10
601610 1.73024e-12
601620 2.1803e-14
601630 0.0
601640 0.0
611410 0.0
611430 2.8704e-13
611440 1.7117344e-09
611460 4.47062e-08
611470 6.56092e-07
611480 5.32574e-05
611500 0.000155522
611510 0.000393695
611520 0.000632208
611530 0.000873192
611540 0.000657152
611550 0.000456544
611560 0.000163823
611570 5.23673e-05
611580 8.76122e-06
611590 1.19017e-06
611600 9.58134e-08
611610 5.37075e-09
611620 1.67023e-10
611630 4.8381708e-12
611650 0.0
621430 0.0
621440 0.0
621450 4.67065e-14
621460 5.23073e-12
621470 2.06029e-10
621480 8.76122e-09
621490 1.4002e-07
621500 1.151161e-05
621520 5.30974e-05
621530 0.000153131
621540 0.000852809
621560 0.000523803
621570 0.000340928
621580 0.000177335
621590 5.26974e-05
621600 1.4152e-05
621610 1.80025e-06
621620 2.02028e-07
621630 1.36019e-08
621640 7.97111e-10
621650 2.37033e-11
621660 5.41076e-13
621670 0.0
621680 0.0
621700 0.0
631470 0.0
631490 1.4602e-11
631510 9.22129e-09
631520 1.190166e-07
631530 1.18016e-06
631540 6.31088e-06
631550 2.78739e-05
631560 6.10385e-05
631570 0.000122787
631580 0.000125037
631590 0.000113226
631600 8.57519e-05
631620 6.11085e-06
631630 1.39019e-06
631640 2.061288e-07
631660 1.09015e-09
631670 4.84068e-11
631680 1.15016e-12
631690 2.44034e-14
631700 0.0
641470 0.0
641490 0.0
641510 4.4307226e-11
641530 1.02014e-09
641540 2.00028e-08
641550 2.03028e-07
641560 1.52021e-06
641570 6.83095e-06
641580 2.21931e-05
641590 4.17758e-05
641600 6.74994e-05
641610 5.30074e-05
641620 4.04756e-05
641630 1.87326e-05
641640 8.05112e-06
641650 1.95027e-06
641660 3.991553e-07
641680 3.22045e-09
641690 1.62023e-10
641700 6.474909e-12
641720 0.0
651510 0.0
651530 2.95041e-14
651550 5.25073e-11
651560 9.257289e-10
651570 1.273177e-07
651590 7.31102e-07
651600 2.54035e-06
651610 6.27088e-06
651620 9.82138e-06
651630 1.35119e-05
651640 1.13816e-05
651650 8.56119e-06
651660 3.27046e-06
651670 1.15016e-06
651680 2.1503e-07
651690 3.75052e-08
651700 3.50049e-09
651710 2.65037e-10
651720 1.04015e-11
661550 0.0
661560 8.86124e-14
661570 3.5805e-12
661580 9.57134e-11
661590 1.51021e-09
661600 1.83026e-08
661610 1.02014e-07
661620 5.48076e-07
661630 1.60022e-06
661640 4.17058e-06
661650 6.379886e-06
661660 7.22101e-06
661670 5.12071e-06
661680 2.94041e-06
661690 1.07015e-06
661700 3.39047e-07
661710 5.7508e-08
661720 7.8711e-09
671590 1.053147e-13
671610 6.150862e-11
671620 7.9211e-10
671630 8.02112e-09
671640 4.69066e-08
671650 2.41034e-07
671660 5.7108e-07
671670 1.27018e-06
671680 1.4302e-06
671690 1.55022e-06
671700 9.9614e-07
671710 5.25073e-07
671720 1.53021e-07
681610 0.0
681620 1.84026e-13
681630 4.44062e-12
681640 9.26129e-11
681650 1.14016e-09
681660 9.2813e-09
681670 4.678655e-08
681680 1.71024e-07
681690 3.82053e-07
681700 7.58106e-07
681710 7.83109e-07
681720 6.78095e-07
691650 1.87026e-13
691660 3.62051e-12
691670 6.66093e-11
691680 5.62078e-10
691690 4.2706e-09
691700 1.90027e-08
691710 6.27088e-08
691720 1.10015e-07
701660 0.0
701670 0.0
701680 3.05043e-13
701690 5.48377e-12
701700 8.86124e-11
701710 6.67093e-10
701720 3.96055e-09
711690 0.0
711710 2.56036e-13
711720 3.5805e-12
721710 0.0
