230660 1.87064e-17
230670 2.02328e-18
240660 6.25013e-13
240670 6.76014e-14
240680 4.39974e-17
240700 0.0
250660 1.34007e-10
250670 5.9603e-11
250680 1.00005e-11
250690 1.47003e-12
250700 9.73049e-14
250710 0.0
250720 4.04058e-16
250730 3.5617e-17
260650 4.38022e-09
260670 7.85039e-09
260690 1.20006e-09
260700 3.40017e-10
260710 6.81034e-11
260720 1.35003e-11
260730 1.19002e-12
260740 8.97045e-14
260750 2.14001e-15
260760 0.0
270660 3.25016e-09
270670 1.16006e-08
270680 1.71009e-08
270690 2.38012e-08
270700 1.73009e-08
270710 1.37007e-08
270720 7.48037e-09
270730 3.552182e-09
270750 7.562161e-11
270770 1.22115e-13
270780 5.20786e-15
280660 5.31027e-10
280670 4.28021e-09
280680 2.0801e-08
280690 6.22031e-08
280700 1.54008e-07
280710 2.80014e-07
280720 5.80029e-07
280730 6.1003e-07
280740 5.46027e-07
280750 1.72009e-07
280760 4.29021e-08
280770 4.08008e-09
280780 1.74003e-10
280790 1.18524e-12
280800 1.00005e-13
280810 2.75657e-15
290660 1.52008e-12
290670 4.79024e-11
290680 6.640329e-09
290700 2.3825168e-07
290720 9.34047e-07
290730 3.52018e-06
290740 7.59038e-06
290750 9.30046e-06
290760 6.17031e-06
290770 2.46012e-06
290780 2.95015e-07
290790 3.96008e-08
290800 2.15011e-09
290810 9.21018e-11
290820 1.65008e-12
290830 6.10577e-14
300660 0.0
300670 4.79024e-14
300680 2.34012e-12
300690 6.54033e-11
300700 1.47007e-09
300710 2.097108e-08
300720 3.44017e-07
300730 2.97015e-06
300740 2.15011e-05
300750 5.89329e-05
300760 0.000139387
300770 0.000137227
300780 8.89345e-05
300800 5.44027e-06
300810 6.62033e-07
300820 5.37027e-08
300830 2.04004e-09
300840 6.0403e-11
300850 6.70437e-13
300860 0.0
310650 0.0
310670 0.0
310690 1.53008e-14
310700 9.64048e-13
310710 5.61028e-11
310720 2.45012e-09
310730 8.49042e-08
310740 1.480074e-06
310750 1.42007e-05
310760 7.42837e-05
310770 0.000245732
310780 0.000266003
310790 0.000352348
310800 0.00020489
310810 0.000100675
310820 2.30912e-05
310830 3.87019e-06
310840 3.38017e-07
310850 2.24004e-08
310860 5.201115e-10
310880 4.63919e-13
320660 0.0
320670 0.0
320680 0.0
320690 0.0
320700 0.0
320710 0.0
320720 2.35012e-12
320730 1.7134612e-08
320750 8.8543415e-06
320770 6.583329e-05
320780 0.000244152
320790 0.000711276
320800 0.00139997
320810 0.00160191
320820 0.00141597
320830 0.000632892
320840 0.000234822
320850 4.45122e-05
320860 4.53023e-06
320870 3.37007e-07
320880 1.55003e-08
320890 7.03361e-11
320900 4.77084e-12
320910 4.90401e-13
330690 0.0
330710 0.0
330720 0.0
330730 1.32007e-14
330740 2.727137e-12
330750 2.94015e-10
330760 1.61008e-08
330770 5.14026e-07
330780 4.89024e-06
330790 5.28226e-05
330800 0.000240442
330810 0.000928176
330820 0.001853112
330830 0.0029323
330840 0.00267256
330850 0.00200804
330860 0.000557838
330870 0.000167668
330880 2.16111e-05
330890 2.35005e-06
330900 1.59402e-07
330910 1.63851e-08
330920 4.39974e-11
330930 1.49188e-12
340720 0.0
340730 0.0
340740 0.0
340750 1.60008e-14
340760 3.86019e-12
340770 3.501171e-10
340780 1.42007e-08
340790 4.193205e-07
340800 7.65038e-06
340810 7.414374e-05
340820 0.000550397
340830 0.002020477
340840 0.00612359
340850 0.01083558
340860 0.0109445
340870 0.00786222
340880 0.00398497
340890 0.00113214
340900 0.000209791
340910 2.15647e-05
340920 1.47003e-06
340930 4.98463e-08
340940 9.67048e-10
340950 7.84392e-12
340960 1.28006e-13
350750 0.0
350770 0.0
350780 5.51028e-13
350790 7.10035e-11
350800 3.66618e-09
350810 1.50007e-07
350820 3.083152e-06
350830 4.57823e-05
350840 0.000360548
350850 0.00208006
350860 0.00513528
350870 0.0118227
350880 0.0137945
350890 0.0138048
350900 0.00641988
350910 0.0026441
350920 0.000489594
350930 6.56034e-05
350940 3.9202e-06
350950 2.62079e-07
350960 6.40032e-09
350970 6.19556e-11
350980 3.20254e-12
350990 1.08902e-12
360770 0.0
360780 0.0
360790 0.0
360800 2.0901e-13
360810 2.477125e-11
360820 2.28011e-09
360830 9.82049e-08
360840 3.32017e-06
360850 5.596277e-05
360860 0.000507025
360870 0.00257038
360880 0.0100354
360890 0.0228173
360900 0.0364541
360910 0.0346526
360920 0.0238046
360930 0.00818349
360940 0.00198982
360950 0.000344925
360960 3.73419e-05
360970 2.07004e-06
360980 1.07002e-07
360990 3.6386e-08
361000 3.36017e-11
361010 1.1301e-12
370790 0.0
370810 0.0
370830 4.25021e-12
370840 4.27021e-10
370850 3.20016e-08
370860 8.30042e-07
370870 1.78909e-05
370880 0.000184699
370890 0.00142658
370900 0.005211734
370910 0.0168554
370920 0.0253177
370930 0.0297833
370940 0.0170756
370950 0.0112409
370960 0.00308434
370970 0.000706425
370980 9.90649e-05
370990 4.78881e-05
371000 3.74019e-07
371010 3.77587e-08
371020 1.17027e-10
371030 2.71266e-12
371040 9.51781e-14
380830 0.0
380840 0.0
380850 1.430072e-12
380860 1.69008e-10
380870 1.007051e-08
380880 4.45022e-07
380890 9.13046e-06
380900 0.000134717
380910 0.00109975
380920 0.00600257
380930 0.0156708
380940 0.0308083
380950 0.0454322
380960 0.042355
380970 0.0234176
380980 0.0123518
380990 0.00285864
381000 0.000501595
381010 4.96947e-05
381020 3.91008e-06
381030 9.06345e-08
381040 3.18006e-09
381050 0.0
381060 0.0
381070 0.0
381080 0.0
390850 0.0
390870 1.10005e-13
390880 1.42007e-11
390890 1.241061e-09
390900 5.16026e-08
390910 1.80009e-06
390920 2.51513e-05
390930 0.000275434
390940 0.00134182
390950 0.00701425
390960 0.01425751
390970 0.025995
390980 0.030265
390990 0.0246284
391000 0.010467
391010 0.00397374
391020 0.000841742
391030 0.000119285
391040 7.9404e-06
391050 4.04955e-13
391060 1.32322e-14
391070 8.63997e-16
391080 7.39005e-18
391090 0.0
391100 5.62688e-14
400870 0.0
400880 0.0
400890 1.27006e-14
400900 2.34012e-12
400910 2.37012e-10
400920 1.58008e-08
400930 4.44022e-07
400940 9.86049e-06
400950 0.000126456
400960 0.005474418
400980 0.0169497
400990 0.0298164
401000 0.0425255
401010 0.0356499
401020 0.0274154
401030 0.0095015
401040 0.00253552
401050 8.1104e-06
401060 2.65013e-07
401070 1.73041e-08
401080 1.48007e-10
401090 4.9733e-14
401100 1.88004e-09
401110 4.36316e-13
401120 3.31782e-14
410890 0.0
410900 0.0
410910 0.0
410920 1.15006e-13
410930 1.434072e-11
410940 9.17046e-10
410950 5.096253e-08
410960 1.06005e-06
410970 1.857096e-05
410980 0.0001950201
410990 0.001268075
411000 0.00428666
411010 0.0120927
411020 0.0436405
411040 0.0143435
411050 0.00544612
411060 0.000862656
411080 1.43407e-05
411090 9.960499e-07
411100 1.79009e-06
411110 1.45781e-08
411120 1.10854e-09
411130 2.46109e-13
411140 4.72898e-14
411150 8.38191e-15
420890 0.0
420910 0.0
420920 0.0
420930 0.0
420950 1.59008e-12
420960 1.41007e-10
420970 7.11036e-09
420980 3.11016e-07
420990 5.42027e-06
421000 7.49337e-05
421010 0.000526356
421020 0.00332261
421030 0.00857125
421040 0.0178971
421050 0.0191037
421060 0.00910801
421070 0.00528055
421080 0.00282927
421090 0.000704085
421100 0.000229801
421110 1.91864e-05
421120 1.46718294e-06
421140 1.58003e-09
421150 2.80054e-10
421160 2.74014e-13
421170 7.65825e-15
430930 0.0
430950 0.0
430970 5.25026e-14
430980 6.47032e-12
430990 1.93816241e-08
431010 5.62028e-07
431020 9.50048e-06
431030 0.0006021498
431050 0.000213881
431060 0.000304875
431070 0.000734047
431080 0.000990839
431090 0.000822951
431100 0.000578219
431110 0.000234232
431120 5.66828e-05
431130 1.08223e-05
431140 1.06005e-06
431150 3.68583e-07
431160 2.85014e-09
431170 2.55875e-10
431180 6.757647e-13
431200 4.48954e-16
440950 0.0
440960 0.0
440970 0.0
440980 0.0
440990 0.0
441000 5.62028e-13
441010 4.72024e-11
441020 3.47017e-09
441030 9.60048e-08
441040 2.15011e-06
441050 3.781188e-08
441070 3.71019e-07
441080 3.46017e-06
441090 0.00034313752
441110 0.0003953
441120 0.00039872
441130 0.000221691
441140 9.78249e-05
441150 2.20023e-05
441160 3.59018e-06
441170 3.36761e-07
441180 2.19004e-08
441190 6.78014e-10
441200 1.50003e-11
441210 7.1234e-14
441220 0.0
441240 0.0
450990 0.0
451010 0.0
451020 0.0
451030 1.898091e-12
451040 1.228061e-10
451050 0.0
451060 0.0
451070 4.24021e-14
451080 2.1201e-12
451090 4.36022e-11
451100 3.9402e-06
451110 2.41912e-05
451120 7.01135e-05
451130 0.000161508
451140 0.000184219
451150 0.0002403615
451170 2.77914e-05
451180 5.19026e-06
451190 7.725384e-07
451210 2.38005e-09
451220 6.44032e-11
451230 1.61008e-12
451240 1.63008e-14
460990 0.0
461010 0.0
461020 0.0
461040 0.0
461050 0.0
461060 0.0
461080 0.0
461090 0.0
461100 6.48032e-09
461110 1.550074e-07
461120 2.30011e-06
461130 1.66208e-05
461140 7.9444e-05
461150 0.000185389
461160 0.000272814
461170 0.000256143
461180 0.000183939
461190 6.88634e-05
461200 1.9831e-05
461210 3.113158e-06
461230 2.69013e-08
461240 1.28006e-09
461250 0.0
461270 0.0
461280 0.0
461290 0.0
461300 0.0
471030 0.0
471050 0.0
471060 0.0
471070 0.0
471080 0.0
471090 0.0
471100 1.397069e-13
471110 2.091103e-11
471120 4.557233e-08
471140 6.78034e-07
471150 7.04036e-06
471160 2.60614e-05
471170 8.87444e-05
471180 0.0001475874
471190 0.00019752
471200 0.000139987
471210 7.54338e-05
471220 2.73914e-05
471230 9.17046e-06
471240 1.30006e-06
471250 6.34032e-11
471260 5.59028e-12
471270 4.29021e-13
471280 1.69008e-14
471290 1.22335e-15
471300 0.0
471310 7.431682e-11
471330 2.24975e-13
481050 0.0
481060 0.0
481070 0.0
481080 0.0
481090 0.0
481100 0.0
481110 0.0
481120 6.70033e-14
481130 9.82049e-12
481140 7.86039e-10
481150 2.658128e-08
481160 4.29021e-07
481170 3.999202e-06
481180 0.0001113355
481200 0.000214561
481210 0.000261544
481220 0.000660733
481240 0.000177729
481250 1.29206e-05
481260 4.89024e-06
481270 1.16006e-06
481280 2.32012e-07
481290 2.45012e-08
481300 4.71024e-09
481310 2.36005e-06
481320 1.23002e-07
481330 7.51681e-09
481340 2.13011e-11
481350 6.18114e-13
481360 0.0
491070 0.0
491090 0.0
491110 0.0
491120 0.0
491130 0.0
491140 0.0
491150 2.071108e-12
491160 1.016052e-10
491170 4.313217e-09
491180 8.21041e-08
491190 1.139057e-06
491200 7.60038e-06
491210 3.433169e-05
491220 0.0001139256
491230 0.0003421269
491240 0.000471574
491250 0.000913226
491260 0.00081127
491270 0.000776258
491280 0.000701006
491300 0.0001671483
491310 0.00058889
491320 0.00010647778
491340 2.89014e-07
491350 2.06522e-08
491360 5.33027e-11
491370 9.84705e-13
501110 0.0
501120 0.0
501130 0.0
501140 0.0
501150 0.0
501170 3.71018e-13
501180 3.30016e-11
501190 4.2782164e-08
501210 5.16026e-07
501220 7.31037e-06
501230 5.63428e-05
501240 0.000286004
501250 0.000715915
501260 0.00161081
501270 0.002728445
501280 0.00484406
501290 0.00863202
501300 0.0144738
501310 0.01468276
501320 0.0103727
501330 0.00327804
501340 0.0004956737
501360 1.43007e-06
501370 3.29007e-08
501380 5.9156077e-10
501400 3.86776e-13
511130 0.0
511150 0.0
511170 0.0
511180 0.0
511190 3.32017e-14
511200 3.07016e-12
511210 7.662379e-09
511230 2.54013e-07
511240 3.58017e-06
511250 5.745284e-06
511270 3.04815e-05
511280 0.0001292864
511290 0.000446422
511300 0.00277678
511310 0.0126224
511320 0.0222736
511330 0.0285406
511340 0.01165516
511350 0.00313407
511360 0.000507415
511370 5.50227e-05
511380 2.99015e-06
511390 1.18002e-07
511400 1.29228e-08
511410 8.98106e-12
511420 7.78186e-13
521150 0.0
521170 0.0
521180 0.0
521190 0.0
521200 0.0
521210 0.0
521220 9.36047e-13
521230 9.73048e-11
521240 6.30031e-09
521250 1.142057e-12
521260 2.71014e-11
521270 5.15026e-10
521280 1.07005e-08
521290 1.987096e-07
521300 3.85019e-06
521310 0.012560071
521330 0.03546448
521340 0.0549514
521350 0.0650553
521370 0.00797644
521380 0.00189031
521390 0.000212821
521400 1.70079e-05
521410 3.00073e-07
521420 2.60005e-08
521430 3.11186e-11
521440 3.57302e-12
521450 2.16794e-13
531210 0.0
531220 0.0
531250 0.0
531260 0.0
531270 0.0
531280 0.0
531290 1.11006e-14
531300 8.52042e-13
531310 5.31027e-06
531320 7.10336e-05
531330 0.001551538
531340 0.00971245
531350 0.0177893
531360 0.0291898
531370 0.0529551
531390 0.0087814
531400 0.00196998
531410 0.0004324719
531430 1.03973e-06
531440 1.19381e-07
531450 7.24347e-09
531460 1.23313e-11
531470 8.7164e-13
541240 0.0
541250 0.0
541260 0.0
541270 0.0
541280 0.0
541300 0.0
541310 1.393068e-09
541320 6.9369448e-06
541340 0.000145667
541350 0.001049093
541360 0.00740062
541370 0.0202158
541380 0.0428873
541390 0.0438151
541400 0.0366123
541410 0.0185311
541420 0.00713613
541430 0.001368398
541440 0.000157118
541450 9.53323e-06
541460 4.12008e-07
541470 2.91927035e-08
541490 7.09468e-13
541500 0.0
551270 0.0
551290 0.0
551310 0.0
551320 1.71009e-12
551330 6.25031e-10
551340 1.6646822e-06
551360 4.0362e-05
551370 0.000415921
551380 0.01055045
551400 0.0163055
551410 0.0284114
551420 0.0254013
551430 0.018709
551440 0.00574789
551450 0.0014949
551460 0.000188629
551470 3.83291e-05
551480 4.45022e-07
551490 2.37045e-08
551500 1.63008e-10
551510 5.96526e-13
551520 4.1603e-14
561290 0.0
561310 0.0
561320 0.0
561330 0.0
561340 1.61008e-12
561350 1.9901e-10
561360 2.1101e-08
561370 7.84039e-07
561380 1.85609e-05
561390 0.00019115
561400 0.00152195
561410 0.00646993
561420 0.0210057
561430 0.0352737
561440 0.0628789
561460 0.0122668
561470 0.00228803
561480 0.0003809649
561500 1.59008e-06
561510 1.99309e-08
561520 1.39003e-09
561530 3.861e-12
561540 1.46007e-13
561550 8.31727e-15
571330 0.0
571350 0.0
571370 2.98015e-11
571380 2.17011e-09
571390 9.9205e-08
571400 2.34012e-06
571410 4.24721e-05
571420 0.000355148
571430 0.00243231
571440 0.00659735
571450 0.0145366
571460 0.01689834
571470 0.0117027
571480 0.00446554
571490 0.00158731
571500 0.0002416424
571520 2.0801e-06
571530 1.29003e-07
571540 2.838024e-09
571560 2.87031e-13
571570 7.81179e-15
571580 9.63754e-17
581350 0.0
581370 2.92015e-14
581390 4.0302e-12
581400 4.46022e-10
581410 9.419472e-07
581430 1.73109e-05
581440 0.00019768
581450 0.00119448
581460 0.00526837
581470 0.00870816
581480 0.0117071
581490 0.00953873
581500 0.00460247
581510 0.00134326
581520 0.00040692
581530 6.59633e-05
581540 5.36027e-06
581550 3.6574e-07
581560 9.59019e-09
581570 2.61005e-10
581580 3.22006e-12
581590 7.722e-15
581600 0.0
591390 0.0
591400 0.0
591410 2.62013e-13
591420 3.02016e-11
591430 2.73014e-09
591440 9.407472e-08
591450 2.49012e-06
591460 3.15216e-05
591470 0.000959549
591490 0.00218131
591500 0.00233054
591510 0.00371395
591530 0.000851603
591540 0.000168948
591550 4.47922e-05
591560 3.10015e-06
591570 3.37017e-07
591580 1.15006e-08
591590 2.58005e-10
591600 3.33017e-12
591610 9.42802e-15
591620 2.06219e-16
591630 2.75957e-18
601400 0.0
601410 0.0
601420 0.0
601430 3.18016e-14
601440 5.20026e-12
601450 4.25021e-10
601460 2.32012e-08
601470 5.07025e-07
601480 7.75039e-06
601490 6.14631e-05
601500 0.000250082
601510 0.000550117
601520 0.00123241
601530 0.00151257
601540 0.000988469
601550 0.000588169
601560 0.000146597
601570 4.355216e-05
601590 3.08015e-07
601600 1.65008e-08
601610 3.15006e-10
601620 6.89014e-12
601630 9.22018e-14
601640 0.0
601650 3.08281e-18
611410 0.0
611430 0.0
611440 0.0
611460 2.34012e-13
611470 2.43012e-11
611480 4.1136056e-08
611500 4.50022e-07
611510 3.9202e-06
611520 2.198109e-05
611530 9.78549e-05
611540 0.0001446072
611550 0.000284604
611560 0.000152028
611570 0.000129186
611580 3.9442e-05
611590 8.66043e-06
611600 1.17006e-06
611610 8.62043e-08
611620 5.08025e-09
611630 2.901143e-10
611650 1.03002e-13
611660 4.72898e-16
611670 1.1134e-17
621430 0.0
621440 0.0
621450 0.0
621460 0.0
621470 0.0
621480 1.9201e-14
621490 2.0401e-12
621500 2.531125e-09
621520 5.64028e-08
621530 6.66033e-07
621540 2.248109e-05
621560 3.54118e-05
621570 6.51633e-05
621580 6.52633e-05
621590 3.08315e-05
621600 1.40707e-05
621610 2.34012e-06
621620 5.14026e-07
621630 7.35037e-08
621640 6.16031e-09
621650 2.82014e-10
621660 1.58003e-11
621670 3.72007e-13
621680 0.0
621690 3.35219e-18
621700 0.0
621710 2.04069e-21
631470 0.0
631490 0.0
631510 2.94015e-14
631520 1.914096e-12
631530 9.59048e-11
631540 1.520076e-09
631550 3.03015e-08
631560 1.51008e-07
631570 1.04005e-06
631580 2.52013e-06
631590 4.16021e-06
631600 6.36032e-06
631620 1.05005e-06
631630 5.13026e-07
631640 1.162058e-07
631660 2.48012e-09
631670 2.39012e-10
631680 6.18031e-12
631690 1.12002e-13
631700 0.0
631710 6.81828e-17
641470 0.0
641490 0.0
641510 0.0
641530 0.0
641540 7.14036e-14
641550 3.9802e-12
641560 9.25046e-11
641570 1.53008e-09
641580 1.50007e-08
641590 6.44032e-08
641600 2.45012e-07
641610 2.99015e-07
641620 4.89024e-07
641630 5.19026e-07
641640 3.19016e-07
641650 1.21006e-07
641660 7.52037e-08
641680 1.37007e-09
641690 6.52033e-11
641700 3.0598863e-12
641720 0.0
651510 0.0
651530 0.0
651550 0.0
651560 0.0
651570 1.2757682e-12
651590 2.21011e-11
651600 2.28011e-10
651610 1.09005e-09
651620 4.56022e-09
651630 1.81009e-08
651640 2.52013e-08
651650 3.24016e-08
651660 3.51018e-08
651670 2.67013e-08
651680 5.58028e-09
651690 9.42047e-10
651700 1.05005e-10
651710 1.24006e-11
651720 6.45032e-13
661550 0.0
661560 0.0
661570 0.0
661580 0.0
661590 0.0
661600 2.59013e-14
661610 4.74024e-13
661620 5.82029e-12
661630 6.22031e-11
661640 3.35017e-10
661650 1.088055e-09
661660 4.34022e-09
661670 7.54038e-09
661680 5.12026e-09
661690 1.85009e-09
661700 6.85034e-10
661710 1.82009e-10
661720 3.32017e-11
671590 0.0
671610 0.0
671620 0.0
671630 0.0
671640 6.34032e-14
671650 8.56043e-13
671660 9.11045e-12
671670 6.25031e-11
671680 1.03005e-10
671690 1.34007e-10
671700 1.114056e-10
671710 9.77049e-11
671720 3.72019e-11
681610 0.0
681620 0.0
681630 0.0
681640 0.0
681650 0.0
681660 0.0
681670 4.0002e-14
681680 2.98015e-13
681690 1.03005e-12
681700 3.34017e-12
681710 7.17036e-12
681720 9.40047e-12
691650 0.0
691660 0.0
691670 0.0
691680 0.0
691690 0.0
691700 0.0
691710 1.32007e-14
691720 4.39022e-14
701660 0.0
701670 0.0
701680 0.0
701690 0.0
701700 0.0
701710 0.0
701720 0.0
711690 0.0
711710 0.0
711720 0.0
721710 0.0
