230660 1.5715e-13
230670 3.21653e-14
230680 3.79857e-15
240660 5.12843e-10
240670 1.04968e-10
240680 1.281588e-11
240700 4.38e-14
250660 6.01e-08
250670 2.99e-08
250680 9e-09
250690 1.36958e-09
250700 2.06e-10
250710 1.72e-11
250720 7.78094e-13
250730 9.92529e-14
260650 6.95e-07
260670 1.381e-06
260690 2.19e-07
260700 8.08e-08
260710 1.72e-08
260720 2.53922e-09
260730 3.23901e-10
260740 2.64e-11
260750 1.36932e-12
260760 4.21e-14
270660 9.38e-07
270670 2.35e-06
270680 3.88e-06
270690 3.39e-06
270700 2.91e-06
270710 1.52e-06
270720 5.55e-07
270730 2.115e-07
270750 4.85763e-09
270770 2.02182e-11
270780 2.58854e-12
280660 1.52e-07
280670 8.45e-07
280680 3.1e-06
280690 6.02e-06
280700 1.131e-05
280710 1.344e-05
280720 1.153e-05
280730 8.53e-06
280740 4.37e-06
280750 1.34e-06
280760 2.97e-07
280770 6.59798e-08
280780 8.44741e-09
280790 2.16886e-10
280800 2.62e-11
280810 1.84319e-12
290660 2.57e-09
290670 3.37e-08
290680 1.5914e-06
290700 1.9473e-05
290720 2.688e-05
290730 4.383e-05
290740 5.171e-05
290750 3.752e-05
290760 2.011e-05
290770 1.107e-05
290780 3.66e-06
290790 7.07783e-07
290800 8.04e-08
290810 5.97817e-09
290820 2.8e-10
290830 1.21003e-11
300660 3.88e-12
300670 1.26e-10
300680 2.72e-09
300690 2.966e-08
300700 2.87e-07
300710 1.764e-06
300720 7.65e-06
300730 2.727e-05
300740 7.129e-05
300750 0.00011528
300760 0.0001401
300770 0.00017928
300780 0.00021476
300800 2.084e-05
300810 4.23e-06
300820 5.61e-07
300830 3.94879e-08
300840 2.32e-09
300850 8.88375e-11
300860 1.31e-12
310650 0.0
310670 2.2497e-12
310690 6.15e-11
310700 1.47e-09
310710 2.24e-08
310720 2.36e-07
310730 1.96e-06
310740 1.183e-05
310750 4.324e-05
310760 0.00011688
310770 0.00033159
310780 0.00061219
310790 0.00069498
310800 0.00050789
310810 0.00026706
310820 9.634e-05
310830 1.84e-05
310840 2.97e-06
310850 2.89911e-07
310860 1.4553377e-08
310880 2.49358e-11
320660 0.0
320670 0.0
320680 0.0
320690 1.06e-14
320700 6.4e-13
320710 2.52e-11
320720 6.75e-10
320730 2.1771e-07
320750 1.3264e-05
320770 7.451e-05
320780 0.0003152
320790 0.00081032
320800 0.0013662
320810 0.00173663
320820 0.0015925
320830 0.00078045
320840 0.00033181
320850 9.119e-05
320860 1.248e-05
320870 1.47955e-06
320880 8.13751e-08
320890 2.08309e-09
320900 1.94533e-10
330690 0.0
330710 0.0
330720 1.62e-13
330730 8.27e-12
330740 3.159e-10
330750 7.06e-09
330760 1.12e-07
330770 1.78e-06
330780 1.847e-05
330790 0.00011298
330800 0.0004536
330810 0.00136462
330820 0.0030139
330830 0.00351957
330840 0.00366868
330850 0.00266967
330860 0.00097447
330870 0.0003159
330880 4.729e-05
330890 6.79792e-06
330900 6.34837e-07
330910 6.91094e-09
330920 6.52496e-10
330930 8.17188e-11
340720 0.0
340730 0.0
340740 4.04e-14
340750 2.34e-12
340760 9.59e-11
340770 3.892e-09
340780 1.04e-07
340790 1.613e-06
340800 1.647e-05
340810 0.00012522
340820 0.00069207
340830 0.00193235
340840 0.00459786
340850 0.0085192
340860 0.00770642
340870 0.00641596
340880 0.00247463
340890 0.00094157
340900 0.000175095
340910 2.25531e-05
340920 2.12935e-06
340930 2.6668e-07
340940 4.41e-09
340950 2.26791e-10
340960 1.97e-12
350750 0.0
350770 7.081e-13
350780 5.02e-11
350790 2.057e-09
350800 5.577e-08
350810 1.14e-06
350820 1.696e-05
350830 0.00012116
350840 0.00073944
350850 0.00334767
350860 0.00731558
350870 0.0146453
350880 0.0135532
350890 0.0127355
350900 0.00604621
350910 0.00203078
350920 0.00050011
350930 7.35532e-05
350940 7.81e-06
350950 7.40108e-07
350960 2.53e-08
350970 7.9341e-10
350980 4.65631e-11
360770 0.0
360780 0.0
360790 2.14e-13
360800 1.59e-11
360810 9.054e-10
360820 3.8e-08
360830 7.338e-07
360840 1.19e-05
360850 0.0001461
360860 0.00081977
360870 0.00394706
360880 0.00883511
360890 0.0196047
360900 0.0224108
360910 0.0183508
360920 0.0111196
360930 0.00424275
360940 0.00118936
360950 0.00020413
360960 2.656e-05
360970 2.58921e-06
360980 1.51953e-07
360990 1.54734e-09
361000 2.07e-10
361010 3.63318e-11
370790 0.0
370810 5.85e-14
370830 3.82e-10
370840 1.71e-08
370850 6.01e-07
370860 9.25e-06
370870 0.00012321
370880 0.0006899
370890 0.0036645
370900 0.0102102
370910 0.0197378
370920 0.0276248
370930 0.0253604
370940 0.0175996
370950 0.00755789
370960 0.00244839
370970 0.00059442
370980 9.049e-05
370990 5.04958e-06
371000 8.15e-07
371010 1.18565e-07
371020 8.73058e-10
371030 9.2977e-11
380830 1.61e-14
380840 2.03e-12
380850 2.1e-10
380860 9.18e-09
380870 3.438e-07
380880 5.19e-06
380890 7.485e-05
380900 0.00052245
380910 0.00252142
380920 0.00837274
380930 0.0180274
380940 0.0297812
380950 0.0299079
380960 0.0226488
380970 0.0129215
380980 0.00484746
380990 0.00139273
381000 0.00026947
381010 3.27014e-05
381020 2.84913e-06
381030 3.0342e-07
381040 7.45e-09
381050 4.05893e-10
381060 8.95674e-11
381070 3.551e-11
390850 0.0
390870 8.02e-11
390880 3.38e-09
390890 1.348e-07
390900 2.55e-06
390910 3.282e-05
390920 0.0002777
390930 0.00153403
390940 0.00616722
390950 0.0144841
390960 0.02485541
390970 0.0314456
390980 0.0271671
390990 0.0180857
391000 0.0082629
391010 0.00250323
391020 0.00053854
391030 8.36865e-05
391040 9.31e-06
391050 1.32459e-06
391060 2.92293e-07
391070 1.15883e-07
391080 3.15526e-10
391090 3.63428e-11
400870 0.0
400880 1.78e-13
400890 2e-11
400900 1.06e-09
400910 3.78e-08
400920 8.54e-07
400930 1.27e-05
400940 0.00013466
400950 0.00079387
400960 0.0125668
400980 0.0183535
400990 0.0270995
401000 0.0276429
401010 0.0194599
401020 0.00976513
401030 0.00373177
401040 0.0010141
401050 0.000365335
401060 8.06176e-05
401070 3.19617e-05
401080 1.02968e-06
401090 1.18601e-07
401100 4.08e-09
401110 1.12305e-10
401120 2.01806e-11
410890 0.0
410900 3.54e-14
410910 3.57e-12
410920 2.2e-10
410930 9.12e-09
410940 2.663e-07
410950 4.158e-06
410960 1.372e-05
410970 0.00030217
410980 0.00144211
410990 0.00490868
411000 0.01128458
411010 0.0180246
411020 0.0376583
411040 0.0109774
411050 0.00680083
411060 0.003611232
411080 0.00020021
411090 3.27114e-05
411100 4.85e-06
411110 3.66496e-07
411120 6.58572e-08
411130 3.02067e-10
411140 5.08518e-11
411150 2.74419e-11
420890 0.0
420910 0.0
420920 0.0
420930 4.4333e-11
420950 1.86e-09
420960 5.1e-08
420970 9.06e-07
420980 1.111e-05
420990 9.311e-05
421000 0.00051514
421010 0.00197342
421020 0.00501993
421030 0.0100622
421040 0.0138927
421050 0.0142672
421060 0.0103654
421070 0.00713097
421080 0.00371347
421090 0.00142512
421100 0.00050348
421110 0.000101083
421120 1.9149863e-05
421140 1.65949e-07
421150 8.95535e-08
421160 6.54e-10
421170 4.44129e-11
430930 0.0
430950 5.99e-14
430970 2.28e-10
430980 7.41e-09
430990 2.3895e-06
431010 2.175e-05
431020 0.00013506
431030 0.0027773
431050 0.00364746
431060 0.0047029
431070 0.00703288
431080 0.00779264
431090 0.00657532
431100 0.00521399
431110 0.00241695
431120 0.00102331
431130 0.000271884
431140 5.616e-05
431150 2.46998e-05
431160 1.31e-06
431170 1.44936e-07
431180 1.960855e-09
431200 1.48267e-11
440950 0.0
440960 0.0
440970 0.0
440980 4.01e-13
440990 2.25e-11
441000 8.16e-10
441010 2.11e-08
441020 3.33e-07
441030 4.2e-06
441040 3.329e-05
441050 0.00034098
441070 0.00082265
441080 0.00199178
441090 0.01001958
441110 0.0063998
441120 0.00598965
441130 0.00369231
441140 0.00176228
441150 0.000638871
441160 0.00022526
441170 3.9975e-05
441180 5.80822e-06
441190 5.90819e-07
441200 4.83852e-08
441210 1.112e-09
441220 1.11e-10
441230 7.13763e-12
441240 5.93e-14
450990 0.0
451010 1.663e-12
451020 6.86e-11
451030 2.293e-09
451040 4.67e-08
451050 2.538e-07
451060 1.172e-06
451070 9.74e-06
451080 5.484e-05
451090 0.00023614
451100 0.00092334
451110 0.00206883
451120 0.00422582
451130 0.00577359
451140 0.00602271
451150 0.00866941
451170 0.0015504
451180 0.00052311
451190 0.00015111
451210 3.62889e-06
451220 3.49e-07
451230 2.32929e-08
451240 1.23e-09
451250 5.75912e-11
451260 3.79857e-12
460990 0.0
461010 0.0
461020 1.01e-13
461040 5.39e-12
461050 5.37e-11
461060 1.0637e-08
461080 1.39e-07
461090 1.468e-06
461100 1.384e-05
461110 7.343e-05
461120 0.00034671
461130 0.00109157
461140 0.00251118
461150 0.00438033
461160 0.00704818
461170 0.00642412
461180 0.00474383
461190 0.00256369
461200 0.00115843
461210 0.00049758
461230 1.572e-05
461240 2.08e-06
461250 2.003382e-07
461270 4.22744e-10
461280 4.91e-11
461290 4.17782e-11
461300 1.23e-13
471030 0.0
471050 0.0
471060 1.34e-14
471070 8.663e-13
471080 2.93e-11
471090 7.81e-10
471100 1.853e-08
471110 2.424e-07
471120 2.45e-05
471140 0.00011728
471150 0.00045948
471160 0.00161818
471170 0.0032387
471180 0.005087
471190 0.00585399
471200 0.00570204
471210 0.00448225
471220 0.00231042
471230 0.00094702
471240 0.00030158
471250 6.854e-05
471260 1.122e-05
471270 1.37958e-06
471280 2.3e-07
471290 1.36339e-07
471300 2.69e-09
471310 1.04154e-10
481050 0.0
481060 0.0
481070 0.0
481080 0.0
481090 3.37e-14
481100 2.03e-12
481110 6.756e-11
481120 1.96e-09
481130 3.895e-08
481140 5.19e-07
481150 4.826e-06
481160 3.967e-05
481170 0.00018551
481180 0.00227971
481200 0.00340135
481210 0.00580208
481220 0.01229819
481240 0.00426787
481250 0.00230493
481260 0.00089721
481270 0.00027347
481280 9.038e-05
481290 3.76036e-05
481300 4.75e-06
481310 3.39896e-07
481320 1.66e-08
481330 4.56441e-10
481340 7.65e-12
481360 0.0
491070 0.0
491090 0.0
491110 0.0
491120 1.119e-13
491130 5.786e-12
491140 1.953e-10
491150 4.449e-09
491160 8.88e-08
491170 1.021e-06
491180 8.46e-06
491190 4.924e-05
491200 0.0002333199
491210 0.00090239
491220 0.00215295
491230 0.00444519
491240 0.00695852
491250 0.00839856
491260 0.00728806
491270 0.00518854
491280 0.00553098
491300 0.000724149
491310 0.00014022
491320 2.075954e-05
491340 7.27e-08
491350 1.46122e-09
491360 5.42e-11
501110 0.0
501120 0.0
501130 0.0
501140 0.0
501150 1.6835e-11
501170 4.8e-10
501180 9.73e-09
501190 1.6972e-06
501210 1.452e-05
501220 8e-05
501230 0.00038993
501240 0.00137384
501250 0.00373093
501260 0.00703458
501270 0.01112073
501280 0.01264896
501290 0.01419889
501300 0.01071792
501310 0.00529392
501320 0.00195386
501330 0.00041495
501340 6.152854e-05
501360 3.19e-07
501370 1.18e-08
501380 3.394414e-10
511130 0.0
511150 0.0
511170 1.83e-14
511180 9.19e-13
511190 3.21e-11
511200 8.95e-10
511210 2.982e-07
511230 3.39e-06
511240 2.862e-05
511250 0.00089401
511270 0.00290391
511280 0.00599011
511290 0.01067
511300 0.01822558
511310 0.0214711
511320 0.0197902
511330 0.0108305
511340 0.00393798
511350 0.00088073
511360 0.00015614
511370 1.55e-05
511380 1.15e-06
511390 6.01816e-08
511400 1.0783e-09
511410 1.23342e-10
521150 0.0
521170 0.0
521180 0.0
521190 0.0
521200 4.16e-14
521210 2.47e-12
521220 8.13e-11
521230 2.558e-09
521240 5.39e-08
521250 8.88e-07
521260 8.18e-06
521270 8.183e-05
521280 0.0003206
521290 0.00093599
521300 0.00375715
521310 0.03416183
521330 0.03122471
521340 0.0279986
521350 0.02253396
521370 0.00177079
521380 0.00034361
521390 4.821e-05
521400 3.51892e-06
521410 4.02513e-07
521420 1.04e-08
521430 3.07824e-10
521440 3.96749e-11
531210 0.0
531220 1.57e-13
531250 3.6e-10
531260 8.32e-09
531270 2.12e-07
531280 1.64e-06
531290 8.13e-06
531300 8.199e-05
531310 0.00059354
531320 0.00335786
531330 0.0109896
531340 0.02388938
531350 0.031392
531360 0.0326808
531370 0.02964366
531390 0.00342518
531400 0.00065047
531410 0.000124317
531430 1.00455e-06
531440 1.29475e-07
531450 8.11791e-10
531460 4.07427e-11
541240 0.0
541250 1.17e-14
541260 6.92e-13
541270 4.59e-11
541280 6.857e-09
541300 1.62e-07
541310 3.184e-06
541320 0.00047669
541340 0.00239426
541350 0.00769096
541360 0.0187062
541370 0.0263515
541380 0.0294399
541390 0.0249143
541400 0.0115231
541410 0.00483569
541420 0.00148366
541430 0.000277066
541440 3.57105e-05
541450 2.64919e-06
541460 1.32959e-07
541470 8.59185e-10
541490 1.17674e-11
541500 1.79e-14
551270 0.0
551290 3.77e-13
551310 1.46e-09
551320 6.4e-08
551330 1.56e-06
551340 0.00022619
551360 0.00116513
551370 0.0041662
551380 0.03275822
551400 0.023198
551410 0.0223122
551420 0.0164204
551430 0.00759975
551440 0.00242911
551450 0.00045477
551460 6.049e-05
551470 2.4253e-06
551480 3.75e-07
551490 3.84017e-08
551500 4.22e-10
551510 1.88301e-11
561290 0.0
561310 5.42e-14
561320 6.86e-12
561330 4.8e-10
561340 2.1e-08
561350 4.87e-07
561360 8.13e-06
561370 6.938e-05
561380 0.00046139
561390 0.00222221
561400 0.00567845
561410 0.0124961
561420 0.0212389
561430 0.0228395
561440 0.02443768
561460 0.00250645
561470 0.000668924
561480 0.0001127916
561500 8.05e-07
561510 6.14499e-08
561520 1.43e-09
561530 3.30843e-11
561540 3.83e-13
571330 1.18e-14
571350 9.78e-11
571370 1.02e-07
571380 1.81e-06
571390 2.281e-05
571400 0.00014934
571410 0.00080133
571420 0.00330599
571430 0.00838639
571440 0.0141143
571450 0.0142292
571460 0.0110771
571470 0.00695239
571480 0.00260764
571490 0.00067139
571500 0.0001487085
571520 1.58e-06
571530 1.07967e-07
571540 3.0925807e-09
571560 2.22706e-12
581350 0.0
581370 6.124e-10
581390 2.049e-08
581400 3.6e-07
581410 5.817e-05
581430 0.00034183
581440 0.00138357
581450 0.00326694
581460 0.00594849
581470 0.00845281
581480 0.00735671
581490 0.00438135
581500 0.0020864
581510 0.00065713
581520 0.00015292
581530 2.678e-05
581540 2e-06
581550 1.38957e-07
581560 7.26777e-09
581570 2.16e-10
581580 3.68e-12
581590 9.95592e-14
581600 0.0
591390 1.5e-12
591400 7.22e-11
591410 2.65e-09
591420 7.65e-08
591430 1.31e-06
591440 1.3543e-05
591450 8.01e-05
591460 0.00036461
591470 0.00376632
591490 0.00343259
591500 0.00377854
591510 0.00420469
591530 0.00062365
591540 0.00011779
591550 2.066e-05
591560 2.85e-06
591570 2.33e-07
591580 1.07e-08
591590 3.249e-10
591600 7.28e-12
591610 1.77062e-13
601400 0.0
601410 1.14e-13
601420 9.06e-12
601430 4.23e-10
601440 1.16e-08
601450 1.79e-07
601460 2.16e-06
601470 1.846e-05
601480 9.64e-05
601490 0.0003148
601500 0.00083096
601510 0.00137271
601520 0.00169199
601530 0.00161674
601540 0.00072005
601550 0.00029902
601560 0.00010288
601570 2.462e-05
601590 2.19e-07
601600 1.32e-08
601610 5.77823e-10
601620 1.69e-11
601630 3.64e-13
601640 0.0
611410 0.0
611430 1.1e-14
611440 3.4207e-11
611460 1.09e-09
611470 2.46e-08
611480 3.2127e-06
611500 1.945e-05
611510 7.863e-05
611520 0.0002307999
611530 0.00051163
611540 0.00052976
611550 0.00049787
611560 0.00039972
611570 0.00020823
611580 6.179e-05
611590 1.318e-05
611600 2.06e-06
611610 2.38e-07
611620 1.81e-08
611630 1.0505e-09
611650 1.02e-12
611660 2.18418e-14
611670 8.39361e-16
621430 0.0
621440 0.0
621450 0.0
621460 4.48e-14
621470 2.71e-12
621480 1.03e-10
621490 2.28e-09
621500 4.744e-07
621520 3.22e-06
621530 1.775e-05
621540 0.00014589
621560 0.00018917
621570 0.00023284
621580 0.00016017
621590 8.232e-05
621600 3.123e-05
621610 8.99e-06
621620 1.71e-06
621630 2.37e-07
621640 2.41e-08
621650 1.55e-09
621660 7.12782e-11
621670 2.73916e-12
621680 6.42e-14
621690 2.43537e-15
621700 0.0
631470 0.0
631490 1.47e-13
631510 2.04e-10
631520 3.99999e-09
631530 5.73e-08
631540 3.85e-07
631550 2.14e-06
631560 1.012e-05
631570 3.107e-05
631580 5.069e-05
631590 6.184e-05
631600 9.068e-05
631620 1.624e-05
631630 5.28e-06
631640 1.494e-06
631660 2.36e-08
631670 2.24e-09
631680 1.35e-10
631690 7.94756e-12
631700 1.65e-13
631710 2.93776e-15
631720 1.06299e-16
641470 0.0
641490 0.0
641510 4.07e-13
641530 1.56e-11
641540 2.84e-10
641550 4.13e-09
641560 5.18e-08
641570 4.24e-07
641580 1.76e-06
641590 5.42e-06
641600 1.142e-05
641610 1.799e-05
641620 1.816e-05
641630 1.313e-05
641640 7.25e-06
641650 2.64e-06
641660 8.86e-07
641680 2.44e-08
641690 3.61e-09
641700 1.9658706e-10
641720 3.46894e-13
651510 0.0
651530 0.0
651550 6.63e-13
651560 2.266e-11
651570 6.183e-09
651590 4.71e-08
651600 2.55e-07
651610 1.01e-06
651620 2.42e-06
651630 3.98e-06
651640 4.9e-06
651650 3.96e-06
651660 2.42e-06
651670 1.21e-06
651680 4.23e-07
651690 1.5e-07
651700 1.85e-08
651710 2.37e-09
651720 2.17e-10
661550 0.0
661560 0.0
661570 5.09e-14
661580 1.54e-12
661590 3.56e-11
661600 5.17e-10
661610 5.41e-09
661620 3.31e-08
661630 1.32e-07
661640 3.85e-07
661650 7.172e-07
661660 9.87e-07
661670 1.08e-06
661680 8.33e-07
661690 6.61e-07
661700 1.83e-07
661710 5.52e-08
661720 1.22e-08
671590 0.0
671610 2.484e-12
671620 4e-11
671630 4.054e-10
671640 2.964e-09
671650 1.36e-08
671660 4.501e-08
671670 1.13e-07
671680 2e-07
671690 3.55e-07
671700 2.14e-07
671710 1.43e-07
671720 7.13e-08
681610 0.0
681620 0.0
681630 1.05e-13
681640 1.98e-12
681650 2.32e-11
681660 1.95e-10
681670 1.1831e-09
681680 5.12e-09
681690 2.18e-08
681700 2.98e-08
681710 4.53e-08
681720 5.03e-08
691650 0.0
691660 7.14e-14
691670 1.09e-12
691680 1.2e-11
691690 1.29e-10
691700 4.26e-10
691710 1.57e-09
691720 4.13e-09
701660 0.0
701670 0.0
701680 0.0
701690 6.07e-14
701700 5.41e-13
701710 5.07e-12
701720 3.34e-11
711690 0.0
711710 0.0
711720 2.34e-14
721710 0.0
