230660 3.3253e-13
230670 6.34791e-14
230680 6.05364e-15
240660 7.90578e-10
240670 1.50919e-10
240680 1.5048111e-11
240700 5.67936e-14
250660 8.62902e-08
250670 3.97955e-08
250680 9.26895e-09
250690 1.55917e-09
250700 2.24975e-10
250710 2.13976e-11
250720 1.22754e-12
250730 1.64373e-13
260650 1.00989e-06
260670 1.653814e-06
260690 2.34973e-07
260700 8.20907e-08
260710 1.91978e-08
260720 2.91844e-09
260730 3.90791e-10
260740 2.94967e-11
260750 2.16502e-12
260760 5.53937e-14
270660 1.48983e-06
270670 3.41961e-06
270680 4.11953e-06
270690 3.73958e-06
270700 3.01966e-06
270710 1.66981e-06
270720 6.08931e-07
270730 2.358728e-07
270750 5.5892e-09
270770 2.27432e-11
270780 2.24489e-12
280660 2.83968e-07
280670 1.42984e-06
280680 3.71958e-06
280690 7.30917e-06
280700 1.28685e-05
280710 1.58082e-05
280720 1.31585e-05
280730 9.99887e-06
280740 4.4095e-06
280750 1.48983e-06
280760 3.19964e-07
280770 5.40711e-08
280780 5.33715e-09
280790 1.9338e-10
280800 1.85979e-11
280810 1.01988e-14
290660 6.40927e-09
290670 7.22918e-08
290680 2.2877413e-06
290700 2.612699e-05
290720 3.42261e-05
290730 5.71235e-05
290740 5.64836e-05
290750 4.3795e-05
290760 2.25974e-05
290770 9.35894e-06
290780 2.34973e-06
290790 4.59754e-07
290800 5.51937e-08
290810 3.46961e-09
290820 2.20975e-10
290830 1.85393e-11
300660 1.38984e-11
300670 3.61959e-10
300680 5.40939e-09
300690 5.549371e-08
300700 4.90944e-07
300710 2.931664e-06
300720 1.16487e-05
300730 4.21752e-05
300740 9.00598e-05
300750 0.000151883
300760 0.00017711
300770 0.000169751
300780 0.0001536823
300800 1.52283e-05
300810 2.50972e-06
300820 4.23952e-07
300830 4.40765e-08
300840 2.23975e-09
300850 1.02155e-10
300860 1.08988e-12
310650 0.0
310670 6.81823e-12
310690 1.66981e-10
310700 3.57959e-09
310710 5.08942e-08
310720 4.71946e-07
310730 3.90956e-06
310740 1.864788e-05
310750 6.88422e-05
310760 0.00017718
310770 0.000374828
310780 0.000521461
310790 0.000589983
310800 0.000428491
310810 0.00017734
310820 7.69213e-05
310830 2.13776e-05
310840 2.86967e-06
310850 2.4287e-07
310860 1.0881777e-08
310880 3.02682e-11
320660 0.0
320670 0.0
320680 0.0
320690 4.64947e-14
320700 2.47972e-12
320710 8.71902e-11
320720 1.96978e-09
320730 4.8360551e-07
320750 2.6430966e-05
320770 0.00010817814
320780 0.000340891
320790 0.000867332
320800 0.001419
320810 0.00138429
320820 0.00145299
320830 0.00102841
320840 0.00035168
320850 7.89011e-05
320860 9.20896e-06
320870 9.10514e-07
320880 7.19616e-08
320890 2.10196e-09
320900 2.70722e-10
330690 0.0
330710 1.35985e-14
330720 7.69913e-13
330730 3.83956e-11
330740 1.05688e-09
330750 2.19975e-08
330760 3.20964e-07
330770 3.67958e-06
330780 2.78068e-05
330790 0.000165241
330800 0.00062044
330810 0.0016751
330820 0.00335056
330830 0.00562858
330840 0.00460058
330850 0.00259346
330860 0.000780921
330870 0.000203647
330880 4.31651e-05
330890 4.99733e-06
330900 6.43633e-07
330910 6.11249e-09
330920 4.8345e-10
330930 2.17991e-11
340720 0.0
340730 0.0
340740 2.30974e-13
340750 1.19986e-11
340760 4.4295e-10
340770 1.281858e-08
340780 2.43972e-07
340790 3.601591e-06
340800 3.27863e-05
340810 0.0001775794
340820 0.00100795
340830 0.00396112
340840 0.0071897
340850 0.00994163
340860 0.00722933
340870 0.00469875
340880 0.00254344
340890 0.000753265
340900 0.0001434
340910 1.45322e-05
340920 1.14939e-06
340930 5.18266e-08
340940 2.30974e-09
340950 2.20396e-10
340960 8.97898e-13
350750 0.0
350770 4.126535e-12
350780 2.03977e-10
350790 7.78912e-09
350800 1.811799e-07
350810 2.87967e-06
350820 4.643475e-05
350830 0.000355
350840 0.001584291
350850 0.00501181
350860 0.00852646
350870 0.011362
350880 0.0162937
350890 0.01198
350900 0.0056598
350910 0.00148025
350920 0.000302976
350930 1.15468e-05
350940 4.22952e-06
350950 5.23985e-07
350960 1.15987e-08
350970 4.49819e-10
350980 2.71573e-11
360770 0.0
360780 1.53983e-14
360790 1.549824e-12
360800 9.41893e-11
360810 3.977548e-09
360820 9.23895e-08
360830 3.325619e-06
360840 3.85856e-05
360850 0.0003081852
360860 0.00129058
360870 0.00733591
360880 0.0132244
360890 0.0227889
360900 0.0249567
360910 0.0164887
360920 0.00825038
360930 0.0020573
360940 0.000732337
360950 0.000116743
360960 1.35285e-05
360970 1.06943e-06
360980 6.45655e-08
360990 1.41965e-09
361000 5.35939e-11
370790 0.0
370810 4.98943e-13
370830 3.06965e-09
370840 9.39893e-08
370850 1.99977e-06
370860 1.57982e-06
370870 0.000204007
370880 0.00154682
370890 0.00591892
370900 0.01520726
370910 0.0252245
370920 0.0293244
370930 0.0220189
370940 0.013275
370950 0.00527249
370960 0.00151014
370970 0.000301186
370980 4.56848e-05
370990 3.37516e-06
371000 2.44972e-07
371010 5.02368e-09
371020 4.49819e-10
371030 8.1709e-11
380830 2.55971e-13
380840 2.10976e-11
380850 1.22986e-09
380860 3.65959e-08
380870 9.13897e-07
380880 1.82579e-05
380890 0.00017641
380900 0.00112372
380910 0.00506547
380920 0.0125166
380930 0.0237752
380940 0.0291975
380950 0.0270648
380960 0.0181123
380970 0.00866468
380980 0.00315493
380990 0.000751978
381000 0.000103038
381010 1.19436e-05
381020 1.06943e-06
381030 1.9426e-07
381040 6.46927e-09
381050 4.35155e-10
381060 9.14246e-11
390850 6.77923e-14
390870 3.82957e-10
390880 2.08976e-08
390890 5.201415e-07
390900 1.013886e-05
390910 9.07098e-05
390920 0.000395245
390930 0.00295692
390940 0.00844343
390950 0.0180276
390960 0.02721158
390970 0.0294416
390980 0.0242043
390990 0.0133995
391000 0.00433092
391010 0.00118898
391020 0.000255461
391030 4.32807e-05
391040 7.18919e-06
391050 1.03457e-06
391060 2.17359e-07
391070 9.8701e-10
391080 2.56859e-10
391090 4.26586e-11
400870 1.42984e-14
400880 2.15976e-12
400890 1.44984e-10
400900 6.45926e-09
400910 1.84979e-07
400920 3.39961e-06
400930 3.84256e-05
400940 0.000287887
400950 0.0015124
400960 0.01835978
400980 0.0236991
400990 0.0289826
401000 0.0209298
401010 0.012827
401020 0.00629694
401030 0.00244847
401040 0.000766133
401050 0.000230499
401060 4.8427e-05
401070 2.34658e-06
401080 6.10674e-07
401090 1.01419e-07
401100 2.6197e-09
401110 1.39777e-10
401120 2.10662e-11
410890 0.0
410900 4.31951e-13
410910 3.41961e-11
410920 1.68981e-09
410930 5.066427e-08
410940 9.96887e-07
410950 1.330853e-05
410960 3.5156e-05
410970 0.003778033
410980 0.00296657
410990 0.008195436
411000 0.01313812
411010 0.0173879
411020 0.03405534
411040 0.00881404
411050 0.00429047
411060 0.002434793
411080 0.000124386
411090 2.2596e-05
411100 2.97966e-06
411110 3.32316e-07
411120 5.00841e-08
411130 3.93004e-10
411140 5.21285e-11
420890 0.0
420910 0.0
420920 7.46915e-14
420930 3.2702332e-10
420950 1.13987e-08
420960 1.60982e-07
420970 4.23952e-06
420980 4.10953e-05
420990 0.000272719
421000 0.0010263
421010 0.0030466
421020 0.00712788
421030 0.012693
421040 0.0126845
421050 0.0101224
421060 0.00868032
421070 0.00509085
421080 0.00262858
421090 0.0010916
421100 0.000325083
421110 7.40391e-05
421120 1.2092953e-05
421140 1.23934e-07
421150 6.27626e-10
421160 3.92955e-10
421170 5.21675e-11
430930 0.0
430950 8.853e-13
430970 2.25974e-09
430980 5.54937e-08
430990 9.504927e-06
431010 6.06131e-05
431020 0.000330282
431030 0.00367927
431050 0.00406202
431060 0.00509472
431070 0.0062361
431080 0.00669701
431090 0.00597974
431100 0.00382151
431110 0.00195885
431120 0.000691372
431130 0.000208172
431140 4.23052e-05
431150 1.49216e-06
431160 7.55914e-07
431170 1.24026e-07
431180 1.839629e-09
431200 1.36207e-11
440950 0.0
440960 0.0
440970 1.07988e-13
440980 6.79923e-12
440990 2.87967e-10
441000 6.86922e-09
441010 1.18987e-07
441020 1.58982e-06
441030 1.47783e-05
441040 5.04243e-05
441050 0.0004744658
441070 0.0009837491
441080 0.00223224
441090 0.0098559
441110 0.00612807
441120 0.00477226
441130 0.00318548
441140 0.00145424
441150 0.000332449
441160 0.000137014
441170 2.76328e-05
441180 3.96788e-06
441190 4.05783e-07
441200 3.23827e-08
441210 9.20657e-10
441220 6.40927e-11
441240 3.10965e-14
450990 0.0
451010 2.156753e-11
451020 7.1392e-10
451030 1.716804e-09
451040 1.066879e-07
451050 4.4345e-08
451060 2.89968e-06
451070 1.7488e-05
451080 8.869e-05
451090 0.000376818
451100 0.001070318
451110 0.00250659
451120 0.00480174
451130 0.00599741
451140 0.00582878
451150 0.00550507
451170 0.00116685
451180 0.000385666
451190 0.0001100175
451210 2.18883e-06
451220 2.03977e-07
451230 1.31985e-08
451240 6.22929e-10
451250 3.69524e-11
460990 0.0
461010 0.0
461020 1.6185167e-12
461040 2.06977e-11
461050 1.51983e-10
461060 3.277633e-08
461080 3.61959e-07
461090 3.619594e-06
461100 2.32974e-05
461110 0.0001241159
461120 0.000475426
461130 0.00147909
461140 0.00304743
461150 0.00322128
461160 0.00596971
461170 0.00563896
461180 0.00407252
461190 0.00218785
461200 0.000908257
461210 0.0003282932
461230 9.53892e-06
461240 1.11987e-06
461250 9.464233e-08
461270 3.91384e-10
461280 5.74935e-11
461300 3.95955e-14
471030 0.0
471050 0.0
471060 1.438841e-13
471070 4.901446e-12
471080 1.379844e-10
471090 3.29962e-09
471100 5.047427e-08
471110 6.390272e-07
471120 4.776462e-05
471140 0.000195908
471150 0.000457328
471160 0.001795356
471170 0.0035397
471180 0.00540982
471190 0.00617606
471200 0.00541058
471210 0.00350687
471220 0.001817934
471230 0.000673774
471240 0.000188769
471250 3.61159e-05
471260 6.85922e-06
471270 9.30503e-07
471280 2.27974e-07
471290 8.63484e-09
471300 9.40893e-10
471310 5.8014e-11
481050 0.0
481060 0.0
481070 0.0
481080 0.0
481090 2.73969e-13
481100 9.99887e-12
481110 3.092651e-10
481120 1.11987e-09
481130 1.196861e-07
481140 1.32985e-06
481150 0.00399292988
481160 6.38528e-05
481170 0.0002765186
481180 0.003209645
481200 0.00416002
481210 0.00552374
481220 0.01171479
481240 0.00334863
481250 0.00148437
481260 0.000666814
481270 0.000203187
481280 8.31006e-05
481290 2.0529e-05
481300 1.98977e-06
481310 1.37926e-07
481320 5.33939e-09
481330 2.19024e-10
481340 2.05977e-12
481360 0.0
491070 0.0
491090 0.0
491110 1.33985e-14
491120 7.98809e-13
491130 3.21264e-11
491140 8.59902e-10
491150 1.133876e-08
491160 2.319738e-07
491170 2.314741e-06
491180 1.8058e-05
491190 0.0001011685
491200 0.000402855
491210 0.001206665
491220 0.002977202
491230 0.005282154
491240 0.00724514
491250 0.0070255
491260 0.0070413
491270 0.00458628
491280 0.004680676
491300 0.000396456
491310 7.16218e-05
491320 8.049872e-06
491340 2.24975e-08
491350 7.10462e-10
491360 1.32985e-11
501110 0.0
501120 0.0
501130 0.0
501140 4.96944e-14
501150 7.989092e-11
501170 1.84979e-09
501180 3.47961e-08
501190 4.7033676e-06
501210 2.93867e-05
501220 0.000167991
501230 0.000674663
501240 0.00204822
501250 0.005724162
501260 0.00929389
501270 0.01242611
501280 0.0136779
501290 0.01416975
501300 0.00819584
501310 0.00368526
501320 0.00101042
501330 0.000190178
501340 2.39166e-05
501360 9.16896e-08
501370 3.15964e-09
501380 1.07988e-10
511130 0.0
511150 0.0
511170 1.32985e-13
511180 6.11931e-12
511190 1.98977e-10
511200 4.30951e-09
511210 1.0654789e-06
511230 9.55892e-06
511240 6.81522e-05
511250 0.001912033
511270 0.00440571
511280 0.00722007
511290 0.0156872
511300 0.02045979
511310 0.0214981
511320 0.01442339
511330 0.00698851
511340 0.00211246
511350 0.000414583
511360 5.75835e-05
511370 5.14942e-06
511380 4.3695e-07
511390 2.40973e-08
511400 4.62431e-10
511410 4.97621e-11
521150 0.0
521170 0.0
521180 0.0
521190 0.0
521200 3.94955e-13
521210 1.609818e-11
521220 5.55937e-10
521230 1.324849e-08
521240 2.30974e-07
521250 2.697697e-06
521260 3.07665e-05
521270 0.0001847192
521280 0.000496744
521290 0.002227295
521300 0.00668176
521310 0.04001527
521330 0.02981362
521340 0.0218108
521350 0.01399187
521370 0.00079294
521380 0.000163491
521390 2.20975e-05
521400 1.09941e-06
521410 1.18308e-07
521420 5.52937e-09
521430 3.30388e-10
531210 0.0
531220 1.65981e-12
531250 2.10976e-09
531260 5.91933e-08
531270 8.07908e-07
531280 3.61959e-06
531290 3.5346e-05
531300 0.0002596007
531310 0.00120157
531320 0.00779736
531330 0.0165665
531340 0.0282632
531350 0.0313418
531360 0.0244961
531370 0.01799906
531390 0.0019607
531400 0.000234403
531410 3.361778e-05
531430 7.85485e-07
531440 7.68476e-09
531450 5.92752e-10
531460 2.55178e-11
541240 0.0
541250 1.479832e-13
541260 1.03988e-11
541270 3.30962e-10
541280 5.750352e-08
541300 1.02988e-06
541310 1.107874e-05
541320 0.001882128
541340 0.004775343
541350 0.01449972
541360 0.0217126
541370 0.0267851
541380 0.0264545
541390 0.0187674
541400 0.00912556
541410 0.00260497
541420 0.000908717
541430 0.0001750042
541440 1.82702e-05
541450 1.40925e-06
541460 6.06676e-08
541470 6.35707e-10
541500 0.0
551270 1.20986e-14
551290 7.79912e-12
551310 1.09988e-08
551320 4.3695e-07
551330 8.32906e-06
551340 0.0006961418
551360 0.00225976
551370 0.00947521
551380 0.03694564
551400 0.0260372
551410 0.021953
551420 0.013242
551430 0.00565183
551440 0.00148041
551450 0.000286618
551460 3.30663e-05
551470 1.44909e-06
551480 1.05988e-07
551490 1.24856e-09
551500 5.01943e-11
551510 5.99475e-12
561290 0.0
561310 9.82889e-13
561320 1.07988e-10
561330 5.76935e-09
561340 1.70981e-07
561350 2.97966e-06
561360 2.81068e-05
561370 0.0002148656
561380 0.000991098
561390 0.00381452
561400 0.0095544
561410 0.0183916
561420 0.0226769
561430 0.0212777
561440 0.01922086
561460 0.00178034
561470 0.000322854
561480 4.268391e-05
561500 1.37984e-07
561510 1.42523e-08
561520 1.13987e-10
561530 4.24595e-12
561540 1.95978e-14
571330 3.58959e-13
571350 1.36984e-09
571370 6.61925e-07
571380 7.38916e-06
571390 6.66125e-05
571400 0.000333972
571410 0.0018618
571420 0.00500781
571430 0.0104622
571440 0.014868
571450 0.0154316
571460 0.0108307
571470 0.00483427
571480 0.00149248
571490 0.000288787
571500 3.874138e-05
571520 2.08976e-07
571530 1.00946e-08
571540 2.667393e-10
581350 5.64936e-14
581370 5.438389e-09
581390 1.166868e-07
581400 1.63981e-06
581410 0.000139304
581430 0.000630659
581440 0.00216257
581450 0.00514435
581460 0.00849782
581470 0.00888512
581480 0.006499
581490 0.00304946
581500 0.000936634
581510 0.000215006
581520 3.62259e-05
581530 4.57948e-06
581540 3.09965e-07
581550 1.60914e-08
581560 6.38928e-10
581570 1.66981e-11
581580 3.17964e-13
581600 0.0
591390 1.86979e-11
591400 6.55926e-10
591410 1.70981e-08
591420 3.03966e-07
591430 3.98955e-06
591440 3.466606e-05
591450 0.000204337
591460 0.000840695
591470 0.00581416
591490 0.00408504
591500 0.00293751
591510 0.002271826
591530 0.000205897
591540 3.5376e-05
591550 4.53949e-06
591560 4.62948e-07
591570 3.05965e-08
591580 1.44984e-09
591590 3.73958e-11
591600 8.46904e-13
591610 4.49819e-14
601400 2.32974e-14
601410 1.52983e-12
601420 6.98921e-11
601430 2.38973e-09
601440 5.51937e-08
601450 8.33905e-07
601460 9.05897e-06
601470 5.92833e-05
601480 0.000258451
601490 0.000695041
601500 0.00119911
601510 0.0015516
601520 0.00145035
601530 0.0010593
601540 0.000434171
601550 0.000130705
601560 3.26963e-05
601570 5.911331e-06
601590 3.95955e-08
601600 2.22975e-09
601610 1.06943e-10
601620 2.6697e-12
601630 5.55937e-14
601640 0.0
611410 0.0
611430 1.28985e-13
611440 3.2598309e-10
611460 9.41893e-09
611470 1.65981e-07
611480 1.36250879e-05
611500 9.02898e-06
611510 0.000189948
611520 0.000418572
611530 0.00070669
611540 0.000664704
611550 0.00044403
611560 0.000256231
611570 9.61191e-05
611580 2.57071e-05
611590 4.02954e-06
611600 5.45938e-07
611610 6.42927e-08
611620 3.95955e-09
611630 2.0725618e-10
611650 1.67981e-13
611660 5.42305e-15
621430 0.0
621440 0.0
621450 1.07988e-14
621460 8.849e-13
621470 4.30951e-11
621480 1.36984e-09
621490 2.6597e-08
621500 2.875675e-06
621520 1.42384e-05
621530 5.88933e-05
621540 0.000329223
621560 0.000256341
621570 0.000212236
621580 0.000124236
621590 4.4455e-05
621600 1.37584e-05
621610 3.78957e-06
621620 5.55937e-07
621630 6.63925e-08
621640 5.93933e-09
621650 3.38962e-10
621660 1.28931e-11
621670 4.46949e-13
621680 0.0
621690 5.33897e-16
621700 0.0
631470 0.0
631490 4.68947e-12
631510 3.38962e-09
631520 4.93944e-08
631530 5.02943e-07
631540 3.00966e-06
631550 1.06488e-05
631560 3.27363e-05
631570 6.12531e-05
631580 7.79812e-05
631590 6.1493e-05
631600 6.64125e-05
631620 8.28906e-06
631630 2.22975e-06
631640 5.342397e-07
631660 5.97932e-09
631670 5.07942e-10
631680 2.6697e-11
631690 1.26932e-12
631700 2.41973e-14
631710 7.56705e-16
641470 0.0
641490 0.0
641510 1.6304154e-11
641530 4.31951e-10
641540 6.82923e-09
641550 5.83934e-08
641560 4.4095e-07
641570 2.07976e-06
641580 6.08931e-06
641590 1.09988e-05
641600 1.62282e-05
641610 2.13376e-05
641620 1.52283e-05
641630 8.76901e-06
641640 4.09954e-06
641650 1.26986e-06
641660 3.304627e-07
641680 7.0192e-09
641690 8.14908e-10
641700 4.029464e-11
641720 9.80889e-14
651510 0.0
651530 3.33962e-14
651550 3.10965e-11
651560 6.094309e-10
651570 5.817343e-08
651590 2.15976e-07
651600 2.10976e-07
651610 2.29974e-06
651620 3.63958e-06
651630 4.48949e-06
651640 4.52949e-06
651650 3.04965e-06
651660 1.44984e-06
651670 6.51926e-07
651680 1.88979e-07
651690 5.13942e-08
651700 5.78934e-09
651710 6.42927e-10
651720 8.58903e-11
661550 0.0
661560 7.64913e-14
661570 2.31974e-12
661580 4.07954e-11
661590 4.35951e-10
661600 3.77957e-09
661610 2.6697e-08
661620 1.01988e-07
661630 2.82968e-07
661640 6.43927e-07
661650 9.557914e-07
661660 9.83888e-07
661670 9.57891e-07
661680 6.03932e-07
661690 3.61959e-07
661700 9.21896e-08
661710 2.30974e-08
661720 7.27918e-09
671590 7.48915e-14
671610 3.053656e-11
671620 2.852672e-10
671630 1.880785e-09
671640 1.021884e-08
671650 3.5496e-08
671660 8.11908e-08
671670 1.82979e-07
671680 2.51971e-07
671690 3.27963e-07
671700 1.799796e-07
671710 9.64891e-08
671720 6.75923e-08
681610 0.0
681620 7.38916e-14
681630 1.17987e-12
681640 1.58982e-11
681650 1.34985e-10
681660 7.44916e-10
681670 3.977548e-09
681680 1.27985e-08
681690 3.75957e-08
681700 4.58948e-08
681710 5.24941e-08
681720 7.9591e-08
691650 4.78946e-14
691660 6.55926e-13
691670 8.60902e-12
691680 6.72924e-11
691690 4.66947e-10
691700 1.36984e-09
691710 3.5296e-09
691720 1.07988e-08
701660 0.0
701670 0.0
701680 3.32962e-14
701690 5.730355e-13
701700 4.10953e-12
701710 2.50972e-11
701720 1.83979e-10
711690 0.0
711710 0.0
711720 3.07966e-13
721710 0.0
