230660 9.71536e-18
230670 9.82825e-19
240660 4.79991e-13
240670 3.5699e-14
240680 8.36953e-17
240700 0.0
250660 1.93e-10
250670 5.98e-11
250680 1.04e-11
250690 1.33992e-12
250700 1.19e-13
250710 0.0
250720 1.41682e-16
260650 1.32e-08
260670 1.618001e-08
260690 2.11e-09
260700 7.91001e-10
260710 1.22e-10
260720 6.99986e-12
260730 2.57e-13
260740 1.49e-14
260750 1.17423e-15
260760 0.0
270660 1.87e-08
270670 4.65e-08
270680 7.03001e-08
270690 8.43001e-08
270700 7.45001e-08
270710 4.66e-08
270720 6.67e-09
270730 1.188e-09
270750 1.94728e-11
270770 2.37585e-14
280660 7.06001e-09
280670 3.58e-08
280680 1.8e-07
280690 4.38e-07
280700 1.35e-06
280710 1.86e-06
280720 1.02e-06
280730 3.79e-07
280740 2.45e-07
280750 7.33001e-08
280760 1.18e-08
280770 8.62977e-10
280780 2.87e-11
280790 4.52204e-13
280800 0.0
280810 0.0
290660 5.13e-11
290670 9.92001e-10
290680 1.0346011e-07
290700 3.227e-06
290720 2.98e-06
290730 3.92e-06
290740 5.85e-06
290750 6.82e-06
290760 2.83e-06
290770 9.09001e-07
290780 8.41001e-08
290790 7.23955e-09
290800 2.65e-10
290810 9.61001e-12
290820 1.43e-13
300660 6.02e-14
300670 2.9e-12
300680 1.3e-10
300690 2.578e-09
300700 6.04e-08
300710 5.98e-07
300720 2.3e-06
300730 6.08e-06
300740 3.117e-05
300750 7.54801e-05
300760 0.00012003
300770 9.33501e-05
300780 4.588001e-05
300800 1.37e-06
300810 1.35e-07
300820 9.47001e-09
300830 2.89e-10
300840 6.15e-12
300850 1.68015e-13
300860 0.0
310650 0.0
310670 2.19e-14
310690 1.82e-12
310700 1.05e-10
310710 4.17e-09
310720 3.73e-08
310730 3.64e-07
310740 4.05e-06
310750 3.317e-05
310760 0.00011113
310770 0.00030802
310780 0.00028473
310790 0.00025212
310800 0.00010204
310810 4.299e-05
310820 8.23001e-06
310830 1.16e-06
310840 6.76e-08
310850 2.68983e-09
310860 5.9163554e-11
320660 0.0
320670 0.0
320680 0.0
320690 0.0
320700 2.77e-14
320710 2.78e-12
320720 1.04e-10
320730 1.14481e-07
320750 2.8942e-05
320770 0.00016251
320780 0.00054134
320790 0.00101515
320800 0.00149407
320810 0.00145222
320820 0.00115483
320830 0.00042538
320840 0.00010785
320850 1.151e-05
320860 1.16e-06
320870 3.49991e-08
320880 1.04e-09
320890 1.57397e-11
320900 1.42504e-12
330690 0.0
330710 0.0
330720 0.0
330730 3.94e-13
330740 4.66e-11
330750 3.6e-09
330760 1.18e-07
330770 2.95e-06
330780 2.381e-05
330790 0.0001658
330800 0.00052284
330810 0.00177766
330820 0.00311443
330830 0.00440053
330840 0.00264888
330850 0.00116949
330860 0.00031313
330870 4.037e-05
330880 3.24e-06
330890 2.51984e-07
330900 1.6773e-08
330910 6.13922e-11
330920 1.78317e-12
340720 0.0
340730 0.0
340740 0.0
340750 5.53e-13
340760 8.20001e-11
340770 5.455e-09
340780 1.97e-07
340790 3.466e-06
340800 4.385e-05
340810 0.00034207
340820 0.00222802
340830 0.00682562
340840 0.0143097
340850 0.0140139
340860 0.0148275
340870 0.00452617
340880 0.00153401
340890 0.00030314
340900 3.63433e-05
340910 2.22994e-06
340920 8.80983e-08
340930 4.25347e-10
340940 2.62e-11
340950 1.4589e-12
340960 0.0
350750 0.0
350770 2.241e-13
350780 2.28e-11
350790 1.797e-09
350800 6.01e-08
350810 2e-06
350820 3.319001e-05
350830 0.0004085
350840 0.00193046
350850 0.00664215
350860 0.01517838
350870 0.016141
350880 0.0123102
350890 0.00932726
350900 0.00278164
350910 0.000731101
350920 7.65401e-05
350930 6.80958e-06
350940 2.7e-07
350950 2.33562e-08
350960 1.45e-10
350970 2.53002e-12
360770 0.0
360780 0.0
360790 8.05e-14
360800 1.23e-11
360810 1.110001e-09
360820 8.42001e-08
360830 2.783e-06
360840 5.506e-05
360850 0.0004569901
360860 0.00407572
360870 0.00868016
360880 0.024174
360890 0.0383483
360900 0.0418305
360910 0.0253967
360920 0.010742
360930 0.00235236
360940 0.00040524
360950 3.72067e-05
360960 2.62e-06
360970 9.18975e-08
360980 2.29e-09
360990 1.36074e-11
361000 2.27e-13
370790 0.0
370810 1.33e-14
370830 4.43e-10
370840 2.36e-08
370850 8.58001e-07
370860 2.022e-05
370870 0.00018156
370880 0.00114292
370890 0.00645465
370900 0.01500689
370910 0.0318775
370920 0.0289552
370930 0.0230453
370940 0.00940181
370950 0.00356474
370960 0.00064744
370970 9.66801e-05
370980 6.3e-06
370990 2.17847e-07
371000 7.35001e-09
371010 5.45096e-11
371020 1.59291e-12
371030 1.8442e-13
380830 0.0
380840 1.45e-12
380850 1.450002e-10
380860 1.59e-08
380870 3.686e-07
380880 1.003e-05
380890 0.00013882
380900 0.0012941
380910 0.00629805
380920 0.0206696
380930 0.0336112
380940 0.0487207
380950 0.040511
380960 0.0281933
380970 0.00993213
380980 0.00264204
380990 0.000347032
381000 3.356e-05
381010 1.97995e-06
381020 7.86985e-08
381030 6.69866e-09
381040 0.0
381050 0.0
381060 0.0
381070 0.0
390850 0.0
390870 1.67e-11
390880 1.24e-09
390890 7.43e-08
390900 1.830002e-06
390910 3.797e-05
390920 0.00030873
390930 0.001918912
390940 0.00618272
390950 0.0182633
390960 0.02677419
390970 0.032775
390980 0.01902396
390990 0.00953442
391000 0.00221499
391010 0.00052467
391020 5.336e-05
391030 4.7033e-06
391040 7.73001e-13
391050 9.54674e-15
391060 1.83512e-16
391070 1.11418e-16
391080 0.0
391090 2.41586e-13
391100 1.89045e-15
400870 0.0
400880 2.14e-14
400890 3.44e-12
400900 3.86e-10
400910 2.17e-08
400920 7.83001e-07
400930 1.237e-05
400940 0.00016645
400950 0.0011884
400960 0.02393038
400980 0.0343777
400990 0.0355789
401000 0.0292036
401010 0.0150075
401020 0.0059369
401030 0.00128139
401040 3.34e-06
401050 2.88e-07
401060 7.53001e-09
401070 3.36118e-09
401080 6.87e-12
401090 8.7751e-09
401100 9.33982e-11
401110 1.32841e-13
401120 1.08564e-14
410890 0.0
410900 0.0
410910 2.68e-13
410920 2.66e-11
410930 1.844e-09
410940 6.7e-08
410950 2.097e-06
410960 3.015e-05
410970 0.0003137
410980 0.00143352
410990 0.00537637
411000 0.00923454
411010 0.0158022
411020 0.0231283
411040 0.00212388
411050 0.00101832
411060 0.0001118368
411080 2.02e-06
411090 6.16123e-06
411100 2e-07
411110 2.12671e-09
411120 1.27781e-10
411130 1.43699e-13
411140 3.52182e-15
420890 0.0
420910 0.0
420920 0.0
420930 3.8932e-12
420950 3.33e-10
420960 2.15e-08
420970 5.8e-07
420980 1.117e-05
420990 0.00010291
421000 0.000692831
421010 0.00259307
421020 0.00759961
421030 0.0122157
421040 0.0109531
421050 0.010907
421060 0.00382878
421070 0.002011
421080 0.00111736
421090 0.00034615
421100 6.599e-05
421110 3.38788e-06
421120 2.8209155e-07
421140 1.73997e-10
421150 3.852e-13
421160 1.2e-14
430930 0.0
430950 0.0
430970 2.39e-11
430980 1.22e-09
430990 8.8967101e-07
431010 1.271e-05
431020 9.014e-05
431030 0.00066987
431050 0.00047066
431060 0.00036959
431070 0.00065344
431080 0.000730551
431090 0.00066685
431100 0.00038281
431110 0.00010152
431120 2.607e-05
431130 3.66478e-06
431140 2.56e-07
431150 6.16684e-09
431160 2.73e-10
431170 1.56371e-12
431180 5.166886e-14
440950 0.0
440960 0.0
440970 0.0
440980 1.85e-14
440990 1.98e-12
441000 1.52e-10
441010 5.84e-09
441020 1.79e-07
441030 2.81e-06
441040 3.04e-09
441050 2.493e-07
441070 1.19e-06
441080 7.31001e-06
441090 0.00077261
441110 0.00040888
441120 0.00047318
441130 0.0001839
441140 5.915e-05
441150 9.82384e-06
441160 8.87001e-07
441170 5.67985e-08
441180 2.47995e-09
441190 5.34986e-11
441200 6.48e-13
441210 1.01184e-14
441220 0.0
441240 0.0
450990 0.0
451010 4.79e-14
451020 4.72e-12
451030 3.272e-10
451040 0.0
451050 0.0
451060 0.0
451070 5.55e-13
451080 1.368e-11
451090 2.04e-06
451100 1.900002e-05
451110 6.676e-05
451120 0.00020202
451130 0.00032014
451140 0.0002491
451150 0.00021914
451170 1.182e-05
451180 1.44e-06
451190 1.4819e-07
451210 1.6199e-10
451220 2.34e-12
451230 2.78e-14
451240 0.0
460990 0.0
461010 0.0
461020 0.0
461040 0.0
461050 0.0
461060 0.0
461080 0.0
461090 1.972e-09
461100 1.16e-07
461110 1.394001e-06
461120 2.114e-05
461130 8.89201e-05
461140 0.00027339
461150 0.00045188
461160 0.00041867
461170 0.00027114
461180 0.00013905
461190 3.561e-05
461200 6.09e-06
461210 5.958e-07
461230 1.38e-09
461240 0.0
461250 0.0
461280 0.0
461290 0.0
461300 0.0
471030 0.0
471050 0.0
471060 0.0
471070 0.0
471080 0.0
471090 4.18e-14
471100 9.85001e-12
471110 7.238001e-10
471120 8.221011e-07
471140 6.57e-06
471150 4.614e-05
471160 0.00010038
471170 0.00023378
471180 0.00026818
471190 0.00025915
471200 0.00011265
471210 4.592e-05
471220 9.25e-06
471230 1.5e-06
471240 1.56e-11
471250 1.24e-12
471260 8.56001e-14
471270 0.0
471280 0.0
471290 7.95562e-17
471300 1.67e-10
471310 3.2189897e-12
481050 0.0
481060 0.0
481070 0.0
481080 0.0
481090 0.0
481100 0.0
481110 2.56e-14
481120 9.70001e-12
481130 6.72e-10
481140 2.8e-08
481150 5.7e-07
481160 5.53e-06
481170 3.096e-05
481180 0.0004283
481200 0.00047749
481210 0.00045751
481220 0.00053993
481240 6.42e-06
481250 1.49e-06
481260 4.68e-07
481270 7.97001e-08
481280 1.49e-08
481290 2.4e-09
481300 2.21e-06
481310 1.14997e-07
481320 2.61995e-09
481330 2.59206e-11
481340 1.69e-13
481360 0.0
491070 0.0
491090 0.0
491110 0.0
491120 0.0
491130 1.04e-14
491140 1.628e-12
491150 1.687e-10
491160 4.8e-09
491170 1.196001e-07
491180 1.411e-06
491190 1.22e-05
491200 4.91601e-05
491210 0.00018185
491220 0.000344139
491230 0.0005377801
491240 0.00051296
491250 0.00048712
491260 0.00036966
491270 0.0003039
491280 0.0002991004
491300 0.0004029
491310 9.417e-05
491320 6.774974e-06
491340 6.41e-09
491350 4.18458e-11
491360 7.51001e-13
501110 0.0
501120 0.0
501130 0.0
501140 0.0
501150 6.11e-13
501170 4.29e-11
501180 2.41e-09
501190 1.1062e-06
501210 1.030001e-05
501220 8.09501e-05
501230 0.0002910101
501240 0.00067406
501250 0.001070191
501260 0.00219418
501270 0.003428201
501280 0.00580758
501290 0.0124868
501300 0.01329912
501310 0.007673
501320 0.00236698
501330 0.00044058
501340 3.575996e-05
501360 5.83e-08
501370 8.49001e-10
501380 1.0856707e-11
511130 0.0
511150 0.0
511170 0.0
511180 5.43e-14
511190 5.95e-12
511200 3.3e-10
511210 3.626e-07
511230 5.43e-06
511240 9.68001e-07
511250 3.345002e-05
511270 0.00015641
511280 0.00050688
511290 0.00353007
511300 0.00983104
511310 0.020599
511320 0.01529315
511330 0.0120954
511340 0.00261968
511350 0.00054545
511360 5.912e-05
511370 3.99e-06
511380 1.4e-07
511390 4.10975e-09
511400 2.69196e-11
511410 2.53215e-12
521150 0.0
521170 0.0
521180 0.0
521190 0.0
521200 1.48e-14
521210 2.12e-12
521220 2.33e-10
521230 1.037001e-08
521240 2.53e-12
521250 4.748001e-11
521260 9.25001e-10
521270 1.622e-08
521280 2.42e-07
521290 5.2e-06
521300 0.0018687
521310 0.03390073
521330 0.0451472
521340 0.0394022
521350 0.03021108
521370 0.00170247
521380 0.00026906
521390 2.115e-05
521400 1.32997e-06
521410 9.1975e-08
521420 8.34001e-10
521430 8.23026e-12
521440 6.31394e-13
531210 0.0
531220 4.4e-13
531250 0.0
531260 0.0
531270 0.0
531280 1.53e-14
531290 1.91e-12
531300 6.31e-06
531310 0.00012797
531320 0.0009353
531330 0.00682148
531340 0.01413042
531350 0.0278252
531360 0.0294667
531370 0.02804866
531390 0.0025685
531400 0.00041864
531410 6.77181e-05
531430 1.31762e-07
531440 7.43162e-09
531450 1.38477e-11
531460 2.22644e-13
541240 0.0
541250 0.0
541260 0.0
541270 0.0
541280 0.0
541300 3.3e-09
541310 1.852e-07
541320 0.0001370301
541340 0.001218681
541350 0.00676367
541360 0.0239376
541370 0.0353893
541380 0.049908
541390 0.0361502
541400 0.0228153
541410 0.00839015
541420 0.00177872
541430 0.000209898
541440 1.61026e-05
541450 5.02987e-07
541460 1.09998e-08
541470 1.5136901e-11
541490 8.38583e-14
541500 0.0
551270 0.0
551290 0.0
551310 5.92e-12
551320 6.21e-10
551330 6.17e-08
551340 4.5310002e-05
551360 0.00041087
551370 0.00242999
551380 0.02767762
551400 0.0264877
551410 0.0340917
551420 0.0168314
551430 0.00836754
551440 0.00170939
551450 0.00024528
551460 1.522e-05
551470 2.29654e-07
551480 1.4e-08
551490 1.34253e-09
551500 2.6e-12
551510 7.04789e-14
561290 0.0
561310 0.0
561320 0.0
561330 2.52e-12
561340 3.63e-10
561350 2.74e-08
561360 1.21e-06
561370 1.922e-05
561380 0.00026384
561390 0.00161534
561400 0.00810438
561410 0.022019
561420 0.0390244
561430 0.0434907
561440 0.0468207
561460 0.00331626
561470 0.000365841
561480 3.757866e-05
561500 7.79001e-08
561510 2.56e-09
561520 1.47e-11
561530 1.41782e-13
561540 0.0
571330 0.0
571350 3.71e-13
571370 3.58e-09
571380 1.36e-07
571390 3.64e-06
571400 4.659e-05
571410 0.0005011
571420 0.00213156
571430 0.00918512
571440 0.0162954
571450 0.0213933
571460 0.01324494
571470 0.00572697
571480 0.00134143
571490 0.00032999
571500 3.313744e-05
571520 7.09001e-08
571530 2.26986e-09
571540 2.8923269e-11
571560 2.93485e-15
581350 0.0
581370 1.01562e-11
581390 7.41e-10
581400 4.27e-08
581410 2.358e-05
581430 0.00025601
581440 0.00190276
581450 0.00594181
581460 0.0138259
581470 0.0129168
581480 0.0107641
581490 0.00576415
581500 0.00214233
581510 0.00030455
581520 5.119e-05
581530 4.07e-06
581540 2.23e-07
581550 8.10978e-09
581560 1.44997e-10
581570 1.55e-12
581580 1.44e-14
581590 1.43031e-16
581600 0.0
591390 0.0
591400 5.11e-13
591410 6.27e-11
591420 3.34e-09
591430 1.81e-07
591440 3.747e-06
591450 5.245e-05
591460 0.00031423
591470 0.003263
591490 0.00387273
591500 0.00304368
591510 0.0021721
591530 0.00018199
591540 2.44e-05
591550 3.61e-06
591560 1.62e-07
591570 7.30001e-09
591580 1.74e-10
591590 2.28986e-12
591600 2.29e-14
591610 1.83626e-16
591620 1.42289e-18
601400 0.0
601410 0.0
601420 6.97001e-14
601430 1.11e-11
601440 1.12e-09
601450 4.49e-08
601460 1.26e-06
601470 1.23e-05
601480 9.25101e-05
601490 0.00039134
601500 0.00114768
601510 0.00126969
601520 0.0017134
601530 0.00104868
601540 0.00050654
601550 0.00016612
601560 2.865e-05
601570 3.414e-06
601590 1.01e-08
601600 4.28e-10
601610 6.66982e-12
601620 7.02986e-14
601630 0.0
601640 0.0
611410 0.0
611430 0.0
611440 8.37001e-13
611460 6.87e-11
611470 3.12e-09
611480 1.1829e-06
611500 8.33001e-06
611510 3.719e-05
611520 0.0001157802
611530 0.0002452
611540 0.000245
611550 0.00026806
611560 9.51601e-05
611570 3.693e-05
611580 8.15001e-06
611590 1.06e-06
611600 1.09e-07
611610 7.01001e-09
611620 1.87e-10
611630 3.8215e-12
611650 0.0
611660 1.92283e-18
621430 0.0
621440 0.0
621450 0.0
621460 0.0
621470 6.75e-14
621480 6.22e-12
621490 2.94e-10
621500 1.2578001e-07
621520 1.54e-06
621530 7.66001e-06
621540 9.82601e-05
621560 8.33201e-05
621570 6.487e-05
621580 4.805e-05
621590 1.304e-05
621600 4.88e-06
621610 7.21001e-07
621620 7.62001e-08
621630 3.76e-09
621640 2.64e-10
621650 6.86e-12
621660 9.49981e-14
621670 0.0
621680 0.0
621700 0.0
631470 0.0
631490 0.0
631510 8.13001e-12
631520 2.940003e-10
631530 6.12e-09
631540 5.97e-08
631550 5.57e-07
631560 1.56e-06
631570 4.44e-06
631580 6.92001e-06
631590 6.33e-06
631600 7.13e-06
631620 5.34e-07
631630 9.74001e-08
631640 1.806e-08
631660 5.87e-11
631670 1.53e-12
631680 3.49e-14
631690 0.0
631700 0.0
641470 0.0
641490 0.0
641510 0.0
641530 4.27e-13
641540 1.83e-11
641550 4.34e-10
641560 5.04e-09
641570 3.51e-08
641580 2.15e-07
641590 4.48e-07
641600 1.21e-06
641610 1.25e-06
641620 9.42001e-07
641630 3.46e-07
641640 2.06e-07
641650 4.37e-08
641660 6.359e-09
641680 3.42e-11
641690 1.46e-12
641700 3.77e-14
641720 0.0
651510 0.0
651530 0.0
651550 0.0
651560 2.209e-13
651570 1.0775011e-10
651590 8.66001e-10
651600 5.65e-09
651610 2.28e-08
651620 3.82e-08
651630 4.96e-08
651640 6.18e-08
651650 4.27e-08
651660 1.22e-08
651670 2.62e-09
651680 5.33e-10
651690 8.73001e-11
651700 5.4e-12
651710 3.61e-13
651720 0.0
661550 0.0
661560 0.0
661570 0.0
661580 0.0
661590 1.51e-13
661600 4.17e-12
661610 4.21e-11
661620 2.89e-10
661630 8.95001e-10
661640 4.39e-09
661650 6.477001e-09
661660 6.58e-09
661670 2.86e-09
661680 1.94e-09
661690 6.52e-10
661700 1.43e-10
661710 2.15e-11
661720 1.2e-12
671590 0.0
671610 0.0
671620 2.22e-14
671630 3.978e-13
671640 5.01e-12
671650 2.9e-11
671660 7.16e-11
671670 1.17e-10
671680 1.71e-10
671690 1.96e-10
671700 8.66e-11
671710 4.35e-11
671720 5.05e-12
681610 0.0
681620 0.0
681630 0.0
681640 0.0
681650 1.22e-14
681660 1.29e-13
681670 5.227e-13
681680 3.06e-12
681690 8.16001e-12
681700 1.33e-11
681710 1.41e-11
681720 5.54e-12
691650 0.0
691660 0.0
691670 0.0
691680 0.0
691690 0.0
691700 3.53e-14
691710 1.48e-13
691720 1.33e-13
701660 0.0
701670 0.0
701680 0.0
701690 0.0
701700 0.0
701710 0.0
701720 0.0
711690 0.0
711710 0.0
711720 0.0
721710 0.0
