230660 5.17176e-19
240660 2.44989e-14
240670 0.0
240680 1.01806e-17
240700 0.0
250660 9.66976e-12
250670 5.57986e-12
250680 9.38976e-13
250690 1.58986e-13
250700 1.56996e-14
250710 0.0
250720 8.21149e-17
260650 8.1598e-10
260670 1.780951e-09
260690 2.82993e-10
260700 1.23997e-10
260710 3.25992e-11
260720 3.88982e-12
260730 2.21994e-13
260740 0.0
260750 6.97914e-16
260760 0.0
270660 1.13997e-09
270670 5.26987e-09
270680 7.69981e-09
270690 1.13997e-08
270700 1.11997e-08
270710 1.25997e-08
270720 3.51991e-09
270730 9.793759e-10
270750 1.130099e-11
270770 1.47826e-14
270780 6.20611e-16
280660 5.32987e-10
280670 4.73988e-09
280680 2.42994e-08
280690 6.73983e-08
280700 2.42994e-07
280710 5.69986e-07
280720 6.46984e-07
280730 3.70991e-07
280740 1.50996e-07
280750 4.60988e-08
280760 7.37981e-09
280770 5.12972e-10
280780 2.93986e-11
280790 4.57806e-13
280800 0.0
280810 0.0
290660 3.9199e-12
290670 1.39996e-10
290680 1.5970559e-08
290700 9.216765e-07
290720 1.80995e-06
290730 3.8999e-06
290740 3.35992e-06
290750 4.20989e-06
290760 1.48996e-06
290770 4.65988e-07
290780 6.54984e-08
290790 7.14936e-09
290800 2.62993e-10
290810 1.16997e-11
290820 2.88993e-13
290830 7.40571e-15
300660 0.0
300670 4.94988e-13
300680 2.21994e-11
300690 4.702878e-10
300700 1.26997e-08
300710 2.12295e-07
300720 1.67996e-06
300730 6.85983e-06
300740 2.09295e-05
300750 5.15087e-05
300760 6.79883e-05
300770 4.69288e-05
300780 3.590911e-05
300800 1.29997e-06
300810 1.47996e-07
300820 1.75996e-08
300830 2.56986e-10
300840 1.52996e-11
300850 2.25382e-13
300860 0.0
310650 0.0
310670 0.0
310690 3.50991e-13
310700 2.19994e-11
310710 1.54996e-09
310720 2.66994e-08
310730 4.21989e-07
310740 2.55994e-06
310750 2.24394e-05
310760 5.45286e-05
310770 0.000137927
310780 0.000170546
310790 0.000188415
310800 7.52381e-05
310810 3.8389e-05
310820 1.13297e-05
310830 7.8098e-07
310840 1.18997e-07
310850 3.51969e-09
310860 1.2303149e-10
310880 2.23758e-14
320660 0.0
320670 0.0
320680 0.0
320690 0.0
320700 0.0
320710 1.22397e-12
320720 9.24977e-11
320730 8.8267814e-08
320750 1.5986565e-05
320770 7.306816e-05
320780 0.000327492
320790 0.001140482
320800 0.00180869
320810 0.00134454
320820 0.000819329
320830 0.000247504
320840 0.000172596
320850 1.31697e-05
320860 2.17995e-06
320870 3.58981e-08
320880 1.05995e-09
320890 1.00525e-11
320900 2.39315e-12
330690 0.0
330710 0.0
330720 0.0
330730 5.69986e-13
330740 3.40991e-11
330750 2.78993e-09
330760 5.55986e-08
330770 1.18997e-06
330780 1.15797e-05
330790 9.52376e-05
330800 0.00041792
330810 0.00204937
330820 0.0031748
330830 0.00456856
330840 0.00155663
330850 0.00105135
330860 0.000427509
330870 3.26192e-05
330880 2.44994e-06
330890 1.56986e-07
330900 2.73773e-08
330920 1.82384e-12
330930 3.45025e-12
340720 0.0
340730 0.0
340740 0.0
340750 4.95988e-13
340760 4.27989e-11
340770 2.114943e-09
340780 9.63976e-08
340790 3.01192e-06
340800 3.34392e-05
340810 0.0002459942
340820 0.00185137
340830 0.004952096
340840 0.0123845
340850 0.01176242
340860 0.0080084
340870 0.00328442
340880 0.00109169
340890 0.000171426
340900 5.75412e-05
340910 0.0
340920 8.6396e-08
340930 1.19727e-07
340940 2.15995e-11
340950 1.32583e-13
340960 0.0
350750 0.0
350770 7.9598e-14
350780 9.02977e-12
350790 1.336962e-09
350800 9.78976e-08
350810 1.52996e-06
350820 8.26979e-06
350830 0.000366181
350840 0.00222157
350850 0.00886652
350860 0.01379702
350870 0.0172587
350880 0.0117232
350890 0.00599287
350900 0.00220724
350910 0.000475408
350920 5.75186e-05
350930 8.29582e-05
350940 1.73996e-07
350950 2.07049e-09
350960 8.96977e-11
350970 2.5848e-12
350980 1.8365e-12
360770 0.0
360780 0.0
360790 5.74986e-14
360800 8.72978e-12
360810 8.09979e-10
360820 2.39994e-08
360830 1.566963e-06
360840 3.53391e-05
360850 0.001173501
360860 0.00569313
360870 0.018585
360880 0.038351
360890 0.0464604
360900 0.039479
360910 0.019116
360920 0.0075074
360930 0.00148773
360940 0.000260293
360950 3.18785e-06
360960 1.59996e-06
360970 8.96952e-08
360980 8.6996e-08
360990 1.04745e-11
361000 2.80993e-13
370790 0.0
370810 0.0
370830 1.99995e-10
370840 6.42984e-10
370850 6.19984e-07
370860 8.99978e-06
370870 0.000749881
370880 0.00340948
370890 0.00999751
370900 0.02326181
370910 0.0341793
370920 0.0292591
370930 0.0184443
370940 0.00589801
370950 0.00214167
370960 0.000313462
370970 8.1478e-05
370980 0.000194015
370990 1.63576e-07
371000 7.26982e-09
371010 6.45478e-11
371020 2.01593e-12
371030 2.11799e-13
380830 0.0
380840 6.73983e-13
380850 9.71976e-11
380860 7.8498e-09
380870 3.566913e-07
380880 1.08397e-05
380890 0.00109155
380900 0.00335699
380910 0.0111141
380920 0.0268057
380930 0.0444592
380940 0.0484063
380950 0.0326718
380960 0.0179867
380970 0.00642236
380980 0.0022006
380990 0.00025185
381000 3.38891e-05
381010 2.23988e-06
381020 9.54956e-08
381030 7.34965e-09
381040 0.0
381050 0.0
381060 0.0
381070 0.0
390850 0.0
390870 1.33997e-11
390880 1.04997e-09
390890 6.03985e-08
390900 1.409964e-06
390910 2.83392e-05
390920 0.00160146
390930 0.0049933
390940 0.0131005
390950 0.0253784
390960 0.02769173
390970 0.0256368
390980 0.01296926
390990 0.00709535
391000 0.00131373
391010 0.000533047
391020 5.28687e-05
391030 5.09252e-06
391040 1.45996e-10
391050 1.64828e-12
391060 4.66676e-16
391070 2.30179e-16
391080 0.0
391090 2.46683e-14
400870 0.0
400880 1.78996e-14
400890 2.68993e-12
400900 3.01992e-10
400910 1.55996e-08
400920 6.56984e-07
400930 1.21097e-05
400940 0.00109151
400950 0.00343868
400960 0.0328029
400980 0.0343934
400990 0.0330316
401000 0.0313373
401010 0.0133646
401020 0.00611212
401030 0.00135199
401040 0.000177296
401050 1.83695e-05
401060 7.09982e-09
401070 2.56527e-09
401080 5.36987e-12
401090 8.56018e-10
401100 3.15992e-12
401110 1.36739e-14
410890 0.0
410900 0.0
410910 1.65996e-13
410920 1.80995e-11
410930 1.592962e-09
410940 5.16987e-08
410950 1.654962e-06
410960 5.58486e-05
410970 0.000948896
410980 0.002022387
410990 0.007872594
411000 0.0092201
411010 0.0152199
411020 0.01630691
411040 0.00158247
411050 0.000645284
411060 4.712621e-05
411080 8.1398e-07
411090 5.93129e-07
411100 1.23997e-08
411110 2.1354e-10
411120 1.99904e-13
411130 8.51348e-15
420890 0.0
420910 0.0
420920 0.0
420930 3.1599195e-12
420950 2.59993e-10
420960 1.59996e-08
420970 4.81988e-07
420980 9.41976e-06
420990 0.000994255
421000 0.00269479
421010 0.00258336
421020 0.00789143
421030 0.00750818
421040 0.00745229
421050 0.00359543
421060 0.00205332
421070 0.000855279
421080 0.000453389
421090 6.52684e-05
421100 9.18977e-06
421110 3.28778e-07
421120 9.764987e-09
421140 4.63988e-12
421150 3.36238e-14
421160 0.0
430930 0.0
430950 0.0
430970 1.809954e-11
430980 8.81978e-10
430990 7.8858e-07
431010 8.55979e-06
431020 6.90782e-05
431030 0.001034114
431050 0.000596055
431060 0.000315162
431070 0.000280413
431080 0.000297963
431090 0.000207295
431100 9.04277e-05
431110 1.87795e-05
431120 1.69996e-06
431130 2.04699e-07
431140 1.16997e-08
431150 5.25088e-10
431160 1.19997e-11
431170 1.11806e-13
431180 3.03973e-15
440950 0.0
440960 0.0
440970 0.0
440980 1.45996e-14
440990 1.78996e-12
441000 1.44996e-10
441010 4.1299e-09
441020 1.46996e-07
441030 1.71996e-06
441040 1.96995e-09
441050 0.0001731456
441070 8.1098e-07
441080 5.15987e-06
441090 0.00039029
441110 0.000150866
441120 6.91683e-05
441130 2.24794e-05
441140 5.70986e-06
441150 8.08455e-07
441160 7.39981e-08
441170 3.87979e-09
441180 1.43993e-10
441190 2.33994e-12
441200 2.75993e-14
441210 6.40288e-16
441220 0.0
441240 0.0
450990 0.0
451010 3.12992e-14
451020 3.35992e-12
451030 1.781954e-10
451040 0.0
451050 0.0
451060 2.49994e-07
451070 8.96977e-13
451080 2.15994e-11
451090 2.09994e-06
451100 1.55796e-05
451110 4.40189e-05
451120 5.02087e-05
451130 7.13982e-05
451140 3.8329e-05
451150 2.840927e-05
451170 1.31997e-06
451180 1.29997e-07
451190 1.1045691e-08
451210 9.99911e-12
451220 1.90995e-13
451230 0.0
451240 0.0
460990 0.0
461010 0.0
461020 0.0
461040 0.0
461050 0.0
461060 0.0
461080 0.0
461090 4.31989e-09
461100 2.21994e-07
461110 2.000952e-06
461120 1.19197e-05
461130 4.0809e-05
461140 8.1308e-05
461150 0.000100467
461160 9.24777e-05
461170 5.36087e-05
461180 2.39594e-05
461190 5.00987e-06
461200 7.9198e-07
461210 6.758835e-08
461230 0.0
461240 0.0
461250 0.0
461270 0.0
461280 0.0
461290 3.82372e-13
461300 0.0
471030 0.0
471050 0.0
471060 0.0
471070 0.0
471080 0.0
471090 1.919952e-13
471100 3.63991e-11
471110 2.159943e-09
471120 7.598807e-07
471140 3.19992e-06
471150 2.47994e-05
471160 3.10192e-05
471170 6.99382e-05
471180 6.68584e-05
471190 5.86585e-05
471200 2.21094e-05
471210 8.0298e-06
471220 2.02994e-06
471230 6.93983e-10
471240 7.21982e-11
471250 8.93978e-12
471260 7.42981e-13
471270 7.37981e-14
471280 0.0
471290 5.97133e-09
471300 4.19989e-11
471310 1.41775e-12
481050 0.0
481060 0.0
481070 0.0
481080 0.0
481090 0.0
481100 0.0
481110 2.312947e-13
481120 2.45994e-11
481130 1.492961e-09
481140 3.00992e-08
481150 5.73986e-07
481160 3.17992e-06
481170 1.625961e-05
481180 0.0001762456
481200 0.000168986
481210 0.0001353266
481220 0.0001705255
481240 9.74976e-06
481250 3.05992e-06
481260 1.20997e-06
481270 3.61991e-07
481280 5.00987e-08
481290 9.1938e-06
481300 7.9698e-07
481310 4.91973e-08
481320 7.31982e-10
481330 1.45986e-11
481340 1.00997e-13
481360 0.0
491070 0.0
491090 0.0
491110 0.0
491120 0.0
491130 6.09985e-14
491140 3.18792e-12
491150 2.431938e-10
491160 4.33989e-09
491170 1.053974e-07
491180 9.86975e-07
491190 7.8098e-06
491200 2.533935e-05
491210 7.9508e-05
491220 0.0001829553
491230 0.000420279
491240 0.000352722
491250 0.00043499
491260 0.00038429
491270 0.000569406
491280 0.001059242
491300 0.0001661859
491310 4.75288e-05
491320 2.01794e-06
491340 3.8299e-09
491350 2.73176e-11
491360 2.88993e-13
501110 0.0
501120 0.0
501130 0.0
501140 0.0
501150 1.1322697e-12
501170 7.37982e-11
501180 3.42991e-09
501190 1.1301682e-06
501210 7.8598e-06
501220 7.53281e-05
501230 0.0001621258
501240 0.00038332
501250 0.000728322
501260 0.00185587
501270 0.00480753
501280 0.00666838
501290 0.0102769
501300 0.00777596
501310 0.005071
501320 0.000847269
501330 0.000281693
501340 2.6857249e-05
501360 2.99992e-08
501370 3.02992e-10
501380 5.7015198e-12
511130 0.0
511150 0.0
511170 0.0
511180 1.292968e-13
511190 1.34997e-11
511200 5.43986e-10
511210 4.986875e-07
511230 8.21979e-08
511240 4.15989e-07
511250 2.107947e-05
511270 0.000178846
511280 0.001468403
511290 0.00447806
511300 0.01046984
511310 0.014361
511320 0.01094683
511330 0.00798487
511340 0.00201054
511350 0.000376641
511360 3.27792e-05
511370 1.61996e-06
511380 7.7698e-08
511390 9.62914e-10
511400 1.49453e-11
511410 7.15548e-13
521150 0.0
521170 0.0
521180 0.0
521190 0.0
521200 5.13987e-14
521210 5.09988e-12
521220 6.22984e-10
521230 6.91983e-14
521240 1.56996e-12
521250 3.49491e-11
521260 8.0598e-10
521270 2.209944e-08
521280 4.1199e-07
521290 0.0003184117
521300 0.00247788
521310 0.05199682
521330 0.0435502
521340 0.0382765
521350 0.02405308
521370 0.000880828
521380 0.000195125
521390 5.92985e-06
521400 7.07967e-07
521410 2.48303e-08
521420 2.40994e-10
521430 1.8624e-12
521440 2.85997e-13
531210 0.0
531220 0.0
531250 0.0
531260 0.0
531270 0.0
531280 7.42981e-07
531290 5.56986e-07
531300 2.59393e-05
531310 0.000363501
531320 0.001930392
531330 0.0071225
531340 0.02089026
531350 0.0330468
531360 0.0220986
531370 0.02149704
531390 0.0021715
531400 0.000225974
531410 1.8091678e-05
531430 2.90843e-08
531440 3.27177e-09
531450 1.71167e-11
531460 3.50413e-13
541240 0.0
541250 0.0
541260 0.0
541270 0.0
541280 4.482886e-10
541300 2.57994e-08
541310 3.7899e-07
541320 0.0005706057
541340 0.001798616
541350 0.012269
541360 0.0373614
541370 0.0448292
541380 0.0430195
541390 0.0290488
541400 0.0157134
541410 0.00340361
541420 0.000899807
541430 4.47798e-05
541440 6.87656e-06
541450 5.93968e-07
541460 1.65992e-08
541470 1.958856e-11
541490 1.05568e-13
541500 0.0
551270 0.0
551290 0.0
551310 1.51996e-11
551320 1.09997e-09
551330 7.46981e-08
551340 6.158854e-05
551360 0.001299138
551370 0.00710951
551380 0.0360862
551400 0.0289213
551410 0.0331142
551420 0.0125844
551430 0.00404837
551440 0.00102273
551450 0.000243454
551460 1.70396e-05
551470 2.80296e-07
551480 2.05995e-08
551490 1.64861e-09
551500 4.0899e-12
551510 1.16697e-13
561290 0.0
561310 0.0
561320 2.00995e-14
561330 3.76991e-12
561340 7.59981e-10
561350 4.80988e-08
561360 4.54988e-06
561370 3.58691e-05
561380 0.000317352
561390 0.00564152
561400 0.0191206
561410 0.0266411
561420 0.0484979
561430 0.0366913
561440 0.0434463
561460 0.00352019
561470 0.000431559
561480 4.974709e-05
561500 1.08997e-07
561510 4.04951e-09
561520 3.31992e-11
561530 1.71597e-13
561540 0.0
571330 0.0
571350 7.71981e-13
571370 8.0298e-09
571380 1.78996e-07
571390 5.65986e-06
571400 0.000263503
571410 0.00163062
571420 0.00463773
571430 0.0186131
571440 0.0128497
571450 0.0177046
571460 0.01090282
571470 0.00534067
571480 0.00131823
571490 0.000302942
571500 3.468508e-05
571520 1.07997e-07
571530 2.67976e-09
571540 2.9344533e-11
571560 2.76531e-15
581350 0.0
581370 1.8772496e-11
581390 1.464959e-09
581400 8.77978e-08
581410 3.617905e-05
581430 0.000293463
581440 0.00160271
581450 0.00481322
581460 0.0112206
581470 0.010815
581480 0.0100732
581490 0.00470663
581500 0.00202834
581510 0.00040137
581520 6.67483e-05
581530 4.0999e-06
581540 2.03995e-07
581550 5.03973e-09
581560 1.30994e-10
581570 1.33997e-12
581580 0.0
581590 7.74749e-17
581600 0.0
591390 0.0
591400 1.13997e-12
591410 1.06997e-10
591420 5.28986e-09
591430 2.12995e-07
591440 2.754933e-06
591450 3.71791e-05
591460 0.000199145
591470 0.002299112
591490 0.00253785
591500 0.00219773
591510 0.002167416
591530 0.000143516
591540 1.62796e-05
591550 1.82995e-06
591560 1.14997e-07
591570 5.24987e-09
591580 6.39984e-11
591590 1.20989e-12
591600 0.0
591610 6.91584e-17
601400 0.0
601410 0.0
601420 1.45996e-13
601430 1.52996e-11
601440 9.12977e-10
601450 3.12992e-08
601460 7.7998e-07
601470 7.51981e-06
601480 6.30584e-05
601490 0.000233774
601500 0.0007947
601510 0.00111592
601520 0.00144133
601530 0.000744131
601540 0.000318712
601550 7.8398e-05
601560 2.05395e-05
601570 2.234947e-06
601590 5.11987e-09
601600 1.56996e-10
601610 2.39987e-12
601620 0.0
601630 0.0
601640 0.0
611410 0.0
611430 0.0
611440 5.18987e-13
611460 1.09997e-10
611470 1.49996e-09
611480 5.4890667e-07
611500 4.36989e-06
611510 2.64493e-05
611520 7.04382e-05
611530 0.000141106
611540 0.000118137
611550 0.000107537
611560 5.58286e-05
611570 2.15995e-05
611580 2.54994e-06
611590 4.67988e-07
611600 3.26992e-08
611610 2.17995e-09
611620 1.65996e-11
611630 5.30987e-13
611650 0.0
611660 4.62292e-19
621430 0.0
621440 0.0
621450 0.0
621460 0.0
621470 2.93993e-14
621480 3.05992e-12
621490 1.24997e-10
621500 7.486808e-08
621520 8.38979e-07
621530 3.9599e-06
621540 3.9869e-05
621560 5.06787e-05
621570 3.70691e-05
621580 1.58796e-05
621590 5.71986e-06
621600 1.52996e-06
621610 2.19994e-07
621620 6.97982e-09
621630 5.13987e-10
621640 2.25994e-11
621650 6.04985e-13
621660 2.1899e-14
621670 0.0
621680 0.0
621700 0.0
631470 0.0
631490 0.0
631510 3.8199e-12
631520 1.141971e-10
631530 2.75993e-09
631540 2.07994e-08
631550 1.80995e-07
631560 7.8198e-07
631570 2.21994e-06
631580 1.93995e-06
631590 2.48994e-06
631600 1.905954e-06
631620 4.0899e-08
631630 1.16997e-08
631640 1.253967e-09
631660 1.03997e-11
631670 1.70996e-13
631680 0.0
631690 0.0
631700 0.0
641470 0.0
641490 0.0
641510 0.0
641530 1.73996e-13
641540 6.07985e-12
641550 1.34997e-10
641560 2.55994e-09
641570 1.65996e-08
641580 6.43984e-08
641590 1.76996e-07
641600 3.40991e-07
641610 3.41991e-07
641620 7.65981e-08
641630 4.1599e-08
641640 1.44996e-08
641650 3.12992e-09
641660 1.077969e-09
641680 2.08995e-12
641690 8.93978e-14
641700 0.0
641720 0.0
651510 0.0
651530 0.0
651550 0.0
651560 8.43979e-14
651570 2.861926e-11
651590 2.94993e-10
651600 1.35997e-09
651610 5.58986e-09
651620 2.63994e-09
651630 5.35987e-09
651640 3.59991e-09
651650 2.66993e-09
651660 1.68996e-09
651670 2.25994e-10
651680 2.56994e-11
651690 4.41989e-12
651700 3.8499e-13
651710 2.46994e-14
651720 0.0
661550 0.0
661560 0.0
661570 0.0
661580 0.0
661590 5.23987e-14
661600 1.07997e-12
661610 9.93975e-12
661620 2.12995e-11
661630 9.74976e-11
661640 2.63993e-10
661650 3.954897e-10
661660 9.25977e-10
661670 2.35994e-10
661680 9.43976e-11
661690 3.11992e-11
661700 1.00997e-11
661710 1.35997e-12
661720 1.91995e-13
671590 0.0
671610 0.0
671620 0.0
671630 3.41991e-14
671640 2.500941e-13
671650 1.54996e-12
671660 8.0898e-12
671670 8.20979e-12
671680 6.68983e-12
671690 8.0198e-12
671700 4.93988e-12
671710 2.34994e-12
671720 6.25984e-13
681610 0.0
681620 0.0
681630 0.0
681640 0.0
681650 0.0
681660 1.47996e-14
681670 3.03992e-14
681680 1.19997e-13
681690 3.16992e-13
681700 7.62981e-13
681710 7.25982e-13
681720 6.76983e-13
691650 0.0
691660 0.0
691670 0.0
691680 0.0
691690 0.0
691700 0.0
691710 0.0
691720 1.26997e-14
701660 0.0
701670 0.0
701680 0.0
701690 0.0
701700 0.0
701710 0.0
701720 0.0
711690 0.0
711710 0.0
711720 0.0
721710 0.0
