230660 4.00477e-19
240660 2.04996e-14
240670 0.0
240680 6.51068e-18
240700 0.0
250660 1.11e-11
250670 5.01e-12
250680 7.96e-13
250690 1.07993e-13
250700 1.04e-14
250710 0.0
250720 4.94247e-17
260650 1.08e-09
260670 1.893e-09
260690 2.53e-10
260700 1.02e-10
260710 2.19e-11
260720 2.52995e-12
260730 1.08e-13
260740 0.0
260750 3.35783e-16
260760 0.0
270660 1.91e-09
270670 7.13e-09
270680 1.01e-08
270690 1.32e-08
270700 1.28e-08
270710 1.16e-08
270720 3.38e-09
270730 6.691e-10
270750 5.74066e-12
270770 6.90856e-15
280660 9.8e-10
280670 7.41e-09
280680 3.52e-08
280690 9.39e-08
280700 3.23e-07
280710 6.75e-07
280720 7.66e-07
280730 3.37e-07
280740 1.25e-07
280750 3.31e-08
280760 4.35e-09
280770 2.59993e-10
280780 9.88e-12
280790 1.7603e-13
280800 0.0
280810 0.0
290660 9.07e-12
290670 2.6e-10
290680 2.7373e-08
290700 1.4006e-06
290720 2.89e-06
290730 4.62e-06
290740 3.91e-06
290750 4.21e-06
290760 1.35e-06
290770 3.49e-07
290780 3.48e-08
290790 2.91982e-09
290800 1.45e-10
290810 4.56e-12
290820 4.71e-14
300660 1.5e-14
300670 1.07e-12
300680 4.42e-11
300690 9.53e-10
300700 2.46e-08
300710 3.867e-07
300720 3.1e-06
300730 9.91e-06
300740 2.844e-05
300750 6.623e-05
300760 7.873e-05
300770 4.84e-05
300780 2.425e-05
300800 9.52e-07
300810 8.44e-08
300820 4.27e-09
300830 1.13e-10
300840 1.85e-12
300850 5.93799e-14
300860 0.0
310650 0.0
310670 0.0
310690 8.67e-13
310700 5.52e-11
310710 3.56e-09
310720 6.55e-08
310730 7.67e-07
310740 4.6e-06
310750 3.706e-05
310760 8.84e-05
310770 0.00019136
310780 0.00017433
310790 0.00014465
310800 8.059e-05
310810 3.191e-05
310820 4.58e-06
310830 5.64e-07
310840 2.62e-08
310850 9.84941e-10
310860 1.5735771e-11
320660 0.0
320670 0.0
320680 0.0
320690 0.0
320700 2.03e-14
320710 3.44e-12
320720 2.64e-10
320730 1.8451e-07
320750 3.1708e-05
320770 0.00012965
320780 0.00040593
320790 0.00069798
320800 0.00143116
320810 0.00135591
320820 0.00084425
320830 0.00027431
320840 5.783e-05
320850 6.04e-06
320860 4.42e-07
320870 1.63996e-08
320880 4.29e-10
320890 5.81742e-12
320900 6.80421e-13
330690 0.0
330710 0.0
330720 1.31e-14
330730 1.59e-12
330740 9.45e-11
330750 7.54e-09
330760 1.55e-07
330770 2.83e-06
330780 2.014e-05
330790 0.00012502
330800 0.00054717
330810 0.00187076
330820 0.00265147
330830 0.00335932
330840 0.00174954
330850 0.00079111
330860 0.00015532
330870 2.58e-05
330880 1.83e-06
330890 9.64942e-08
330900 8.29764e-09
330910 2.25857e-11
330920 4.92294e-13
340720 0.0
340730 0.0
340740 0.0
340750 1.67e-12
340760 1.46e-10
340770 6.887e-09
340780 2.07e-07
340790 3.136e-06
340800 5.51e-05
340810 0.00044107
340820 0.00238093
340830 0.00583135
340840 0.0122386
340850 0.01278246
340860 0.0101075
340870 0.0041433
340880 0.00125746
340890 0.0001755
340900 1.84117e-05
340910 8.49977e-07
340920 2.51995e-08
340930 1.52519e-10
340940 4.28e-12
340950 4.67945e-13
340960 0.0
350750 0.0
350770 3.419e-13
350780 2.72e-11
350790 1.797e-09
350800 8.33e-08
350810 2.94e-06
350820 4.134e-05
350830 0.00045363
350840 0.00195533
350850 0.00733469
350860 0.01255694
350870 0.0186772
350880 0.0129486
350890 0.00727152
350900 0.0019233
350910 0.00039835
350920 3.256e-05
350930 2.52985e-06
350940 7.12e-08
350950 7.76185e-09
350960 2.05e-11
350970 4.75628e-13
360770 0.0
360780 0.0
360790 9.59e-14
360800 2.04e-11
360810 2.012e-09
360820 1.34e-07
360830 3.94e-06
360840 7.321e-05
360850 0.00067466
360860 0.00447892
360870 0.0148778
360880 0.034324
360890 0.0418239
360900 0.0412583
360910 0.0206397
360920 0.00716825
360930 0.00143116
360940 0.00018366
360950 1.26622e-05
360960 6.72e-07
360970 1.78995e-08
360980 3.1e-10
360990 4.64694e-12
361000 2.48e-14
370790 0.0
370810 2.72e-14
370830 7.36e-10
370840 3.79e-08
370850 1.58e-06
370860 2.757e-05
370870 0.00037227
370880 0.00203531
370890 0.00855135
370900 0.0187583
370910 0.0339927
370920 0.026364
370930 0.0201355
370940 0.00642453
370950 0.00192765
370960 0.00026731
370970 3.081e-05
370980 1.45e-06
370990 7.70794e-08
371000 1.39e-09
371010 1.47206e-11
371020 3.12567e-13
380830 1.25e-14
380840 3.06e-12
380850 3.62e-10
380860 2.94e-08
380870 1.057e-06
380880 2.509e-05
380890 0.00027637
380900 0.00231371
380910 0.00943502
380920 0.0309314
380930 0.0439197
380940 0.0517601
380950 0.0356735
380960 0.0194959
380970 0.00540642
380980 0.00109337
380990 0.000125743
381000 1.169e-05
381010 5.53985e-07
381020 1.59997e-08
381030 4.93124e-11
381040 0.0
381050 0.0
381060 0.0
381070 0.0
390850 0.0
390870 6.15e-11
390880 3.98e-09
390890 1.856e-07
390900 4.26e-06
390910 7.886e-05
390920 0.00061851
390930 0.00351364
390940 0.00927359
390950 0.0228823
390960 0.02681155
390970 0.0263928
390980 0.01224156
390990 0.00552512
391000 0.00125798
391010 0.00025163
391020 1.878e-05
391030 8.17951e-07
391040 1.44e-13
391050 2.3005e-15
391060 3.94806e-17
391070 2.85077e-17
391080 1.03929e-12
391090 2.29916e-14
400870 0.0
400880 9.59e-14
400890 1.24e-11
400900 1.3e-09
400910 6.65e-08
400920 2.41e-06
400930 3.554e-05
400940 0.00040125
400950 0.00245128
400960 0.0324816
400980 0.0356606
400990 0.033605
401000 0.0277419
401010 0.0126749
401020 0.0037838
401030 0.00041
401040 1.25e-06
401050 6.94e-08
401060 1.62e-09
401070 8.60003e-10
401080 5.3199e-08
401090 8.65251e-10
401100 2e-12
401110 2.54101e-14
410890 0.0
410900 0.0
410910 1.12e-12
410920 1.16e-10
410930 7.76e-09
410940 2.427e-07
410950 6.59e-06
410960 7.342e-05
410970 0.00059108
410980 0.00225517
410990 0.00758255
411000 0.01294658
411010 0.0203489
411020 0.01802331
411040 0.00139443
411050 0.00043961
411060 4.386914e-05
411080 1.147e-05
411090 6.22135e-07
411100 1.2e-08
411110 4.2148e-10
411120 5.95831e-13
411130 2.93022e-14
420890 0.0
420910 0.0
420920 0.0
420930 2.3154e-11
420950 1.76e-09
420960 8.88e-08
420970 1.84e-06
420980 3.029e-05
420990 0.00024647
421000 0.00162542
421010 0.00561471
421020 0.0124554
421030 0.0103286
421040 0.0112033
421050 0.00762632
421060 0.00278721
421070 0.00098188
421080 0.00047585
421090 9.719e-05
421100 1.159e-05
421110 6.87578e-07
421120 3.160214e-08
421140 1.1e-11
421150 7.53439e-14
421160 0.0
430930 0.0
430950 0.0
430970 1.18e-10
430980 5.28e-09
430990 3.3168e-06
431010 4.466e-05
431020 0.00023536
431030 0.00091754
431050 0.00049802
431060 0.00042579
431070 0.00046916
431080 0.00039494
431090 0.00042686
431100 0.00016237
431110 5.117e-05
431120 7e-06
431130 7.92897e-07
431140 3.64e-08
431150 1.24974e-09
431160 2.53e-11
431170 1.953e-13
431180 3.82895e-15
440950 0.0
440960 0.0
440970 0.0
440980 1.4e-13
440990 1.33e-11
441000 9.86e-10
441010 3.69e-08
441020 8.37e-07
441030 6.57e-06
441040 9.79e-09
441050 5.806e-07
441070 1.72e-06
441080 9.233e-05
441090 0.00089917
441110 0.00049803
441120 0.00030713
441130 9.508e-05
441140 1.966e-05
441150 2.03875e-06
441160 2e-07
441170 7.3498e-09
441180 1.95996e-10
441190 2.17e-12
441200 1.71e-14
441220 0.0
441240 0.0
450990 0.0
451010 6.04e-13
451020 3.66e-11
451030 1.296e-09
451040 0.0
451050 0.0
451060 6.52e-14
451070 1.6e-12
451080 3.54e-07
451090 7.82e-06
451100 4.524e-05
451110 0.00017736
451120 0.00026805
451130 0.00032982
451140 0.00016235
451150 9.559e-05
451170 3.66e-06
451180 2.87e-07
451190 1.6266e-08
451210 1e-11
451220 1.04e-13
451230 0.0
451240 0.0
460990 0.0
461010 0.0
461020 2.27e-14
461040 0.0
461050 0.0
461060 0.0
461080 2.3e-10
461090 2.147e-08
461100 7.7e-07
461110 9.61e-06
461120 6.609e-05
461130 0.00019688
461140 0.00035959
461150 0.00039244
461160 0.00042382
461170 0.00020086
461180 7.119e-05
461190 1.112e-05
461200 1.21e-06
461210 9.711e-08
461230 9.45e-11
461240 0.0
461250 0.0
461280 0.0
461290 2.31202e-13
461300 0.0
471030 0.0
471050 0.0
471060 0.0
471070 0.0
471080 0.0
471090 1.21e-12
471100 1.725e-10
471110 1.262e-08
471120 3.996e-06
471140 1.69e-05
471150 7.594e-05
471160 0.00018814
471170 0.00034798
471180 0.0002912
471190 0.00019026
471200 5.351e-05
471210 1.796e-05
471220 2.25e-06
471230 2.23e-07
471240 2.19e-12
471250 2.03e-13
471260 1.44e-14
471270 0.0
471280 0.0
471290 3.83498e-09
471300 2.7e-11
471310 6.96171e-13
481050 0.0
481060 0.0
481070 0.0
481080 0.0
481090 0.0
481100 0.0
481110 1.594e-12
481120 1.86e-10
481130 7.79e-09
481140 1.63e-07
481150 2.076e-06
481160 2.236e-05
481170 0.00010382
481180 0.00083579
481200 0.00053145
481210 0.00041364
481220 0.00025867
481240 2.11e-06
481250 5.3e-07
481260 1.73e-07
481270 5.27e-08
481280 8.66e-09
481290 6.25616e-06
481300 6.67e-07
481310 2.61993e-08
481320 5.56e-10
481330 5.81742e-12
481340 2.47e-14
481360 0.0
491070 0.0
491090 0.0
491110 0.0
491120 0.0
491130 3.301e-13
491140 2.014e-11
491150 1.302e-09
491160 4.05999e-08
491170 9.01e-07
491180 7.73e-06
491190 4.781e-05
491200 0.0001166601
491210 0.00032846
491220 0.000347481
491230 0.00033518
491240 0.00032289
491250 0.00032096
491260 0.00025761
491270 0.00035946
491280 0.00089349
491300 0.0002012199
491310 3.514e-05
491320 2.2464942e-06
491340 1.52e-09
491350 1.26746e-11
491360 8.04e-14
501110 0.0
501120 0.0
501130 0.0
501140 0.0
501150 1.20767e-11
501170 8.18e-10
501180 3.41e-08
501190 6.934e-06
501210 4.305e-05
501220 0.00016918
501230 0.00035712
501240 0.00070688
501250 0.00112846
501260 0.00252043
501270 0.00658341
501280 0.0103527
501290 0.01055433
501300 0.01136912
501310 0.00487074
501320 0.00135329
501330 0.0001754
501340 1.4596987e-05
501360 1.18e-08
501370 1.01e-10
501380 9.77e-13
511130 0.0
511150 0.0
511170 1.47e-14
511180 1.857e-12
511190 1.61e-10
511200 4.89e-09
511210 1.626e-06
511230 1.289e-05
511240 1.962e-06
511250 7.795e-05
511270 0.00045342
511280 0.00130885
511290 0.00564086
511300 0.01244649
511310 0.0192569
511320 0.01282841
511330 0.00726744
511340 0.00166284
511350 0.00027731
511360 2.015e-05
511370 8.69e-07
511380 2.38e-08
511390 5.74e-10
511400 5.52853e-12
511410 6.37342e-13
521150 0.0
521170 0.0
521180 0.0
521190 0.0
521200 5.98e-13
521210 5.14e-11
521220 2.29e-09
521230 5.44e-08
521240 1.2e-11
521250 1.861e-10
521260 4.82e-09
521270 9.19e-08
521280 1.2e-06
521290 0.00045119
521300 0.003893
521310 0.04517691
521330 0.0419847
521340 0.0397515
521350 0.02334168
521370 0.0007095
521380 8.913e-05
521390 5.82e-06
521400 2.82994e-07
521410 2.39854e-08
521420 1.22e-10
521430 2.7194e-12
531210 0.0
531220 4.77e-12
531250 0.0
531260 0.0
531270 0.0
531280 1.42e-13
531290 9.37e-07
531300 2.069e-05
531310 0.00028458
531320 0.00396848
531330 0.01065346
531340 0.01900476
531350 0.0345119
531360 0.0270752
531370 0.0184
531390 0.00123457
531400 0.00015813
531410 1.8033e-05
531430 4.51069e-08
531440 9.57237e-11
531450 3.82628e-12
531460 5.29411e-14
541240 0.0
541250 0.0
541260 0.0
541270 0.0
541280 2.09e-10
541300 1.89e-08
541310 6.77e-07
541320 0.00031741
541340 0.00265888
541350 0.01175373
541360 0.035469
541370 0.0482313
541380 0.0487837
541390 0.0308852
541400 0.0158138
541410 0.00420424
541420 0.0008047
541430 7.35848e-05
541440 4.8999e-06
541450 1.43996e-07
541460 2.70995e-09
541470 7.17807e-12
541500 0.0
551270 0.0
551290 0.0
551310 3.37e-11
551320 2.98e-09
551330 2.11e-07
551340 0.00012419
551360 0.00106165
551370 0.0052946
551380 0.03494856
551400 0.0287988
551410 0.0275204
551420 0.0119213
551430 0.00459105
551440 0.00078063
551450 0.0001007
551460 5.26e-06
551470 1.16128e-07
551480 4.32e-09
551490 1.8786e-11
551500 4.76e-13
551510 3.1332e-14
561290 0.0
561310 0.0
561320 6.53e-14
561330 1.41e-11
561340 1.94e-09
561350 1.26e-07
561360 5.36e-06
561370 7.635e-05
561380 0.00072176
561390 0.0037584
561400 0.0151408
561410 0.0296191
561420 0.0446873
561430 0.0381554
561440 0.0321211
561460 0.00170573
561470 0.000189444
561480 1.6896981e-05
561500 2.22e-08
561510 1.17913e-09
561520 3.07e-12
561530 2.71279e-14
561540 0.0
571330 0.0
571350 2.65e-12
571370 2.42e-08
571380 6.3e-07
571390 1.073e-05
571400 0.00014175
571410 0.00111603
571420 0.00368095
571430 0.011938
571440 0.0156446
571450 0.0173668
571460 0.00887562
571470 0.00383987
571480 0.00080426
571490 0.00014993
571500 1.3217821e-05
571520 2.1e-08
571530 4.49973e-10
571540 3.8471028e-12
571560 4.78619e-16
581350 0.0
581370 8.8107e-11
581390 4.06e-09
581400 2.41e-07
581410 7.135e-05
581430 0.00053455
581440 0.00281657
581450 0.00688898
581460 0.0128484
581470 0.0115307
581480 0.00886797
581490 0.00375124
581500 0.00123714
581510 0.00021289
581520 2.288e-05
581530 1.3e-06
581540 4.86e-08
581550 1.01997e-09
581560 2.44995e-11
581570 2.35e-13
581580 0.0
581600 0.0
591390 2.99e-14
591400 4.91e-12
591410 4.31e-10
591420 1.58e-08
591430 5.67e-07
591440 7.934e-06
591450 8.239e-05
591460 0.00037939
591470 0.00343409
591490 0.00274766
591500 0.00225285
591510 0.00179015
591530 8.374e-05
591540 7.73e-06
591550 7.15e-07
591560 4.46e-08
591570 1.83e-09
591580 1.87e-11
591590 3.25e-13
591600 0.0
591610 6.85542e-18
601400 0.0
601410 0.0
601420 5.78e-13
601430 6.25e-11
601440 3.76e-09
601450 1.05e-07
601460 2.2e-06
601470 1.949e-05
601480 0.00013106
601490 0.00045643
601500 0.00118495
601510 0.00137617
601520 0.00141518
601530 0.0007146
601540 0.0002432
601550 5.379e-05
601560 1.36e-05
601570 1.42e-06
601590 2.64e-09
601600 3.84e-11
601610 2.57993e-13
601620 0.0
601630 0.0
601640 0.0
611410 0.0
611430 0.0
611440 2.7008e-12
611460 1.59e-10
611470 6.19e-09
611480 1.8445e-06
611500 1.129e-05
611510 6.119e-05
611520 0.0001227999
611530 0.00022431
611540 0.0001571
611550 0.00012338
611560 6.707e-05
611570 2.47e-05
611580 2.58e-06
611590 4.53e-07
611600 1.68e-08
611610 4.73e-10
611620 6.42e-12
611630 1.44e-13
611650 0.0
621430 0.0
621440 0.0
621450 0.0
621460 0.0
621470 1.86e-13
621480 1.59e-11
621490 5.74e-10
621500 2.652e-07
621520 2.35e-06
621530 1.056e-05
621540 7.703e-05
621560 9.235e-05
621570 6.818e-05
621580 2.492e-05
621590 9.36e-06
621600 1.33e-06
621610 8.8e-08
621620 4.84e-09
621630 2.79e-10
621640 1e-11
621650 1.93e-13
621660 0.0
621670 0.0
621680 0.0
621700 0.0
631470 0.0
631490 0.0
631510 2.11e-11
631520 5.96001e-10
631530 1.02e-08
631540 8e-08
631550 5.85e-07
631560 2.58e-06
631570 6.88e-06
631580 5.33e-06
631590 6.73e-06
631600 2.433e-06
631620 5.42e-08
631630 1.22e-08
631640 1.1323e-09
631660 5.2e-12
631670 5.78e-14
631680 0.0
631690 0.0
631700 0.0
641470 0.0
641490 0.0
641510 2.32e-14
641530 1.1e-12
641540 3.79e-11
641550 7.47e-10
641560 1.41e-08
641570 9.06e-08
641580 2.82e-07
641590 7.91e-07
641600 8.46e-07
641610 3.95e-07
641620 1.58e-07
641630 7.44e-08
641640 2.25e-08
641650 3.92e-09
641660 9.855e-10
641680 1.15e-12
641690 3.88e-14
641700 0.0
641720 0.0
651510 0.0
651530 0.0
651550 1.91e-14
651560 9.55e-13
651570 2.372e-10
651590 2.43e-09
651600 1.47e-08
651610 1.14e-08
651620 1e-08
651630 1.68e-08
651640 1.02e-08
651650 5.98e-09
651660 3.01e-09
651670 3.07e-10
651680 3.02e-11
651690 4e-12
651700 2.33e-13
651710 1.15e-14
651720 0.0
661550 0.0
661560 0.0
661570 0.0
661580 2.49e-14
661590 7.39e-13
661600 1.95e-11
661610 3.77e-11
661620 1.34e-10
661630 5.46e-10
661640 1.25e-09
661650 1.568e-09
661660 2.7e-09
661670 5.67e-10
661680 1.88e-10
661690 5.21e-11
661700 1.11e-11
661710 1.26e-12
661720 1.35e-13
671590 0.0
671610 0.0
671620 1.71e-14
671630 4.125e-13
671640 2.342e-12
671650 1.17e-11
671660 4.7e-11
671670 3.73e-11
671680 2.61e-11
671690 2.45e-11
671700 1.048e-11
671710 4.04e-12
671720 9.23e-13
681610 0.0
681620 0.0
681630 0.0
681640 0.0
681650 0.0
681660 1.52e-13
681670 3.057e-13
681680 8.45e-13
681690 1.8e-12
681700 2.8e-12
681710 2.23e-12
681720 1.72e-12
691650 0.0
691660 0.0
691670 0.0
691680 0.0
691690 0.0
691700 1.25e-14
691710 3.88e-14
691720 6.67e-14
701660 0.0
701670 0.0
701680 0.0
701690 0.0
701700 0.0
701710 0.0
701720 0.0
711690 0.0
711710 0.0
711720 0.0
721710 0.0
