230660 2.05032e-19
240660 2.40981e-14
240670 0.0
240680 2.10819e-18
240700 0.0
250660 7.19949e-12
250670 5.37962e-12
250680 6.65953e-13
250690 8.02922e-14
250700 0.0
250710 0.0
250720 6.08289e-18
250730 6.41071e-19
260650 3.75973e-10
260670 1.078923e-09
260690 1.21991e-10
260700 3.23977e-11
260710 4.91965e-12
260720 7.14943e-13
260730 5.53954e-14
260740 0.0
260750 1.00027e-16
260760 0.0
270660 2.8098e-10
270670 1.99986e-09
270680 2.46983e-09
270690 3.24977e-09
270700 2.08985e-09
270710 1.4799e-09
270720 5.79959e-10
270730 2.509819e-10
270750 4.062612e-12
270770 6.52643e-15
270780 4.27929e-16
280660 5.77959e-11
280670 9.03936e-10
280680 4.1897e-09
280690 1.11992e-08
280700 2.7798e-08
280710 4.34969e-08
280720 7.59946e-08
280730 7.1295e-08
280740 4.57968e-08
280750 1.52989e-08
280760 5.01965e-09
280770 5.63954e-10
280780 5.0296e-11
280800 1.55989e-14
280810 0.0
290660 1.4299e-13
290670 9.67932e-12
290680 1.2450126e-09
290700 4.074707e-08
290720 1.26991e-07
290730 4.70967e-07
290740 6.81952e-07
290750 1.00993e-06
290760 8.27941e-07
290770 4.44969e-07
290780 1.08992e-07
290790 0.0
290800 5.24963e-10
290810 0.0
290820 1.4799e-12
290830 7.3133e-15
300660 0.0
300670 0.0
300680 4.73967e-13
300690 1.307912e-11
300700 3.02979e-10
300710 4.060716e-09
300720 6.09957e-08
300730 4.62967e-07
300740 2.50982e-06
300750 7.66946e-06
300760 1.83787e-05
300770 3.14378e-05
300780 5.20363e-05
300800 2.41983e-06
300810 0.0
300820 1.07992e-07
300830 6.31948e-10
300840 1.21991e-08
300850 1.54373e-13
300860 2.27984e-12
310650 0.0
310670 0.0
310690 0.0
310700 1.4699e-13
310710 9.38934e-12
310720 3.85972e-10
310730 1.20991e-08
310740 1.459896e-07
310750 1.92986e-06
310760 1.04593e-05
310770 4.08171e-05
310780 0.000102813
310790 0.000171078
310800 0.000117062
310810 8.17742e-05
310820 6.26156e-05
310830 1.91986e-06
310840 0.000110672
310850 5.87943e-09
310860 3.28231114e-07
310880 4.42392e-12
320660 0.0
320670 0.0
320680 0.0
320690 0.0
320700 0.0
320710 0.0
320720 3.63974e-13
320730 1.6992679e-09
320750 1.35231632e-06
320770 6.850517e-06
320780 6.94151e-05
320790 0.000232494
320800 0.00101818
320810 0.00126259
320820 0.00126469
320830 0.000478856
320840 0.000189947
320850 2.12985e-05
320860 0.00628666
320870 2.19582e-05
320880 5.19959e-07
320890 4.0431e-11
320900 1.17072e-12
320910 6.13734e-14
330690 0.0
330710 0.0
330720 0.0
330730 0.0
330740 1.658885e-13
330750 2.55982e-11
330760 1.64988e-09
330770 4.3097e-08
330780 1.29991e-06
330790 2.65681e-05
330800 0.00013695
330810 0.000609047
330820 0.001558551
330830 0.00290689
330840 0.00197393
330850 0.00121362
330860 0.000199226
330870 0.000505324
330880 0.00124298
330890 1.53985e-06
330900 3.27811e-08
330910 2.33746e-09
330920 3.54764e-12
330930 2.84347e-13
340720 0.0
340730 0.0
340740 0.0
340750 0.0
340760 3.03979e-13
340770 2.114851e-11
340780 2.46983e-09
340790 1.264908e-07
340800 4.88965e-06
340810 7.96444e-05
340820 0.000370984
340830 0.001764446
340840 0.00630945
340850 0.00893376
340860 0.00835835
340870 0.00731048
340880 0.00267874
340890 0.000485486
340900 0.000126988
340910 6.65719e-06
340920 4.16967e-07
340930 2.45707e-08
340940 1.70988e-10
340950 6.62575e-13
340960 1.27991e-13
350750 0.0
350770 0.0
350780 4.93965e-14
350790 1.350908e-11
350800 1.480894e-09
350810 8.85937e-08
350820 5.45961e-07
350830 0.000195376
350840 0.000353045
350850 0.00235019
350860 0.00459472
350870 0.0127177
350880 0.0138742
350890 0.0103927
350900 0.00552553
350910 0.00223704
350920 0.000267711
350930 3.08432e-05
350940 1.65988e-06
350950 2.52348e-08
350960 1.90987e-08
350970 3.43679e-12
350980 1.38928e-10
360770 0.0
360780 0.0
360790 0.0
360800 6.24956e-14
360810 1.083923e-11
360820 3.34976e-10
360830 8.17942e-08
360840 3.24977e-06
360850 0.0003142378
360860 0.000872228
360870 0.00463375
360880 0.0173221
360890 0.0343845
360900 0.0439695
360910 0.0315598
360920 0.016581
360930 0.00486312
360940 0.000868149
360950 7.18697e-05
360960 0.000378113
360970 2.96976e-07
360980 1.63287e-05
360990 1.2276e-11
361000 1.14992e-08
361010 4.13579e-13
370790 0.0
370810 0.0
370830 2.29984e-12
370840 2.15985e-11
370850 2.37483e-05
370860 6.44954e-08
370870 2.50182e-05
370880 0.000223014
370890 0.00204542
370900 0.00845243
370910 0.0222492
370920 0.0313173
370930 0.0306672
370940 0.0156647
370950 0.00763687
370960 0.00168422
370970 0.000379373
370980 2.35883e-05
370990 4.67542e-07
371000 0.000347615
371010 1.57516e-08
371020 1.4718e-11
371030 2.38107e-13
380830 0.0
380840 0.0
380850 7.84944e-13
380860 1.18992e-10
380870 1.320902e-08
380880 7.67946e-07
380890 0.000175198
380900 0.000737128
380910 0.00250483
380920 0.0107518
380930 0.0256971
380940 0.0451267
380950 0.0453728
380960 0.0356811
380970 0.0172068
380980 0.00808091
380990 0.00133158
381000 8.15242e-05
381010 4.48611e-05
381020 1.72986e-06
381030 2.0575e-08
381040 1.30991e-09
381050 0.0
381060 0.0
381070 0.0
381080 0.0
390850 0.0
390870 9.99929e-14
390880 1.69988e-11
390890 2.319839e-09
390900 8.96936e-08
390910 3.29976e-06
390920 0.000714829
390930 0.001086684
390940 0.00389833
390950 0.011054
390960 0.02243888
390970 0.031405
390980 0.0221264
390990 0.0194933
391000 0.00567391
391010 0.00278002
391020 0.00267979
391030 2.58276e-05
391040 5.6796e-06
391050 4.66997e-12
391060 4.97911e-17
391070 6.27991e-18
391080 9.18765e-21
391090 4.45818e-14
391100 7.9035e-16
400870 0.0
400880 0.0
400890 2.06985e-14
400900 4.1897e-12
400910 4.41969e-10
400920 0.000118982
400930 1.3699e-06
400940 0.000194946
400950 0.00127244
400960 0.0142942
400980 0.0257356
400990 0.0358394
401000 0.0497641
401010 0.0278782
401020 0.0178133
401030 0.00498868
401040 0.000827871
401050 0.00115837
401060 1.67988e-08
401070 1.55771e-09
401080 3.09978e-12
401090 3.85235e-09
401100 9.28926e-11
401110 2.10107e-14
401120 8.89352e-16
410890 0.0
410900 0.0
410910 0.0
410920 2.26984e-13
410930 4.46868e-11
410940 2.46983e-09
410950 1.307912e-06
410960 5.43962e-06
410970 0.0001320203
410980 0.001541823
410990 0.004365439
411000 0.00637804
411010 0.0191624
411020 0.0298917
411040 0.00570432
411050 0.00138613
411060 0.0001805058
411080 8.99936e-07
411090 4.83581e-06
411100 1.52989e-07
411110 8.00212e-10
411120 2.49026e-11
411130 1.28956e-14
411140 3.74332e-16
420890 0.0
420910 0.0
420920 0.0
420930 2.99979e-14
420950 4.93965e-12
420960 5.32962e-10
420970 2.48982e-08
420980 9.57932e-07
420990 0.00042814
421000 0.000729498
421010 0.00185841
421020 0.00650731
421030 0.0103685
421040 0.0112745
421050 0.00668015
421060 0.0035919
421070 0.00121442
421080 0.000302039
421090 0.000155269
421100 3.88673e-05
421110 2.27904e-06
421120 9.758262e-08
421140 4.39965e-11
421150 2.36831e-14
421160 0.0
421170 2.32224e-16
430930 0.0
430950 0.0
430970 1.759876e-13
430980 8.88937e-09
430990 5.741489e-08
431010 1.60989e-06
431020 0.0001910864
431030 0.001748007
431050 0.000484586
431060 0.000267671
431070 0.000224314
431080 0.000237663
431090 0.00013444
431100 0.000116392
431110 4.49068e-05
431120 6.85952e-06
431130 1.39879e-06
431140 7.0095e-08
431150 9.01994e-10
431160 6.30955e-11
431170 8.84445e-12
431180 5.9630145e-15
440950 0.0
440960 0.0
440970 0.0
440980 0.0
440990 1.09992e-14
441000 2.11985e-12
441010 1.61989e-10
441020 9.75931e-09
441030 2.35983e-07
441040 3.26977e-06
441050 1.017928e-08
441070 4.93965e-08
441080 1.66988e-07
441090 0.00011598178
441110 0.000118252
441120 9.9213e-05
441130 6.05457e-05
441140 1.72588e-05
441150 2.56892e-06
441160 2.45983e-07
441170 2.51894e-08
441180 6.91945e-10
441190 6.54946e-12
441200 3.02979e-12
441210 3.78056e-15
441220 0.0
441240 0.0
450990 0.0
451010 3.25977e-13
451020 1.063925e-11
451030 4.907655e-12
451040 1.958865e-10
451050 0.0
451060 0.0
451070 0.0
451080 0.0
451090 4.1197e-08
451100 1.12992e-06
451110 8.79938e-06
451120 2.29584e-05
451130 6.84252e-05
451140 5.02664e-05
451150 4.497679e-05
451170 4.64967e-06
451180 3.62974e-07
451190 4.2497e-08
451210 1.43986e-10
451220 2.8498e-12
451230 8.5194e-14
451240 1.03993e-14
460990 0.0
461010 0.0
461020 0.0
461040 0.0
461050 0.0
461060 0.0
461080 0.0
461090 8.3994e-12
461100 2.14985e-09
461110 7.25949e-08
461120 1.27991e-06
461130 1.16292e-05
461140 4.15571e-05
461150 7.1285e-05
461160 6.81552e-05
461170 8.77138e-05
461180 3.17778e-05
461190 4.34969e-06
461200 2.70981e-05
461210 5.206636e-07
461230 3.98972e-09
461240 2.72981e-09
461250 0.0
461270 0.0
461280 1.33991e-14
461290 0.0
461300 6.78952e-13
471030 0.0
471050 0.0
471060 0.0
471070 0.0
471080 0.0
471090 0.0
471100 2.27984e-14
471110 9.51932e-12
471120 4.990643e-08
471140 9.16935e-06
471150 1.562886e-05
471160 5.508606e-05
471170 3.03778e-05
471180 6.40855e-05
471190 7.25349e-05
471200 8.74938e-06
471210 2.57782e-05
471220 6.67952e-06
471230 2.74981e-06
471240 5.51961e-06
471250 1.65988e-11
471260 4.74966e-12
471270 1.57989e-12
471280 1.11992e-13
471290 2.9186e-17
471300 6.65953e-08
471310 1.59446e-09
481050 0.0
481060 0.0
481070 0.0
481080 0.0
481090 0.0
481100 0.0
481110 0.0
481120 1.05993e-11
481130 1.126921e-11
481140 7.64946e-10
481150 6.429546e-08
481160 2.99979e-07
481170 4.84966e-06
481180 6.41055e-05
481200 8.38841e-05
481210 7.23848e-05
481220 0.000220315
481240 0.000121421
481250 5.54561e-05
481260 8.07843e-05
481270 8.15442e-05
481280 3.55275e-05
481290 7.23949e-09
481300 0.000877978
481310 0.000137779
481320 0.0
481330 4.48941e-11
481340 9.32934e-13
481360 0.0
491070 0.0
491090 0.0
491110 0.0
491120 0.0
491130 0.0
491140 0.0
491150 2.011853e-12
491160 7.69947e-11
491170 4.518679e-09
491180 6.74952e-08
491190 4.878659e-06
491200 6.29955e-06
491210 2.795807e-05
491220 2.513823e-05
491230 4.161702e-05
491240 3.39076e-05
491250 9.44534e-05
491260 3.29576e-05
491270 0.0004742366
491280 0.000791735
491300 9.42033e-05
491310 0.0001111922
491320 6.397543e-05
491340 3.46975e-08
491350 7.25545e-11
491360 1.67988e-12
491370 2.15233e-12
501110 0.0
501120 0.0
501130 0.0
501140 0.0
501150 0.0
501170 4.98964e-13
501180 4.09971e-11
501190 3.1477796e-08
501210 3.85873e-06
501220 3.64974e-06
501230 1.113921e-05
501240 0.000106912
501250 0.000189997
501260 0.000444699
501270 0.0009458834
501280 0.0030098
501290 0.00426172
501300 0.01084478
501310 0.00881
501320 0.00591824
501330 0.0013772
501340 0.00018319648
501360 1.56989e-07
501370 1.85985e-07
501380 3.3265254e-11
511130 0.0
511150 0.0
511170 0.0
511180 0.0
511190 3.88973e-14
511200 2.202846e-12
511210 3.9550175e-09
511230 5.16963e-08
511240 1.002928e-07
511250 2.3972301e-05
511270 7.0895e-05
511280 0.0001703275
511290 0.000640685
511300 0.00571262
511310 0.0165069
511320 0.02166246
511330 0.0225655
511340 0.00716496
511350 0.00145137
511360 0.000114892
511370 0.000743307
511380 3.91972e-07
511390 1.39986e-08
511400 1.43888e-09
511410 3.7504e-12
511420 1.76106e-13
521150 0.0
521170 0.0
521180 0.0
521190 0.0
521200 0.0
521210 0.0
521220 6.09957e-13
521230 2.233844e-11
521240 3.41976e-09
521250 2.987791e-13
521260 8.24942e-12
521270 3.42176e-10
521280 1.71988e-06
521290 1.97286e-07
521300 0.000578719
521310 0.018611611
521330 0.0413418
521340 0.062155
521350 0.0453351
521370 0.00392386
521380 0.000661823
521390 6.66353e-05
521400 0.000169117
521410 3.24075e-07
521420 2.06984e-08
521430 4.88094e-12
521440 5.57665e-13
531210 0.0
531220 0.0
531250 0.0
531260 1.69988e-12
531270 0.0
531280 1.03993e-08
531290 0.0
531300 2.215843e-06
531310 3.91572e-05
531320 0.000182617
531330 0.001650244
531340 0.0086442
531350 0.0292737
531360 0.0257061
531370 0.0404648
531390 0.00771429
531400 0.00136749
531410 0.0004653729
531430 1.85895e-07
531440 1.56151e-08
531450 8.28533e-12
531460 9.01799e-13
531470 2.06341e-13
541240 0.0
541250 0.0
541260 0.0
541270 0.0
541280 8.32941e-13
541300 1.96986e-10
541310 4.89965e-09
541320 2.59402e-05
541340 0.000351606
541350 0.002566345
541360 0.0219242
541370 0.031942
541380 0.0481413
541390 0.0432328
541400 0.0350576
541410 0.0121914
541420 0.00434173
541430 0.000529436
541440 6.04901e-05
541450 7.15941e-07
541460 1.05992e-07
541470 1.78410992e-08
541490 9.51933e-14
541500 0.0
551270 0.0
551290 0.0
551310 2.53982e-14
551320 7.37948e-10
551330 7.91944e-09
551340 4.9867546e-06
551360 5.5376e-05
551370 0.000599988
551380 0.01772429
551400 0.0206988
551410 0.0291513
551420 0.0227813
551430 0.0140295
551440 0.00417681
551450 0.000756187
551460 7.64046e-05
551470 2.23819e-05
551480 1.30991e-07
551490 3.62552e-09
551500 1.98986e-11
551510 9.46903e-14
551520 1.26762e-15
561290 0.0
561310 0.0
561320 0.0
561330 1.03993e-14
561340 5.25963e-12
561350 7.63946e-10
561360 4.72966e-08
561370 1.872872e-06
561380 4.11571e-05
561390 0.000687681
561400 0.0048836
561410 0.0165949
561420 0.0301423
561430 0.041004
561440 0.0584099
561460 0.00913827
561470 0.00243638
561480 0.0002321696
561500 5.01965e-07
561510 8.18226e-09
561520 1.48988e-10
561530 3.72805e-13
561540 0.0
571330 0.0
571350 0.0
571370 6.92951e-11
571380 3.17978e-07
571390 2.26984e-07
571400 5.21563e-05
571410 0.000184907
571420 0.000965172
571430 0.00379478
571440 0.0106974
571450 0.0191497
571460 0.01489882
571470 0.00643265
571480 0.00336285
571490 0.000798754
571500 0.0001144941
571520 4.52968e-07
571530 1.41986e-08
571540 1.46285078e-10
571560 4.87482e-15
571570 5.3114e-17
581350 0.0
581370 4.74966e-12
581390 9.8993e-12
581400 1.14992e-09
581410 1.8097765e-06
581430 0.000313348
581440 0.000345456
581450 0.00085438
581460 0.00582932
581470 0.00997971
581480 0.0123548
581490 0.00697909
581500 0.00391764
581510 0.00099025
581520 0.000205365
581530 1.70488e-05
581540 9.11936e-07
581550 2.54979e-08
581560 5.72955e-10
581570 4.58962e-12
581580 3.86973e-14
581590 1.28119e-16
581600 0.0
591390 0.0
591400 0.0
591410 4.68967e-13
591420 4.62968e-11
591430 4.49968e-09
591440 1.4229e-07
591450 3.32976e-06
591460 3.62374e-05
591470 0.004372676
591490 0.00296816
591500 0.00218338
591510 0.00341114
591530 0.000367444
591540 5.02065e-05
591550 6.72952e-06
591560 4.06971e-07
591570 1.64988e-08
591580 3.74973e-10
591590 4.87953e-12
591600 2.8198e-14
591610 7.12816e-17
591620 2.96062e-19
601400 0.0
601410 0.0
601420 0.0
601430 4.79966e-14
601440 9.56932e-11
601450 5.54961e-10
601460 3.18977e-08
601470 6.71953e-07
601480 9.9293e-06
601490 6.80752e-05
601500 0.000327227
601510 0.000795114
601520 0.00140984
601530 0.00110947
601540 0.000580219
601550 0.000175378
601560 4.70167e-05
601570 5.368623e-06
601590 1.76987e-08
601600 5.03964e-10
601610 6.15949e-12
601620 3.47972e-14
601630 0.0
601640 0.0
611410 0.0
611430 0.0
611440 0.0
611460 4.49968e-12
611470 2.48982e-11
611480 3.88227912e-08
611500 2.99979e-07
611510 6.41955e-06
611520 2.783802e-05
611530 8.80038e-05
611540 0.0001082724
611550 0.000126091
611560 7.0635e-05
611570 2.93379e-05
611580 7.0595e-06
611590 1.05993e-06
611600 7.54947e-08
611610 4.39969e-09
611620 6.79952e-11
611630 1.8364688e-12
611650 0.0
611660 5.47035e-19
621430 0.0
621440 0.0
621450 0.0
621460 0.0
621470 0.0
621480 1.63988e-14
621490 1.70988e-12
621500 4.871651e-09
621520 9.64932e-08
621530 8.00943e-07
621540 1.782877e-05
621560 3.03079e-05
621570 2.66681e-05
621580 2.39783e-05
621590 7.41948e-06
621600 2.10985e-06
621610 2.8298e-07
621620 2.02986e-08
621630 1.3699e-09
621640 6.03957e-11
621650 2.54982e-12
621660 6.42949e-14
621670 0.0
621680 0.0
621700 0.0
631470 0.0
631490 0.0
631510 2.48982e-12
631520 2.719809e-12
631530 2.32984e-09
631540 1.939862e-09
631550 2.62981e-08
631560 1.61989e-07
631570 6.34955e-07
631580 1.27991e-06
631590 1.55989e-06
631600 1.356904e-06
631620 6.98951e-08
631630 1.93986e-08
631640 2.396833e-09
631660 2.49982e-11
631670 2.23984e-12
631680 2.8498e-14
631690 0.0
631700 0.0
641470 0.0
641490 0.0
641510 0.0
641530 0.0
641540 1.11992e-13
641550 4.07971e-12
641560 1.4299e-10
641570 1.4799e-09
641580 1.4799e-08
641590 3.70974e-08
641600 1.00993e-07
641610 1.10992e-07
641620 6.78952e-08
641630 3.80973e-08
641640 1.48989e-08
641650 6.13957e-09
641660 2.027854e-09
641680 2.17985e-11
641690 1.18992e-12
641700 2.67981e-14
641720 0.0
651510 0.0
651530 0.0
651550 0.0
651560 0.0
651570 1.3822075e-12
651590 1.69988e-11
651600 2.8398e-10
651610 5.95958e-10
651620 9.03936e-10
651630 2.13985e-09
651640 1.79987e-09
651650 2.8098e-09
651660 1.53989e-09
651670 1.33991e-09
651680 1.72988e-10
651690 4.06971e-11
651700 2.23984e-12
651710 2.91979e-13
651720 1.04993e-14
661550 0.0
661560 0.0
661570 0.0
661580 0.0
661590 0.0
661600 1.92986e-14
661610 2.50982e-13
661620 2.02986e-12
661630 1.23991e-11
661640 4.77966e-11
661650 1.758874e-10
661660 3.97972e-10
661670 7.50947e-10
661680 3.63974e-10
661690 1.73988e-10
661700 3.72974e-11
661710 1.08992e-11
661720 1.76987e-12
671590 0.0
671610 0.0
671620 0.0
671630 0.0
671640 0.0
671650 2.04986e-13
671660 1.343905e-12
671670 1.02993e-11
671680 1.15992e-11
671690 2.22984e-11
671700 9.8593e-12
671710 1.06992e-11
671720 3.68974e-12
681610 0.0
681620 0.0
681630 0.0
681640 0.0
681650 0.0
681660 0.0
681670 1.09992e-14
681680 6.78952e-14
681690 3.26977e-13
681700 6.41955e-13
681710 1.57989e-12
681720 2.19984e-12
691650 0.0
691660 0.0
691670 0.0
691680 0.0
691690 0.0
691700 0.0
691710 0.0
691720 1.67988e-14
701660 0.0
701670 0.0
701680 0.0
701690 0.0
701700 0.0
701710 0.0
701720 0.0
711690 0.0
711710 0.0
711720 0.0
721710 0.0
