230660 1.78916e-18
240660 5.44982e-14
240670 0.0
240680 0.0
240700 0.0
250660 2.23e-11
250670 6.36e-12
250680 3.03e-12
250690 0.0
250700 9.76e-14
250710 0.0
250720 1.58234e-16
250730 1.81496e-17
260650 5.56e-10
260670 1.068e-09
260690 4.21e-12
260700 1.83e-10
260710 3.75e-11
260720 4.81984e-12
260730 4.04982e-13
260740 1.62e-14
260750 1.27454e-15
260760 0.0
270660 1.1e-09
270670 2.25e-09
270680 8.21e-09
270690 1.53e-10
270700 1.9e-08
270710 1.15e-08
270720 4.46e-09
270730 1.293e-09
270750 1.45087e-11
270770 3.38792e-14
270780 2.22578e-15
280660 1.9e-10
280670 9.95e-10
280680 9.09e-09
280690 4.25e-10
280700 1.36e-07
280710 2.2e-07
280720 2.38e-07
280730 1.78e-07
280740 6.57e-08
280750 1.79e-08
280760 7.37e-09
280770 7.55966e-10
280780 6.77978e-11
280790 2.54909e-12
280800 1.24e-13
280810 0.0
290660 2.32e-12
290670 3.44e-11
290680 9.6e-10
290700 4.255e-07
290720 9.31e-07
290730 1.81e-06
290740 1.82e-06
290750 1.41e-06
290760 1.7e-06
290770 5.22e-07
290780 1.43e-07
290790 2.55975e-08
290800 2.53e-09
290810 1.33e-10
290820 2.99e-12
290830 6.00505e-14
300660 0.0
300670 7.15e-14
300680 5.31e-12
300690 1.879e-12
300700 4.25e-09
300710 4.591e-08
300720 3.23e-07
300730 1.58e-06
300740 3.97e-06
300750 7.8e-06
300760 2.489e-05
300770 2.117e-05
300780 2.545e-05
300800 2.63e-06
300810 4.66e-07
300820 3.56e-08
300830 1.33994e-09
300840 3.38e-11
300850 1.16501e-12
300860 0.0
310650 0.0
310670 0.0
310690 0.0
310700 1.33e-11
310710 4.23e-10
310720 8.52e-09
310730 1.15e-07
310740 7.61e-07
310750 3.81e-06
310760 3.034e-05
310770 6.477e-05
310780 0.00013155
310790 0.00018707
310800 0.00015689
310810 8.779e-05
310820 2.188e-05
310830 2.83e-06
310840 2.49e-07
310850 1.16988e-08
310860 3.6997433e-10
310880 1.35582e-13
320660 0.0
320670 0.0
320680 0.0
320690 0.0
320700 0.0
320710 2.16e-13
320720 1.33e-11
320730 1.09349e-08
320750 3.3166e-06
320770 1.759e-05
320780 9.004e-05
320790 0.00031938
320800 0.00067804
320810 0.00107252
320820 0.00079571
320830 0.00032896
320840 9.635e-05
320850 1.54e-05
320860 1.57e-06
320870 1.10995e-07
320880 4.12986e-09
320890 6.85068e-11
320900 4.80384e-12
330690 0.0
330710 0.0
330720 0.0
330730 1.34e-13
330740 7.99e-12
330750 3.43e-10
330760 2.2e-08
330770 3.53e-07
330780 5.03e-06
330790 4.762e-05
330800 0.00025953
330810 0.00110562
330820 0.00220742
330830 0.00259777
330840 0.00227658
330850 0.00114453
330860 0.00036179
330870 8.144e-05
330880 9.81e-06
330890 6.87932e-07
330900 3.53374e-08
330910 2.30343e-10
330920 9.45463e-12
330930 2.03763e-12
340720 0.0
340730 0.0
340740 0.0
340750 4.18e-14
340760 8.33e-12
340770 4.102e-10
340780 1.76e-08
340790 4.909e-07
340800 7.63e-06
340810 9.639e-05
340820 0.00054297
340830 0.00179259
340840 0.0039795
340850 0.00602331
340860 0.00530253
340870 0.00348773
340880 0.00127779
340890 0.00028143
340900 5.52247e-05
340910 5.13977e-06
340920 2.87991e-07
340930 4.54669e-08
340940 1.77e-10
340950 6.74692e-12
340960 1.38e-14
350750 0.0
350770 1.92e-14
350780 3.26e-12
350790 2.811e-10
350800 1.333e-08
350810 5.49e-07
350820 9.75e-06
350830 9.937e-05
350840 0.00070644
350850 0.00269963
350860 0.00638901
350870 0.0112024
350880 0.0111744
350890 0.0070157
350900 0.00399455
350910 0.00114979
350920 0.00020471
350930 2.34245e-05
350940 1.43e-06
350950 6.77512e-08
350960 1.28e-09
350970 1.33097e-11
350980 3.19422e-13
360770 0.0
360780 0.0
360790 0.0
360800 1.2e-12
360810 1.693e-10
360820 1.01e-08
360830 3.518e-07
360840 8.14e-06
360850 0.00010241
360860 0.00067571
360870 0.00226714
360880 0.00825004
360890 0.0142355
360900 0.0204937
360910 0.0164198
360920 0.00852867
360930 0.00305605
360940 0.00060032
360950 7.75622e-05
360960 5.87e-06
360970 2.96987e-07
360980 9.72968e-09
360990 6.38067e-11
361000 3.21e-12
370790 0.0
370810 0.0
370830 6.52e-11
370840 5.25e-09
370850 2.26e-07
370860 4.69e-06
370870 6.572e-05
370880 0.0006406
370890 0.00387896
370900 0.00932626
370910 0.0198316
370920 0.0268829
370930 0.0267332
370940 0.0153732
370950 0.0061011
370960 0.00143067
370970 0.00023731
370980 2.457e-05
370990 6.40735e-07
371000 8.13e-08
371010 3.85847e-10
371020 1.48385e-11
371030 2.86588e-12
380830 0.0
380840 1.7e-13
380850 2.59e-11
380860 1.78e-09
380870 8.1e-08
380880 2.52e-06
380890 2.929e-05
380900 0.00033124
380910 0.00196424
380920 0.00771415
380930 0.0189393
380940 0.03091
380950 0.0337817
380960 0.0221183
380970 0.0110311
380980 0.00338529
380990 0.000733519
381000 0.0001039
381010 8.60961e-06
381020 4.51985e-07
381030 6.3948e-08
381040 2.58e-10
381050 5.02434e-12
390850 0.0
390870 5.1e-12
390880 5.26e-10
390890 2.337e-08
390900 7.1e-07
390910 1.361e-05
390920 0.00014503
390930 0.00125047
390940 0.00549833
390950 0.0164322
390960 0.02830673
390970 0.0381672
390980 0.0311811
390990 0.0183062
391000 0.00751153
391010 0.00187045
391020 0.00030347
391030 3.29461e-05
391040 1.74e-06
391050 5.04534e-08
391060 1.2442e-10
391070 0.0
391080 0.0
391090 0.0
400870 0.0
400880 0.0
400890 8.06e-13
400900 7.91e-11
400910 5.01e-09
400920 2e-07
400930 4.78e-06
400940 6.932e-05
400950 0.0006357
400960 0.01482435
400980 0.0245175
400990 0.0361179
401000 0.0386483
401010 0.026067
401020 0.0119751
401030 0.00383979
401040 0.00061692
401050 5.77595e-05
401060 3.78988e-06
401070 1.95004e-13
401080 1.01e-14
401090 2.88785e-16
401100 0.0
401110 9.88181e-13
401120 3.31209e-14
410890 0.0
410900 0.0
410910 9.15e-14
410920 1.22e-11
410930 9.9e-10
410940 4.89e-08
410950 1.482e-06
410960 2.287e-05
410970 0.00027305
410980 0.00161167
410990 0.00626722
411000 0.01754042
411010 0.0302765
411020 0.0660934
411040 0.01346066
411050 0.00384567
411060 0.00077941
411080 1.65e-07
411090 3.88e-09
411100 4.95e-11
411110 9.92311e-09
411120 2.4364e-10
411130 3.33383e-13
411140 5.77783e-15
420890 0.0
420910 0.0
420920 0.0
420930 1.7502e-12
420950 1.8e-10
420960 9.19e-09
420970 3.57e-07
420980 6.71e-06
420990 7.641e-05
421000 0.00062281
421010 0.00300137
421020 0.00947005
421030 0.0202048
421040 0.0235218
421050 0.018357
421060 0.0102751
421070 0.003872
421080 0.001146
421090 0.00014209
421100 1.158e-05
421110 1.13601e-05
421120 3.8819497e-07
421140 1.75994e-10
421150 6.94421e-13
421160 3.79e-14
430930 0.0
430950 0.0
430970 2.46e-11
430980 1.49e-09
430990 1.38181e-06
431010 1.97e-05
431020 0.00018488
431030 0.00475474
431050 0.00860098
431060 0.0111715
431070 0.0129532
431080 0.0109666
431090 0.00510145
431100 0.00172865
431110 0.00028353
431120 4.695e-05
431130 3.83256e-06
431140 3.51e-07
431150 6.97323e-09
431160 8.49e-10
431170 2.89945e-12
431180 1.1049855e-13
440950 0.0
440960 0.0
440970 0.0
440980 1.62e-14
440990 1.79e-12
441000 1.49e-10
441010 7.03e-09
441020 2.09e-07
441030 4.06e-06
441040 3.817e-05
441050 0.00136859
441070 0.0002984
441080 0.00085105
441090 0.00240112
441110 0.00055963
441120 0.00039035
441130 0.00012525
441140 3.863e-05
441150 7.98303e-06
441160 9.65e-07
441170 6.46971e-08
441180 3.25989e-09
441190 7.75965e-11
441200 9.41e-13
441210 2.50926e-14
441220 0.0
441240 0.0
450990 0.0
451010 1.242e-13
451020 1.2e-11
451030 6.989e-10
451040 2.256e-08
451050 4.965e-07
451060 6.32e-06
451070 5.75e-09
451080 8.1e-08
451090 5.5e-07
451100 3.42e-06
451110 9.707e-05
451120 0.00028036
451130 0.00031517
451140 0.00029009
451150 0.00022784
451170 1.367e-05
451180 2.39e-06
451190 2.111e-07
451210 2.51975e-10
451220 5.17e-12
451230 7.55e-14
451240 0.0
460990 0.0
461010 0.0
461020 0.0
461040 6.68e-13
461050 5.46e-11
461060 2.12e-09
461080 0.0
461090 1.232e-13
461100 5.08e-12
461110 1.184e-06
461120 1.651e-05
461130 7.019e-05
461140 0.00018921
461150 0.00027562
461160 0.00029085
461170 0.00018559
461180 0.00010234
461190 2.859e-05
461200 4.56e-06
461210 4.779e-07
461230 1.59e-09
461240 0.0
461250 0.0
461270 0.0
461280 0.0
461290 0.0
461300 2.82e-14
471030 0.0
471050 0.0
471060 2.58e-14
471070 0.0
471080 0.0
471090 0.0
471100 0.0
471110 8.102e-10
471120 1.1913999e-06
471140 1.002e-05
471150 4.008e-05
471160 0.00011976
471170 0.00021044
471180 0.00032888
471190 0.00027022
471200 0.00013725
471210 4.382e-05
471220 1.036e-05
471230 1.71e-06
471240 5.01e-11
471250 7.98e-12
471260 7.44e-13
471270 6.74e-14
471280 0.0
471290 4.11994e-16
471300 1.88e-09
471310 1.7430869e-11
481050 0.0
481060 0.0
481070 0.0
481080 0.0
481090 0.0
481100 0.0
481110 2.2e-14
481120 1.21e-11
481130 1.038e-09
481140 3.31e-08
481150 4.013e-07
481160 3.82e-06
481170 2.033e-05
481180 0.00031269
481200 0.00032106
481210 0.0002973
481220 0.00031332
481240 5.82e-06
481250 2.98e-06
481260 8.99e-07
481270 3.11e-07
481280 1.48e-07
481290 1.23e-08
481300 6.2e-06
481310 3.78983e-07
481320 1.35996e-08
481330 1.76246e-10
481340 1.59e-12
481360 0.0
491070 0.0
491090 0.0
491110 0.0
491120 0.0
491130 4.01e-14
491140 5.78e-12
491150 2.23e-10
491160 7.28001e-09
491170 1.301e-07
491180 1.987e-06
491190 1.47e-05
491200 6.636e-05
491210 0.00017608
491220 0.000339561
491230 0.00046341
491240 0.00048448
491250 0.00066374
491260 0.00056373
491270 0.00066098
491280 0.00161104
491300 0.001102341
491310 0.00022651
491320 3.059982e-05
491340 4.84e-08
491350 2.11969e-10
491360 7.32e-12
501110 0.0
501120 0.0
501130 0.0
501140 0.0
501150 7.2e-13
501170 4.49e-11
501180 2.45e-09
501190 1.0458999e-06
501210 8.39e-06
501220 4.813e-05
501230 0.00018176
501240 0.00023683
501250 0.00064114
501260 0.00107322
501270 0.00281114
501280 0.0126983
501290 0.01297135
501300 0.0128037
501310 0.00801682
501320 0.00335361
501330 0.00074424
501340 7.851979e-05
501360 1.5e-07
501370 2.81e-09
501380 5.427199e-11
511130 0.0
511150 0.0
511170 0.0
511180 1.541e-13
511190 1.44e-11
511200 8.27e-10
511210 4.937e-07
511230 5.49e-06
511240 3.38001e-07
511250 1.43e-05
511270 8.757e-05
511280 0.00109857
511290 0.0041989
511300 0.01231649
511310 0.0215743
511320 0.0264981
511330 0.019058
511340 0.00630488
511350 0.00140825
511360 0.00015599
511370 9.84e-06
511380 6.25e-07
511390 1.87981e-08
511400 7.61623e-11
511410 9.42069e-12
521150 0.0
521170 0.0
521180 0.0
521190 0.0
521200 3.52e-14
521210 3.83e-12
521220 2.53e-10
521230 9.87e-09
521240 2.48e-13
521250 5.94e-12
521260 8.94e-11
521270 2.499e-09
521280 1.22e-07
521290 1.347e-06
521300 0.00103985
521310 0.0237291
521330 0.0375891
521340 0.0375285
521350 0.0354777
521370 0.00185324
521380 0.00038409
521390 3.742e-05
521400 2.31992e-06
521410 2.10209e-07
521420 2.08e-09
521430 2.36972e-11
521440 2.12982e-12
531210 0.0
531220 9.19e-13
531250 0.0
531260 0.0
531270 0.0
531280 0.0
531290 2.79e-13
531300 5.59e-06
531310 9.106e-05
531320 0.00102045
531330 0.00719778
531340 0.0255991
531350 0.0395783
531360 0.0401202
531370 0.0366302
531390 0.0041147
531400 0.00082232
531410 0.00011601
531430 2.37963e-07
531440 1.56672e-08
531450 5.64654e-11
531460 1.2639e-12
541240 0.0
541250 0.0
541260 0.0
541270 0.0
541280 0.0
541300 1.62e-09
541310 9.04e-08
541320 8.751e-05
541340 0.00098041
541350 0.00546462
541360 0.0153661
541370 0.0360635
541380 0.0385073
541390 0.0308752
541400 0.0179348
541410 0.0070205
541420 0.0015381
541430 0.000272422
541440 2.44843e-05
541450 1.25994e-06
541460 3.84987e-08
541470 6.4004e-11
541490 5.17122e-13
541500 0.0
551270 0.0
551290 0.0
551310 4.61e-12
551320 6.21e-10
551330 5.93e-08
551340 5.132e-05
551360 0.00058536
551370 0.00288653
551380 0.02929324
551400 0.0313498
551410 0.0326904
551420 0.0198198
551430 0.0101892
551440 0.00285017
551450 0.00047262
551460 4.78e-05
551470 5.76038e-07
551480 9.77e-08
551490 5.19283e-09
551500 3e-11
551510 9.02914e-13
561290 0.0
561310 0.0
561320 0.0
561330 2.11e-12
561340 3.33e-10
561350 2.16e-08
561360 7.9e-07
561370 1.542e-05
561380 0.00016767
561390 0.00106778
561400 0.00480765
561410 0.0131799
561420 0.0244643
561430 0.0289477
561440 0.0333756
561460 0.00336063
561470 0.000659454
561480 7.963481e-05
561500 2.49e-07
561510 2.01472e-08
561520 1.18e-10
561530 2.23045e-12
561540 0.0
571330 0.0
571350 5.33e-13
571370 4.74e-09
571380 1.73e-07
571390 3.59e-06
571400 5.121e-05
571410 0.00042917
571420 0.00196551
571430 0.00703943
571440 0.0151838
571450 0.0199656
571460 0.01686432
571470 0.00944193
571480 0.00324319
571490 0.00079648
571500 0.0001185599
571520 5.26e-07
571530 2.23978e-08
571540 3.9815106e-10
571560 5.38389e-14
581350 0.0
581370 9.1722e-12
581390 6.27e-10
581400 3e-08
581410 1.3909e-05
581430 0.00013494
581440 0.00086098
581450 0.00321134
581460 0.00747019
581470 0.011026
581480 0.0106795
581490 0.00715056
581500 0.002846
581510 0.0008175
581520 0.00012456
581530 1.691e-05
581540 9.13e-07
581550 4.79979e-08
581560 1.63995e-09
581570 1.65e-11
581580 1.32e-13
581590 3.09675e-15
581600 0.0
591390 0.0
591400 8.88e-13
591410 7.66e-11
591420 4.27e-09
591430 1.41e-07
591440 2.67e-06
591450 3.6e-05
591460 0.0002582
591470 0.00426412
591490 0.00472791
591500 0.00589641
591510 0.00635368
591530 0.00074438
591540 0.00011562
591550 1.855e-05
591560 1.92e-06
591570 5.94e-08
591580 1.49e-09
591590 3.10969e-11
591600 3.21e-13
591610 1.31753e-15
591620 1.31971e-17
601400 0.0
601410 0.0
601420 6.92e-14
601430 7.65e-12
601440 4.94e-10
601450 2.25e-08
601460 5.37e-07
601470 7.72e-06
601480 6.803e-05
601490 0.00035172
601500 0.00107545
601510 0.00188283
601520 0.00234391
601530 0.00215885
601540 0.00098625
601550 0.0004385
601560 0.00012771
601570 1.2362e-05
601590 5.5e-08
601600 1.76e-09
601610 2.93987e-11
601620 4.01987e-13
601630 0.0
601640 0.0
611410 0.0
611430 0.0
611440 7.1e-13
611460 5.81e-11
611470 2.76e-09
611480 1.4363e-06
611500 1.386e-05
611510 8.518e-05
611520 0.00025098
611530 0.00071675
611540 0.0007256
611550 0.00082463
611560 0.00060966
611570 0.00014446
611580 2.97e-05
611590 5.41e-06
611600 5.08e-07
611610 2.57e-08
611620 1.08e-09
611630 3.3151e-11
611650 0.0
611660 3.13513e-17
621430 0.0
621440 0.0
621450 0.0
621460 0.0
621470 5.04e-14
621480 5.6e-12
621490 2.51e-10
621500 1.761e-07
621520 1.79e-06
621530 1.463e-05
621540 0.00017988
621560 0.00025724
621570 0.00015242
621580 7.847e-05
621590 3.668e-05
621600 9.21e-06
621610 1.3e-06
621620 1.57e-07
621630 1.41e-08
621640 8.57e-10
621650 2.7e-11
621660 9.54969e-13
621670 0.0
621680 0.0
621700 0.0
631470 0.0
631490 0.0
631510 2.44e-11
631520 6.99999e-10
631530 1.69e-08
631540 1.67e-07
631550 1.57e-06
631560 8.42e-06
631570 1.363e-05
631580 1.837e-05
631590 2.173e-05
631600 1.844e-05
631620 1.52e-06
631630 3.71e-07
631640 6.958e-08
631660 6.22e-10
631670 1.03e-11
631680 2.09e-13
631690 0.0
631700 0.0
631710 1.00383e-18
641470 0.0
641490 0.0
641510 1.36e-14
641530 1.09e-12
641540 3.39e-11
641550 1.01e-09
641560 1.61e-08
641570 7.98e-08
641580 3.12e-07
641590 1.04e-06
641600 1.74e-06
641610 1.6e-06
641620 1.26e-06
641630 7.69e-07
641640 3.36e-07
641650 8.19e-08
641660 2.504e-08
641680 6.8e-11
641690 3.45e-12
641700 1.142399e-12
641720 0.0
651510 0.0
651530 0.0
651550 3.28e-14
651560 1.637e-12
651570 3.297e-10
651590 3.05e-09
651600 1.52e-08
651610 3.99e-08
651620 8.7e-08
651630 1.4e-07
651640 1.56e-07
651650 9.51e-08
651660 6.96e-08
651670 8.53e-09
651680 1.37e-09
651690 1.94e-10
651700 1.83e-10
651710 1.09e-11
651720 5.66e-12
661550 0.0
661560 0.0
661570 0.0
661580 1.51e-14
661590 4.72e-13
661600 7.28e-12
661610 5.85e-11
661620 3.83e-10
661630 1.81e-09
661640 5.7e-09
661650 9.43e-09
661660 1.8e-08
661670 5.56e-09
661680 2.23e-09
661690 7.99e-10
661700 1.96e-09
661710 3.2e-10
661720 4.7e-10
671590 0.0
671610 0.0
671620 9.03e-14
671630 1.307e-12
671640 1.256e-11
671650 6.19e-11
671660 3.413e-10
671670 2.95e-10
671680 3.16e-10
671690 2.91e-10
671700 1.794e-09
671710 7.3e-10
671720 2.74e-09
681610 0.0
681620 0.0
681630 0.0
681640 0.0
681650 2.21e-14
681660 3.74e-13
681670 9.74e-13
681680 3.08e-12
681690 8.11e-12
681700 1.37e-10
681710 1.47e-10
681720 1.4e-09
691650 0.0
691660 0.0
691670 0.0
691680 0.0
691690 1.34e-14
691700 6.78e-13
691710 2.12e-12
691720 5.7e-11
701660 0.0
701670 0.0
701680 0.0
701690 0.0
701700 0.0
701710 0.0
701720 1.41e-13
711690 0.0
711710 0.0
711720 0.0
721710 0.0
