230660 7.58793e-20
240660 1.17999e-14
240670 0.0
240680 3.92061e-18
240700 0.0
250660 1.13e-11
250670 5.25e-12
250680 1.48e-12
250690 2.00996e-13
250700 1.15e-14
250710 0.0
250720 8.03806e-18
250730 4.27498e-19
260650 4.03e-10
260670 1.26e-09
260690 3.01e-10
260700 6.41e-11
260710 1e-11
260720 1.24999e-12
260730 4.86996e-14
260740 0.0
260750 1.2464e-16
260760 0.0
270660 7.83e-10
270670 3.54e-09
270680 1.07e-08
270690 1.62e-08
270700 1.18e-08
270710 6.61e-09
270720 3.04e-09
270730 4.935e-10
270750 6.59088e-12
270770 2.79146e-15
270780 1.02887e-16
280660 9.62e-11
280670 1.27e-09
280680 1.09e-08
280690 4.5e-08
280700 9.64e-08
280710 1.68e-07
280720 2.56e-07
280730 1.3e-07
280740 5.09e-08
280750 2.43e-08
280760 2.89e-09
280770 3.17997e-10
280780 1.59999e-11
280790 2.18462e-13
280800 0.0
280810 3.8816e-16
290660 5.22e-13
290670 2.37e-11
290680 8.706e-09
290700 2.916e-07
290720 1.05e-06
290730 1.6e-06
290740 1.93e-06
290750 3.13e-06
290760 1.31e-06
290770 5.27e-07
290780 9.93e-08
290790 1.11998e-08
290800 6.37e-10
290810 1.98996e-11
290820 2.61e-13
290830 3.34449e-15
300660 0.0
300670 1.59e-14
300680 1.6e-12
300690 6.7e-11
300700 1.39e-09
300710 2.156e-08
300720 2.79e-07
300730 1.21e-06
300740 3.97e-06
300750 1.855e-05
300760 2.384e-05
300770 3.121e-05
300780 2.813e-05
300800 1.66e-06
300810 2.02e-07
300820 1.08e-08
300830 3.80997e-10
300840 6.85e-12
300850 8.77748e-14
300860 0.0
310650 0.0
310670 0.0
310690 1.88e-14
310700 1.45e-12
310710 8.11e-11
310720 3.65e-09
310730 5.22e-08
310740 5.17e-07
310750 7.06e-06
310760 2.552e-05
310770 9.427e-05
310780 0.00017985
310790 0.00021344
310800 0.00014878
310810 6.552e-05
310820 1.365e-05
310830 1.92e-06
310840 1.45e-07
310850 4.49991e-09
310860 1.05431009e-10
310880 9.00263e-15
320660 0.0
320670 0.0
320680 0.0
320690 0.0
320700 0.0
320710 0.0
320720 1.67e-12
320730 3.0877e-09
320750 1.7798e-06
320770 1.834e-05
320780 0.00010042
320790 0.00032498
320800 0.00064613
320810 0.00088043
320820 0.0006268
320830 0.00032077
320840 9.577e-05
320850 1.213e-05
320860 1.15e-06
320870 4.90996e-08
320880 1.39999e-09
320890 8.87501e-12
320900 2.49819e-13
320910 1.88991e-14
330690 0.0
330710 0.0
330720 0.0
330730 0.0
330740 5.76e-13
330750 1e-10
330760 4.27e-09
330770 1.68e-07
330780 3.09e-06
330790 3.069e-05
330800 0.0001812
330810 0.00071897
330820 0.00151822
330830 0.00239397
330840 0.00243084
330850 0.00112505
330860 0.00039761
330870 6.864e-05
330880 7.58e-06
330890 4.54991e-07
330900 9.38197e-09
330910 9.68891e-10
330920 9.70998e-13
330930 1.19347e-13
340720 0.0
340730 0.0
340740 0.0
340750 0.0
340760 3.54e-13
340770 5.261e-11
340780 3.57e-09
340790 1.238e-07
340800 2.53e-06
340810 3.407e-05
340820 0.00023503
340830 0.00113531
340840 0.00342684
340850 0.00500889
340860 0.00566304
340870 0.00346417
340880 0.00135321
340890 0.00032103
340900 4.37406e-05
340910 3.30903e-06
340920 1.50999e-07
340930 1.35957e-08
340940 6.81e-11
340950 6.26924e-13
340960 0.0
350750 0.0
350770 0.0
350780 1.27e-13
350790 1.619e-11
350800 1.24e-09
350810 6.34e-08
350820 1.658e-06
350830 2.897e-05
350840 0.00031212
350850 0.00144865
350860 0.00488557
350870 0.00892584
350880 0.0107015
350890 0.00866721
350900 0.00405893
350910 0.00114909
350920 0.00019656
350930 2.08964e-05
350940 1.35e-06
350950 3.21402e-08
350960 9.88e-10
350970 3.80096e-12
350980 7.26641e-14
360770 0.0
360780 0.0
360790 0.0
360800 1.82e-14
360810 3.694e-12
360820 3.93e-10
360830 2.734e-08
360840 1.18e-06
360850 2.09e-05
360860 0.00024621
360870 0.00151913
360880 0.00529227
360890 0.0130339
360900 0.0180725
360910 0.0163644
360920 0.0093107
360930 0.00349376
360940 0.00082948
360950 0.000109768
360960 8.7e-06
360970 4.32996e-07
360980 1.12999e-08
360990 8.52229e-12
361000 2.15e-12
361010 9.82638e-14
370790 0.0
370810 0.0
370830 7.86e-13
370840 1.43e-10
370850 1.06e-08
370860 4.9e-07
370870 1.207e-05
370880 0.00014565
370890 0.00124628
370900 0.00522667
370910 0.0141266
370920 0.0231695
370930 0.0260768
370940 0.0198017
370950 0.0086679
370960 0.00247053
370970 0.0004444
370980 4.454e-05
370990 4.36908e-07
371000 1.22e-07
371010 5.03765e-09
371020 5.97389e-12
371030 4.37548e-13
371040 2.75223e-15
380830 0.0
380840 0.0
380850 1.62e-13
380860 3.07e-11
380870 3.169e-09
380880 1.47e-07
380890 5.02e-06
380900 7.54e-05
380910 0.00071156
380920 0.00369034
380930 0.012258
380940 0.0269001
380950 0.0335495
380960 0.0294365
380970 0.0168904
380980 0.00591228
380990 0.00149216
381000 0.0002105
381010 1.7205e-05
381020 9.28994e-07
381030 4.98445e-08
381040 4.27997e-10
381050 1.17665e-12
381060 8.8393e-14
390850 0.0
390870 2.46e-14
390880 4.54e-12
390890 6.57e-10
390900 3.83e-08
390910 1.42e-06
390920 2.696e-05
390930 0.00031559
390940 0.002269
390950 0.0084332
390960 0.02159627
390970 0.0347094
390980 0.0360951
390990 0.0279207
391000 0.0128577
391010 0.003745
391020 0.00072602
391030 7.66102e-05
391040 4.99e-06
391050 6.0323e-08
391060 3.31961e-09
391070 0.0
391080 0.0
391090 0.0
391110 0.0
400870 0.0
400880 0.0
400890 0.0
400900 5.83e-13
400910 8.87e-11
400920 6.61e-09
400930 2.97e-07
400940 8e-06
400950 0.00010358
400960 0.00542464
400980 0.0140969
400990 0.0306858
401000 0.0399297
401010 0.0352986
401020 0.0215097
401030 0.00783843
401040 0.00185472
401050 0.00020602
401060 1.54767e-05
401070 9.62368e-13
401080 1.65e-13
401090 2.90273e-15
401100 0.0
401110 3.29653e-17
401120 3.57455e-14
401130 2.81844e-15
410890 0.0
410900 0.0
410910 0.0
410920 4.77e-14
410930 8.57e-12
410940 9.09e-10
410950 4.422e-08
410960 1.47e-06
410970 2.62e-05
410980 0.00028899
410990 0.00202934
411000 0.0079907
411010 0.0208119
411020 0.073642
411040 0.0280898
411050 0.0104016
411060 0.00286835
411080 9.92e-07
411090 3.9e-08
411100 9.24e-10
411110 4.42909e-10
411120 1.34243e-09
411130 1.44492e-10
411140 7.90945e-15
411150 1.47424e-15
420890 0.0
420910 0.0
420920 0.0
420930 0.0
420950 5.64e-13
420960 7.45e-11
420970 5.03e-09
420980 2.14e-07
420990 5.47e-06
421000 7.573e-05
421010 0.0006817
421020 0.00366448
421030 0.0119457
421040 0.0255294
421050 0.0273574
421060 0.0232613
421070 0.00827365
421080 0.00267819
421090 0.00050373
421100 6.394e-05
421110 5.54956e-06
421120 6.75214e-06
421140 1.22999e-09
421150 1.67942e-10
421160 5.85e-14
421170 1.21616e-15
430930 0.0
430950 0.0
430970 2.83e-14
430980 4.82e-12
430990 2.49699e-08
431010 8.44e-07
431020 1.63e-05
431030 0.00155743
431050 0.00461614
431060 0.0119671
431070 0.0159777
431080 0.0133711
431090 0.00754559
431100 0.00348682
431110 0.00117936
431120 0.00031573
431130 2.64664e-05
431140 2.26e-06
431150 2.58124e-07
431160 2.51e-09
431170 6.23486e-11
431180 5.050678e-14
440950 0.0
440960 0.0
440970 0.0
440980 0.0
440990 0.0
441000 2.35e-13
441010 3.22e-11
441020 2.37e-09
441030 1.07e-07
441040 2.91e-06
441050 0.00037145
441070 0.00017728
441080 0.00050603
441090 0.00215861
441110 0.00110308
441120 0.0008306
441130 0.00036224
441140 0.00014728
441150 3.07617e-05
441160 3.28e-06
441170 2.12938e-07
441180 7.63995e-09
441190 1.56999e-10
441200 1.81e-12
441210 1.51363e-14
441220 0.0
441240 0.0
450990 0.0
451010 0.0
451020 0.0
451030 1.807e-12
451040 1.96e-10
451050 9.45e-09
451060 3.5e-07
451070 1.38e-09
451080 1.84e-08
451090 1.614e-07
451100 1.106e-06
451110 4.25e-06
451120 0.00014012
451130 0.00029581
451140 0.0004835
451150 0.00053673
451170 4.205e-05
451180 6.39e-06
451190 5.87e-07
451210 7.75985e-10
451220 1.17e-11
451230 1.14e-13
451240 0.0
460990 0.0
461010 0.0
461020 0.0
461040 0.0
461050 7.33e-14
461060 1.12e-11
461080 0.0
461090 0.0
461100 4.78e-13
461110 9.55e-12
461120 1.09e-06
461130 1.402e-05
461140 0.00010239
461150 0.00028704
461160 0.00038707
461170 0.0003631
461180 0.00020149
461190 6.731e-05
461200 1.362e-05
461210 1.683e-06
461230 4.24e-09
461240 9.06e-11
461250 0.0
461270 0.0
461280 0.0
461290 0.0
461300 0.0
471030 0.0
471050 0.0
471060 0.0
471070 0.0
471080 0.0
471090 0.0
471100 0.0
471110 0.0
471120 2.6317e-08
471140 1.04e-06
471150 1.24e-05
471160 6.166e-05
471170 0.00019728
471180 0.00035148
471190 0.00037722
471200 0.00026256
471210 0.00011357
471220 2.921e-05
471230 4.83e-06
471240 4.4e-07
471250 8.68e-12
471260 9.46e-13
471270 7.18e-14
471280 0.0
471290 4.95732e-16
471300 0.0
471310 4.717225e-12
481050 0.0
481060 0.0
481070 0.0
481080 0.0
481090 0.0
481100 0.0
481110 0.0
481120 0.0
481130 1.519e-12
481140 3.59e-10
481150 2.088e-08
481160 4.5e-07
481170 5.89e-06
481180 0.00017423
481200 0.00029669
481210 0.00040534
481220 0.00055019
481240 7.12e-05
481250 3.06e-06
481260 1.08e-06
481270 2.9e-07
481280 8.18e-08
481290 1.48e-08
481300 1.88e-09
481310 5.24995e-07
481320 1.68999e-08
481330 6.22226e-11
481340 1.92e-12
481350 6.33205e-14
481360 0.0
491070 0.0
491090 0.0
491110 0.0
491120 0.0
491130 0.0
491140 0.0
491150 1.095e-12
491160 1.101999e-10
491170 6.58e-09
491180 1.832e-07
491190 2.53e-06
491200 2.019999e-05
491210 9.342e-05
491220 0.0002553399
491230 0.00044991
491240 0.00051656
491250 0.00065038
491260 0.00064491
491270 0.00054268
491280 0.00088807
491300 0.0001912101
491310 0.00041077
491320 5.930994e-05
491340 1.22e-07
491350 3.24622e-09
491360 1.24e-11
491370 7.93548e-14
501110 0.0
501120 0.0
501130 0.0
501140 0.0
501150 0.0
501170 2.26e-13
501180 2.85e-11
501190 5.7985e-08
501210 1.041e-06
501220 1.071e-05
501230 6.389e-05
501240 0.00023821
501250 0.00060831
501260 0.0011872
501270 0.00212138
501280 0.00495014
501290 0.00826409
501300 0.01426054
501310 0.01216872
501320 0.00632657
501330 0.00144794
501340 0.0002431668
501360 4.48e-07
501370 9.03992e-09
501380 9.6891402e-11
501400 4.23692e-14
511130 0.0
511150 0.0
511170 0.0
511180 0.0
511190 3.42e-14
511200 5.01e-12
511210 1.7791e-08
511230 4.09e-07
511240 5.90001e-06
511250 1.472e-05
511270 5.972e-05
511280 0.00036957
511290 0.00150098
511300 0.00644154
511310 0.020104
511320 0.033491
511330 0.0262669
511340 0.01560252
511350 0.0030473
511360 0.0004924
511370 4.101e-05
511380 1.83e-06
511390 4.56991e-08
511400 1.59118e-09
511410 1.69574e-12
511420 3.6332e-14
521150 0.0
521170 0.0
521180 0.0
521190 0.0
521200 0.0
521210 0.0
521220 8.81e-13
521230 8.72e-11
521240 5.36e-09
521250 5.27e-12
521260 8.94e-11
521270 1.485e-09
521280 3.34e-08
521290 4.81e-07
521300 8.16e-06
521310 0.0134824
521330 0.02812744
521340 0.0525278
521350 0.0551752
521370 0.00620639
521380 0.00109062
521390 0.0001109
521400 7.41841e-06
521410 1.93175e-07
521420 5.64996e-09
521430 3.78547e-12
521440 4.00395e-13
521450 1.91275e-14
531210 0.0
531220 0.0
531250 0.0
531260 0.0
531270 0.0
531280 0.0
531290 6.87e-14
531300 5.23e-12
531310 9.22e-06
531320 0.00019928
531330 0.00180402
531340 0.0114659
531350 0.0251306
531360 0.0431697
531370 0.0677331
531390 0.00933743
531400 0.00233102
531410 0.000325347
531430 1.94068e-07
531440 1.50369e-08
531450 9.80599e-10
531460 6.94488e-13
531470 8.7568e-14
541240 0.0
541250 0.0
541260 0.0
541270 0.0
541280 0.0
541300 0.0
541310 1.339e-09
541320 4.824e-06
541340 0.00011985
541350 0.00102331
541360 0.0059673
541370 0.0184724
541380 0.0333958
541390 0.0382729
541400 0.0303827
541410 0.0132135
541420 0.00475094
541430 0.000662796
541440 7.0105e-05
541450 3.34902e-06
541460 1.07999e-07
541470 9.99465e-09
541490 1.79855e-13
541500 0.0
551270 0.0
551290 0.0
551310 0.0
551320 2.34e-12
551330 3.9e-10
551340 1.653e-06
551360 3.696e-05
551370 0.00043095
551380 0.01289832
551400 0.024161
551410 0.0311363
551420 0.0354731
551430 0.0168313
551440 0.00629775
551450 0.0011637
551460 0.00014588
551470 1.53322e-05
551480 4.04e-07
551490 9.22056e-09
551500 1.18e-10
551510 3.24309e-13
551520 6.11536e-15
561290 0.0
561310 0.0
561320 0.0
561330 0.0
561340 4.6e-13
561350 7.88e-11
561360 7.61e-09
561370 3.662e-07
561380 9.32e-06
561390 0.00013312
561400 0.0011105
561410 0.00468407
561420 0.016797
561430 0.0242343
561440 0.0438992
561460 0.0071335
561470 0.00182721
561480 0.0002982208
561500 1.16e-06
561510 3.69445e-08
561520 9.50994e-10
561530 3.39396e-12
561540 6.08e-14
561550 2.64359e-15
571330 0.0
571350 0.0
571370 9.49e-12
571380 1.02e-09
571390 6.09e-08
571400 2e-06
571410 3.202e-05
571420 0.00042915
571430 0.00216054
571440 0.00766827
571450 0.0143091
571460 0.01825612
571470 0.0145805
571480 0.00677198
571490 0.00273893
571500 0.0004197731
571520 4.17e-06
571530 1.73997e-07
571540 4.125528e-09
571560 9.45276e-14
571570 2.47545e-15
571580 1.87126e-17
581350 0.0
581370 0.0
581390 8.34e-13
581400 1.12e-10
581410 4.1132e-07
581430 8.14e-06
581440 0.00010711
581450 0.0007206
581460 0.00299296
581470 0.00729902
581480 0.00976122
581490 0.0115642
581500 0.00473448
581510 0.00244877
581520 0.00061023
581530 9.063e-05
581540 7.88e-06
581550 4.62864e-07
581560 1.46999e-08
581570 2.81998e-10
581580 2.90998e-12
581590 1.74964e-14
581600 0.0
591390 0.0
591400 0.0
591410 4.93e-14
591420 1.16e-11
591430 9.93e-10
591440 5.252e-08
591450 1.43e-06
591460 2.257e-05
591470 0.00106764
591490 0.00315381
591500 0.00376288
591510 0.00967483
591530 0.00185726
591540 0.00054688
591550 0.00011137
591560 1.269e-05
591570 9.04e-07
591580 3.52e-08
591590 8.96983e-10
591600 1.32e-11
591610 1.79953e-14
591620 1.96129e-16
591630 1.86098e-18
601400 0.0
601410 0.0
601420 0.0
601430 0.0
601440 7.72e-13
601450 8.98e-11
601460 5.73e-09
601470 2e-07
601480 3.28e-06
601490 4.265e-05
601500 0.00017293
601510 0.00082057
601520 0.00172459
601530 0.00221551
601540 0.00189815
601550 0.00114638
601560 0.0004128
601570 0.00011218
601590 1.25e-06
601600 6.65e-08
601610 2.04998e-09
601620 3.04998e-11
601630 2.11998e-13
601640 0.0
601650 4.73984e-18
611410 0.0
611430 0.0
611440 0.0
611460 4.29e-14
611470 6.19e-12
611480 2.0599e-08
611500 3.11e-07
611510 5.43e-06
611520 3.882e-05
611530 0.00016018
611540 0.00042532
611550 0.00073336
611560 0.00073999
611570 0.00050771
611580 0.00021085
611590 6.332e-05
611600 1.112e-05
611610 1.22e-06
611620 6.67e-08
611630 1.7653e-09
611650 2.42995e-13
611660 1.20892e-16
611670 2.92314e-18
621430 0.0
621440 0.0
621450 0.0
621460 0.0
621470 0.0
621480 0.0
621490 2.87e-13
621500 1.2175e-09
621520 3.19e-08
621530 4.78e-07
621540 3.095e-05
621560 8.331e-05
621570 0.00016823
621580 0.00019714
621590 0.00016656
621600 8.301e-05
621610 2.822e-05
621620 5.1e-06
621630 4.63e-07
621640 2.43e-08
621650 8.35e-10
621660 1.87999e-11
621670 3.32997e-13
621680 0.0
621690 5.57858e-18
621700 0.0
621710 6.10937e-22
631470 0.0
631490 0.0
631510 0.0
631520 7.98e-13
631530 4.56e-11
631540 1.71e-09
631550 3.61e-08
631560 4.09e-07
631570 2.85e-06
631580 1.087e-05
631590 2.81e-05
631600 7.685e-05
631620 1.925e-05
631630 5.2e-06
631640 9.643e-07
631660 7.71e-09
631670 4.99e-10
631680 1.66e-11
631690 2.85994e-13
631700 0.0
631710 3.13206e-17
641470 0.0
641490 0.0
641510 0.0
641530 0.0
641540 1.89e-14
641550 1.54e-12
641560 6.6e-11
641570 1.72e-09
641580 2.4e-08
641590 2.19e-07
641600 1e-06
641610 3.06e-06
641620 4.69e-06
641630 3.61e-06
641640 1.69e-06
641650 5.3e-07
641660 1.548e-07
641680 3.07e-09
641690 1.88e-10
641700 6.346969e-12
641720 0.0
651510 0.0
651530 0.0
651550 0.0
651560 0.0
651570 1.7012e-12
651590 5.75e-11
651600 9.46e-10
651610 1.04e-08
651620 5.58e-08
651630 1.42e-07
651640 2.07e-07
651650 1.86e-07
651660 1.26e-07
651670 7.46e-08
651680 2.5e-08
651690 4.79e-09
651700 5.09e-10
651710 3.05e-11
651720 4.53e-13
661550 0.0
661560 0.0
661570 0.0
661580 0.0
661590 0.0
661600 2.72e-14
661610 1.14e-12
661620 2.3e-11
661630 2.16e-10
661640 1.12e-09
661650 3.341e-09
661660 7.39e-09
661670 1.33e-08
661680 1.29e-08
661690 6.9e-09
661700 2.03e-09
661710 3.64e-10
661720 1.72e-11
671590 0.0
671610 0.0
671620 0.0
671630 0.0
671640 2.014e-13
671650 2.16e-12
671660 1.74e-11
671670 1.11e-10
671680 3.61e-10
671690 6.14e-10
671700 5.24e-10
671710 2.67e-10
671720 3.54e-11
681610 0.0
681620 0.0
681630 0.0
681640 0.0
681650 0.0
681660 0.0
681670 2.75e-14
681680 3.76e-13
681690 2.31e-12
681700 6.64e-12
681710 1.12e-11
681720 4.6e-12
691650 0.0
691660 0.0
691670 0.0
691680 0.0
691690 0.0
691700 0.0
691710 1.82e-14
691720 2.67e-14
701660 0.0
701670 0.0
701680 0.0
701690 0.0
701700 0.0
701710 0.0
701720 0.0
711690 0.0
711710 0.0
711720 0.0
721710 0.0
