240660 0.0
240670 0.0
240680 3.55711e-18
240700 0.0
250660 5.05e-12
250670 1.25e-12
250680 4.96e-13
250690 1.12996e-13
250700 0.0
250710 0.0
250720 1.04732e-17
250730 7.88123e-19
260650 1.66e-10
260670 2.67e-10
260690 9.96e-11
260700 3.7e-11
260710 5.57e-12
260720 4.9699e-13
260730 3.73992e-14
260740 0.0
260750 7.08274e-17
260760 0.0
270660 2.75e-10
270670 5.8e-10
270680 2.14e-09
270690 4.95e-09
270700 4.45e-09
270710 2.81e-09
270720 6.9e-10
270730 2.528e-10
270750 2.43293e-12
270770 3.49809e-15
270780 3.20307e-16
280660 4.17e-11
280670 1.92e-10
280680 2.42e-09
280690 1.18e-08
280700 3.65e-08
280710 5.28e-08
280720 5.23e-08
280730 4.1e-08
280740 2.59e-08
280750 4.76e-09
280760 1.71e-09
280770 1.65997e-10
280780 1.51997e-11
280790 2.44905e-13
280800 0.0
280810 8.6252e-16
290660 2.65e-13
290670 4.92e-12
290680 2.7673e-09
290700 1.0034e-07
290720 1.81e-07
290730 4.94e-07
290740 7.31e-07
290750 5.36e-07
290760 4.93e-07
290770 2.05e-07
290780 5.24e-08
290790 7.77976e-09
290800 3.2e-10
290810 2.73991e-11
290820 3.86e-13
290830 9.10346e-15
300660 0.0
300670 0.0
300680 5.64e-13
300690 2.567e-11
300700 6.39e-10
300710 7.33e-09
300720 5.83e-08
300730 3.3e-07
300740 1.66e-06
300750 2.63e-06
300760 8.84e-06
300770 8.76e-06
300780 1.298e-05
300800 6.64e-07
300810 1.6e-07
300820 1.11e-08
300830 4.31991e-10
300840 8.56e-12
300850 2.54034e-13
300860 0.0
310650 0.0
310670 0.0
310690 1.34e-14
310700 8.68e-13
310710 4.21e-11
310720 8.72e-10
310730 1.87e-08
310740 2.15e-07
310750 1.2e-06
310760 8.49e-06
310770 2.876e-05
310780 6.916e-05
310790 9.994e-05
310800 4.603e-05
310810 4.704e-05
310820 9.46e-06
310830 1.78e-06
310840 1.07e-07
310850 8.06975e-09
310860 1.5062471e-10
310880 6.38506e-14
320660 0.0
320670 0.0
320680 0.0
320690 0.0
320700 0.0
320710 0.0
320720 7.19e-13
320730 1.94964e-09
320750 7.4343e-07
320770 5.448e-06
320780 4.656e-05
320790 0.00014142
320800 0.00023122
320810 0.00054357
320820 0.00045698
320830 0.00023471
320840 6.503e-05
320850 1.405e-05
320860 1.26e-06
320870 7.70984e-08
320880 3.02994e-09
320890 2.48368e-11
320900 1.13099e-12
320910 7.64017e-14
330690 0.0
330710 0.0
330720 0.0
330730 0.0
330740 5.49e-13
330750 3.31e-11
330760 2.37e-09
330770 7.42e-08
330780 1.6e-06
330790 1.817e-05
330800 6.705e-05
330810 0.00055369
330820 0.00106162
330830 0.00208586
330840 0.00145284
330850 0.00131612
330860 0.00033129
330870 9.225e-05
330880 1.011e-05
330890 7.88975e-07
330900 3.59276e-08
330910 2.42701e-09
330920 5.0364e-12
330930 4.33707e-13
340720 0.0
340730 0.0
340740 0.0
340750 0.0
340760 3.94e-13
340770 3.368e-11
340780 3.24e-09
340790 9.59e-08
340800 1.48e-06
340810 3.014e-05
340820 0.00022944
340830 0.00104883
340840 0.00258639
340850 0.00547079
340860 0.00543984
340870 0.00383144
340880 0.00175213
340890 0.00037854
340900 6.39141e-05
340910 4.31757e-06
340920 2.38995e-07
340930 2.05809e-08
340940 1.1e-10
340950 1.68384e-12
340960 0.0
350750 0.0
350770 0.0
350780 1.99e-13
350790 2.611e-11
350800 1.128e-09
350810 1.01e-07
350820 2.173e-06
350830 4.315e-05
350840 0.00027887
350850 0.00384693
350860 0.00483809
350870 0.0120211
350880 0.0125855
350890 0.0107576
350900 0.0045702
350910 0.00135711
350920 0.0002113
350930 2.45094e-05
350940 1.32e-06
350950 5.34896e-08
350960 9.51e-10
350970 6.13219e-12
350980 1.99138e-13
360770 0.0
360780 0.0
360790 0.0
360800 4.11e-14
360810 1.056e-11
360820 1.1e-09
360830 6.45e-08
360840 1.93e-06
360850 3.935e-05
360860 0.00037556
360870 0.00214069
360880 0.0072471
360890 0.0154258
360900 0.023511
360910 0.0165646
360920 0.0105113
360930 0.00324199
360940 0.00078277
360950 9.51565e-05
360960 7.53e-06
360970 2.90994e-07
360980 9.4498e-09
360990 1.77646e-11
361000 1.45e-12
361010 1.98255e-13
370790 0.0
370810 0.0
370830 4.72e-12
370840 4.28e-10
370850 4.06e-08
370860 1.13e-06
370870 2.748e-05
370880 0.00026605
370890 0.00206262
370900 0.00701931
370910 0.0178112
370920 0.0250592
370930 0.0288116
370940 0.0169926
370950 0.00865393
370960 0.00185847
370970 0.00032596
370980 2.956e-05
370990 5.64318e-07
371000 5.93e-08
371010 6.29786e-09
371020 1.02625e-11
371030 8.33467e-13
380830 0.0
380840 0.0
380850 1.25e-12
380860 1.7e-10
380870 1.207e-08
380880 5.22e-07
380890 1.124e-05
380900 0.00015986
380910 0.00102712
380920 0.00551357
380930 0.0142523
380940 0.0303959
380950 0.0350436
380960 0.0288665
380970 0.0127525
380980 0.0048157
380990 0.00100391
381000 0.0001153
381010 1.12037e-05
381020 4.8699e-07
381030 3.95509e-08
381040 2.01e-10
381050 1.31439e-12
381060 1.35648e-13
390850 0.0
390870 2.5e-13
390880 3.1e-11
390890 3.161e-09
390900 1.26e-07
390910 3.68e-06
390920 5.443e-05
390930 0.00059602
390940 0.00306045
390950 0.0132872
390960 0.02437378
390970 0.03868
390980 0.0327557
390990 0.0261666
391000 0.0075229
391010 0.0030077
391020 0.00035425
391030 4.71005e-05
391040 1.86e-06
391050 4.17535e-08
391060 4.30906e-09
391070 0.0
391080 0.0
391090 0.0
391110 0.0
400870 0.0
400880 0.0
400890 2.56e-14
400900 4.74e-12
400910 4.25e-10
400920 2.97e-08
400930 9.32e-07
400940 2.154e-05
400950 0.00023803
400960 0.00853941
400980 0.0203619
400990 0.0351406
401000 0.035816
401010 0.0319338
401020 0.0147489
401030 0.00501726
401040 0.00085146
401050 7.42783e-05
401060 7.66569e-06
401070 6.90203e-13
401080 1.44e-13
401090 2.42273e-15
401100 0.0
401110 1.75812e-17
401120 2.65284e-14
410890 0.0
410900 0.0
410910 0.0
410920 4.53e-13
410930 6.81e-11
410940 4.61e-09
410950 2.382e-07
410960 5.04e-06
410970 8.397e-05
410980 0.00064091
410990 0.0042736
411000 0.00985086
411010 0.0299403
411020 0.0668669
411040 0.01466572
411050 0.00514229
411060 0.00148326
411080 8.67e-07
411090 3.97e-08
411100 9.23e-10
411110 2.88094e-10
411120 8.42711e-10
411130 1.9767e-13
411140 1.22222e-14
411150 1.30536e-15
420890 0.0
420910 0.0
420920 0.0
420930 4.59e-14
420950 7.01e-12
420960 7.12e-10
420970 3.43e-08
420980 1.18e-06
420990 2.119e-05
421000 0.00020498
421010 0.00150356
421020 0.00567184
421030 0.0153866
421040 0.0214546
421050 0.0164015
421060 0.0182677
421070 0.00716271
421080 0.00296039
421090 0.00051048
421100 7.513e-05
421110 2.95971e-06
421120 1.50854013e-06
421140 5.79988e-10
421150 6.1944e-11
421160 3.71e-14
421170 1.13541e-15
430930 0.0
430950 0.0
430970 6.66e-13
430980 6.56e-11
430990 1.51247e-07
431010 4.6e-06
431020 4.614e-05
431030 0.0022441
431050 0.00489219
431060 0.012531
431070 0.016749
431080 0.0141551
431090 0.00939825
431100 0.00375866
431110 0.00073526
431120 8.941e-05
431130 1.11706e-05
431140 8.05e-07
431150 7.3768e-08
431160 8.95e-10
431170 3.6068e-11
431180 5.5935733e-14
440950 0.0
440960 0.0
440970 0.0
440980 0.0
440990 3.84e-14
441000 4.99e-12
441010 3.81e-10
441020 1.99e-08
441030 6.17e-07
441040 9.4e-06
441050 0.00079701
441070 0.00018194
441080 0.00066102
441090 0.0026464
441110 0.0006251
441120 0.00039288
441130 0.00016214
441140 6.097e-05
441150 5.67617e-06
441160 1.04e-06
441170 6.41639e-08
441180 2.60995e-09
441190 4.43991e-11
441200 4.77e-13
441210 4.9107e-15
441220 0.0
441240 0.0
450990 0.0
451010 0.0
451020 2.48e-13
451030 3.241e-11
451040 1.548e-09
451050 5e-08
451060 1.598e-06
451070 1.81e-09
451080 2.4e-08
451090 2.44e-07
451100 1.272e-06
451110 2.82e-06
451120 9.98e-05
451130 0.00020308
451140 0.00021069
451150 0.00012626
451170 1.222e-05
451180 1.57e-06
451190 1.4603e-07
451210 1.55995e-10
451220 2.16e-12
451230 2.29e-14
451240 0.0
460990 0.0
461010 0.0
461020 0.0
461040 1.18e-14
461050 1.29e-12
461060 1.74e-10
461080 0.0
461090 1.21e-14
461100 6.47e-13
461110 5.86e-12
461120 1.9e-06
461130 1.387e-05
461140 6.805e-05
461150 6.766e-05
461160 0.00013011
461170 9.542e-05
461180 5.475e-05
461190 1.452e-05
461200 2.62e-06
461210 2.819e-07
461230 6.31e-10
461240 0.0
461250 0.0
461270 0.0
461280 0.0
461290 0.0
461300 0.0
471030 0.0
471050 0.0
471060 0.0
471070 0.0
471080 0.0
471090 0.0
471100 0.0
471110 0.0
471120 6.134e-08
471140 1.02e-06
471150 4.68e-06
471160 2.334e-05
471170 6.766e-05
471180 9.538e-05
471190 0.00010366
471200 5.066e-05
471210 2.392e-05
471220 5.13e-06
471230 8.32e-07
471240 3.3e-11
471250 3.79e-12
471260 6.21e-13
471270 8.45e-14
471280 0.0
471290 6.94485e-16
471300 7.77e-10
471310 6.736979e-12
481050 0.0
481060 0.0
481070 0.0
481080 0.0
481090 0.0
481100 0.0
481110 0.0
481120 3.8e-14
481130 8.14e-12
481140 8.39e-10
481150 1.24e-08
481160 2.99e-07
481170 2.456e-06
481180 5.758e-05
481200 8.218e-05
481210 9.707e-05
481220 0.00012461
481240 3.13e-06
481250 9.05e-07
481260 6.1e-07
481270 2.49e-07
481280 1.01e-07
481290 1.7e-08
481300 4.58e-06
481310 3.08994e-07
481320 1.06998e-08
481330 7.05126e-11
481340 1.12e-12
481360 0.0
491070 0.0
491090 0.0
491110 0.0
491120 0.0
491130 0.0
491140 1.53e-14
491150 1.642e-12
491160 1.272e-10
491170 5.31e-09
491180 1.033e-07
491190 1.371e-06
491200 7.44e-06
491210 3.675e-05
491220 7.91001e-05
491230 0.00013085
491240 0.00017753
491250 0.000172
491260 0.00025355
491270 0.00044052
491280 0.00089641
491300 0.00085185
491310 0.00026821
491320 3.169993e-05
491340 5.24e-08
491350 1.42452e-10
491360 7.43e-12
491370 8.49235e-14
501110 0.0
501120 0.0
501130 0.0
501140 0.0
501150 0.0
501170 3.49e-13
501180 3.66e-11
501190 4.5596e-08
501210 6.58e-07
501220 6.31e-06
501230 2.614e-05
501240 8.069e-05
501250 0.00012209
501260 0.00045057
501270 0.00135711
501280 0.0044732
501290 0.00781423
501300 0.01027872
501310 0.0082769
501320 0.00424046
501330 0.00097619
501340 0.00012269986
501360 2.6e-07
501370 4.02992e-09
501380 6.190103e-11
511130 0.0
511150 0.0
511170 0.0
511180 0.0
511190 8.93e-14
511200 8.28e-12
511210 2.0258e-08
511230 3.78e-07
511240 7.62e-08
511250 3.739e-06
511270 3.716e-05
511280 0.00025873
511290 0.00148869
511300 0.00687152
511310 0.0201325
511320 0.0258437
511330 0.0254247
511340 0.00854294
511350 0.00233012
511360 0.00026989
511370 2.082e-05
511380 9.24e-07
511390 3.1799e-08
511400 1.00939e-10
511410 4.28014e-12
511420 8.36591e-14
521150 0.0
521170 0.0
521180 0.0
521190 0.0
521200 0.0
521210 1.95e-14
521220 3.05e-12
521230 1.832e-10
521240 4.53e-14
521250 6.38e-13
521260 2.07e-11
521270 8.04e-10
521280 2.19e-08
521290 3.87e-07
521300 0.00038905
521310 0.01802543
521330 0.03416504
521340 0.0450616
521350 0.0465883
521370 0.00341944
521380 0.00068281
521390 6.722e-05
521400 4.7899e-06
521410 2.03107e-07
521420 3.96992e-09
521430 9.24797e-12
521440 1.08094e-12
531210 0.0
531220 0.0
531250 0.0
531260 0.0
531270 0.0
531280 0.0
531290 5.56e-14
531300 8.26e-07
531310 2.783e-05
531320 0.00040518
531330 0.00415304
531340 0.01908505
531350 0.0358558
531360 0.0423838
531370 0.0550806
531390 0.00756648
531400 0.00147342
531410 0.000257487
531430 2.93775e-07
531440 3.43376e-08
531450 5.3525e-11
531460 1.71533e-12
531470 2.93979e-13
541240 0.0
541250 0.0
541260 0.0
541270 0.0
541280 0.0
541300 8.68e-11
541310 8.13e-09
541320 2.138e-05
541340 0.00031284
541350 0.00772075
541360 0.0107779
541370 0.0221441
541380 0.038841
541390 0.0370456
541400 0.0279421
541410 0.0113323
541420 0.00316033
541430 0.000522616
541440 6.10857e-05
541450 2.53995e-06
541460 8.13983e-08
541470 1.3963e-08
541490 2.66522e-13
541500 0.0
551270 0.0
551290 0.0
551310 1.21e-13
551320 3.46e-11
551330 5.28e-09
551340 9.144e-06
551360 0.00012272
551370 0.00112189
551380 0.02167937
551400 0.0282643
551410 0.0402612
551420 0.0260841
551430 0.0171999
551440 0.00524639
551450 0.0009925599
551460 9.297e-05
551470 1.66132e-05
551480 2.06e-07
551490 8.46643e-09
551500 4.75e-11
551510 4.46614e-13
551520 5.01533e-15
561290 0.0
561310 0.0
561320 0.0
561330 3.86e-14
561340 9.9e-12
561350 1.09e-09
561360 7.56e-08
561370 2.098e-06
561380 4.012e-05
561390 0.00037236
561400 0.00252227
561410 0.00826079
561420 0.0194607
561430 0.028409
561440 0.0465918
561460 0.00587759
561470 0.00127832
561480 0.0001776915
561500 5.05e-07
561510 2.11934e-08
561520 2.37995e-10
561530 1.04824e-12
561540 0.0
571330 0.0
571350 0.0
571370 1.93e-10
571380 1.08e-08
571390 4.67e-07
571400 8.99e-06
571410 0.00012332
571420 0.00075067
571430 0.00433196
571440 0.011095
571450 0.0190363
571460 0.01731504
571470 0.0143715
571480 0.00459434
571490 0.00180365
571500 0.0001909388
571520 1e-06
571530 3.3299e-08
571540 5.0845192e-10
571560 5.79503e-14
571570 6.49043e-16
581350 0.0
581370 1.36e-13
581390 1.746e-11
581400 1.6e-09
581410 1.8617e-06
581430 2.742e-05
581440 0.00030215
581450 0.00133759
581460 0.00476643
581470 0.0088712
581480 0.0104434
581490 0.00933294
581500 0.00332959
581510 0.00129435
581520 0.00021569
581530 1.933e-05
581540 1.32e-06
581550 6.88986e-08
581560 2.74994e-09
581570 3.07994e-11
581580 3.44e-13
581590 4.59591e-16
581600 0.0
591390 0.0
591400 0.0
591410 1.42e-12
591420 1.26e-10
591430 9.45e-09
591440 2.888e-07
591450 5.98e-06
591460 5.959e-05
591470 0.0018142
591490 0.00423377
591500 0.0035439
591510 0.00685607
591530 0.00065486
591540 0.00011332
591550 2.453e-05
591560 2.67e-06
591570 1.26e-07
591580 3.87e-09
591590 1.45995e-11
591600 1.16e-13
591610 4.78353e-16
591620 1.13793e-17
601400 0.0
601410 0.0
601420 0.0
601430 9.03e-14
601440 1.33e-11
601450 8.37e-10
601460 4.04e-08
601470 8.9e-07
601480 1.2e-05
601490 0.00010479
601500 0.00033499
601510 0.00110705
601520 0.00148055
601530 0.00111154
601540 0.00068737
601550 0.000336
601560 0.00014545
601570 1.885e-05
601590 2.16e-08
601600 7.55e-10
601610 2.26995e-11
601620 5.39989e-13
601630 0.0
601640 0.0
601650 3.24232e-19
611410 0.0
611430 0.0
611440 0.0
611460 8.05e-13
611470 7.81e-11
611480 1.2146e-07
611500 1.25e-06
611510 1.81e-05
611520 6.04401e-05
611530 0.00017326
611540 0.00023968
611550 0.00039965
611560 0.00037543
611570 0.00014847
611580 4.403e-05
611590 1.73e-06
611600 1.54e-07
611610 1.97e-08
611620 1.26e-09
611630 4.1989e-11
611650 1.02997e-14
611660 1.34234e-17
621430 0.0
621440 0.0
621450 0.0
621460 0.0
621470 0.0
621480 4.64e-14
621490 4.7e-12
621500 8.778e-09
621520 1.48e-07
621530 1.14e-06
621540 3.233e-05
621560 9.038e-05
621570 7.462e-05
621580 7.522e-05
621590 6.32e-06
621600 2.03e-06
621610 6.08e-07
621620 1.55e-07
621630 1.31e-08
621640 9.38e-10
621650 3.79e-11
621660 6.36987e-13
621670 0.0
621680 0.0
621700 0.0
631470 0.0
631490 0.0
631510 2.23e-13
631520 1.11e-11
631530 3.89e-10
631540 6.23e-09
631550 1.05e-07
631560 6.31e-07
631570 3.07e-06
631580 7.19e-06
631590 2.15e-06
631600 2.95e-06
631620 8.27e-07
631630 2.56e-07
631640 5.11e-08
631660 3.16e-10
631670 1.69e-11
631680 2.54e-13
631690 0.0
631700 0.0
641470 0.0
641490 0.0
641510 0.0
641530 0.0
641540 2.86e-13
641550 1.33e-11
641560 3.64e-10
641570 4.59e-09
641580 4.53e-08
641590 3.42e-08
641600 9.03e-08
641610 2.1e-07
641620 4.07e-07
641630 2.66e-07
641640 1.56e-07
641650 5.62e-08
641660 1.045e-08
641680 7.48e-11
641690 4.4e-12
641700 7.14e-14
641720 0.0
651510 0.0
651530 0.0
651550 0.0
651560 0.0
651570 9.446e-12
651590 3.01e-11
651600 2.11e-10
651610 2.04e-09
651620 9.82e-09
651630 2.44e-08
651640 3.2e-08
651650 3.99e-08
651660 1.38e-08
651670 6.22e-09
651680 8.64e-10
651690 1.94e-10
651700 7.84e-12
651710 1.03e-12
651720 2.76e-14
661550 0.0
661560 0.0
661570 0.0
661580 0.0
661590 0.0
661600 2.44e-14
661610 6.48e-13
661620 1.35e-11
661630 8.87e-11
661640 4.78e-10
661650 1.448e-09
661660 1.87e-09
661670 1.85e-09
661680 8.8e-10
661690 4.17e-10
661700 5.91e-11
661710 1.77e-11
661720 1.85e-12
671590 0.0
671610 0.0
671620 0.0
671630 1.42e-14
671640 2.387e-13
671650 3.13e-12
671660 1.05e-11
671670 4.22e-11
671680 4.79e-11
671690 8.32e-11
671700 2.54e-11
671710 2.59e-11
671720 5.76e-12
681610 0.0
681620 0.0
681630 0.0
681640 0.0
681650 0.0
681660 0.0
681670 2.89e-14
681680 1.61e-13
681690 7.19e-13
681700 8.77e-13
681710 2.09e-12
681720 1.67e-12
691650 0.0
691660 0.0
691670 0.0
691680 0.0
691690 0.0
691700 0.0
691710 1.09e-14
691720 2.22e-14
701660 0.0
701670 0.0
701680 0.0
701690 0.0
701700 0.0
701710 0.0
701720 0.0
711690 0.0
711710 0.0
711720 0.0
721710 0.0
