230660 3.42528e-13
230670 2.65823e-14
240660 2.59039e-09
240670 2.0103e-10
240680 1.1859532e-11
240700 0.0
250660 6.81191e-07
250670 1.48042e-07
250680 2.26064e-08
250690 2.31019e-09
250700 1.50042e-10
250710 7.04198e-12
250720 2.23503e-13
250730 1.33573e-14
260650 1.4204e-05
260670 1.130317e-05
260690 8.76246e-07
260700 1.56044e-07
260710 2.04057e-08
260720 1.69025e-09
260730 1.01015e-10
260740 4.00112e-12
260750 2.37056e-13
260760 0.0
270660 2.88081e-05
270670 3.99212e-05
270680 3.71905e-05
270690 2.57572e-05
270700 1.19133e-05
270710 4.12116e-06
270720 9.30261e-07
270730 1.699478e-07
270750 1.2566159e-09
270770 1.67958e-12
270780 9.60138e-14
280660 6.19174e-06
280670 2.07658e-05
280680 4.41324e-05
280690 7.16101e-05
280700 7.91122e-05
280710 6.7499e-05
280720 3.87309e-05
280730 1.66247e-05
280740 4.93139e-06
280750 9.56269e-07
280760 1.28036e-07
280770 1.27019e-08
280780 7.26108e-10
280790 2.01497e-11
280800 7.22203e-13
280810 0.0
290660 1.20034e-07
290670 1.0503e-06
290680 2.6614525e-05
290700 0.00016445642
290720 0.000147942
290730 0.000153343
290740 0.000113292
290750 5.65459e-05
290760 2.05458e-05
290770 5.48154e-06
290780 8.87249e-07
290790 1.02009e-07
290800 7.26204e-09
290810 3.30093e-10
290820 1.00028e-11
290830 3.91461e-13
300660 1.73049e-10
300670 4.2712e-09
300680 5.72161e-08
300690 5.82164e-07
300700 3.83108e-06
300710 1.866528e-05
300720 6.00969e-05
300730 0.000145661
300740 0.000251361
300750 0.000297844
300760 0.000270686
300770 0.000182491
300780 0.0001035492
300800 4.94139e-06
300810 6.54184e-07
300820 5.85164e-08
300830 2.96044e-09
300840 9.93279e-11
300850 5.17571e-12
300860 3.36094e-14
310650 1.69048e-14
310670 4.481264e-11
310690 1.22034e-09
310700 2.17061e-08
310710 2.81079e-07
310720 2.33066e-06
310730 1.4154e-05
310740 5.92066e-05
310750 0.000165667
310760 0.000359081
310770 0.00056803
310780 0.000602319
310790 0.000479445
310800 0.000251171
310810 9.21759e-05
310820 2.34366e-05
310830 3.53099e-06
310840 3.47098e-07
310850 2.62022e-08
310860 1.0663433e-09
310880 1.54733e-12
320660 0.0
320670 0.0
320680 0.0
320690 1.75049e-13
320700 8.69244e-12
320710 3.12088e-10
320720 7.08199e-09
320730 1.3860926e-06
320750 5.8740544e-05
320770 0.0001883027
320780 0.000478795
320790 0.000909186
320800 0.00114925
320810 0.00107615
320820 0.000723783
320830 0.000305226
320840 8.43737e-05
320850 1.82751e-05
320860 2.11059e-06
320870 1.97029e-07
320880 1.17017e-08
320890 3.16074e-10
320900 2.6909e-11
330690 0.0
330710 2.32065e-14
330720 1.48042e-12
330730 6.73189e-11
330740 2.037573e-09
330750 3.96111e-08
330760 5.94167e-07
330770 5.86165e-06
330780 3.84708e-05
330790 0.000182351
330800 0.000560327
330810 0.00127874
330820 0.00210466
330830 0.00227732
330840 0.00163451
330850 0.000953108
330860 0.000305006
330870 7.89022e-05
330880 1.31537e-05
330890 1.60013e-06
330900 1.36227e-07
330910 1.00643e-09
330920 1.01568e-10
330930 1.60844e-11
340720 0.0
340730 0.0
340740 2.22062e-13
340750 1.21034e-11
340760 5.18146e-10
340770 1.402391e-08
340780 2.55072e-07
340790 3.269914e-06
340800 2.64674e-05
340810 0.0001573945
340820 0.000651853
340830 0.001771285
340840 0.0030203
340850 0.00446139
340860 0.00364257
340870 0.00243674
340880 0.0010818
340890 0.000358931
340900 7.06336e-05
340910 7.61113e-06
340920 7.68114e-07
340930 1.21639e-07
340940 1.03029e-09
340950 4.73788e-11
340960 1.64046e-13
350750 0.0
350770 2.29164e-12
350780 1.20034e-10
350790 4.373232e-09
350800 9.89278e-08
350810 1.66047e-06
350820 1.882525e-05
350830 0.000138959
350840 0.000621994
350850 0.00222395
350860 0.00442009
350870 0.0070839
350880 0.00769934
350890 0.0064665
350900 0.00342141
350910 0.00101877
350920 0.000291782
350930 4.22202e-05
350940 3.52099e-06
350950 2.39856e-07
350960 5.3415e-09
350970 8.80787e-11
350980 3.27981e-12
360770 0.0
360780 0.0
360790 3.9411e-13
360800 2.57072e-11
360810 1.2688549e-09
360820 4.16117e-08
360830 8.979527e-07
360840 1.11631e-05
360850 0.0001077002
360860 0.000558347
360870 0.00216606
360880 0.00564713
360890 0.0113159
360900 0.0149428
360910 0.0113193
360920 0.00857336
360930 0.00348258
360940 0.000833254
360950 0.000124365
360960 1.14632e-05
360970 6.66099e-07
360980 2.48037e-08
360990 2.42588e-10
361000 9.94279e-12
370790 0.0
370810 6.4218e-14
370830 4.11116e-10
370840 1.49042e-08
370850 4.13116e-07
370860 6.0317e-06
370870 6.33778e-05
370880 0.00042851
370890 0.00214375
370900 0.006969316
370910 0.0128839
370920 0.0238224
370930 0.0247969
370940 0.0157606
370950 0.0066626
370960 0.001747
370970 0.000296583
370980 3.28792e-05
370990 1.22811e-06
371000 1.18033e-07
371010 1.06329e-09
371020 4.80069e-11
380830 1.24035e-14
380840 1.34038e-12
380850 1.10031e-10
380860 4.73133e-09
380870 1.404393e-07
380880 2.63074e-06
380890 3.573e-05
380900 0.000313648
380910 0.00151214
380920 0.00704457
380930 0.0182118
380940 0.0290897
380950 0.031935
380960 0.0219174
380970 0.0101121
380980 0.0031518
380990 0.000636771
381000 9.38964e-05
381010 8.0412e-06
381020 3.63054e-07
381030 3.50645e-09
381040 2.07058e-10
381050 1.36694e-11
390850 0.0
390870 2.1206e-11
390880 1.14032e-09
390890 4.406236e-08
390900 1.110312e-06
390910 1.514426e-05
390920 0.000193864
390930 0.001379488
390940 0.00572601
390950 0.0162714
390960 0.02783989
390970 0.0322016
390980 0.0258424
390990 0.0136318
391000 0.00555327
391010 0.00135842
391020 0.000189153
391030 1.77515e-05
391040 1.03029e-06
391050 6.92016e-08
391060 5.60742e-10
391070 9.96643e-11
391080 8.4508e-12
400870 0.0
400880 3.26092e-14
400890 3.66103e-12
400900 2.74078e-10
400910 1.09031e-08
400920 4.06114e-07
400930 8.46238e-06
400940 0.000100308
400950 0.000807307
400960 0.01459172
400980 0.0219352
400990 0.0282636
401000 0.0292526
401010 0.0187775
401020 0.00748789
401030 0.00203626
401040 0.000350649
401050 3.58809e-05
401060 4.24063e-06
401070 7.53715e-07
401080 6.39095e-08
401090 7.6648e-10
401100 5.52155e-11
401110 5.68606e-12
410890 0.0
410900 0.0
410910 5.26148e-13
410920 5.81163e-11
410930 3.675034e-09
410940 1.304366e-07
410950 3.180898e-06
410960 4.18017e-05
410970 0.0003481978
410980 0.00189536
410990 0.00621697
411000 0.01627082
411010 0.0260448
411020 0.0470181
411040 0.00933976
411050 0.00273947
411060 0.001016132
411080 4.46525e-05
411090 3.88032e-06
411100 2.89081e-07
411110 2.87859e-08
411120 2.42018e-10
411130 2.57245e-11
411140 1.16513e-12
420890 0.0
420910 0.0
420920 0.0
420930 1.15082296e-11
420950 8.72245e-10
420960 3.45097e-08
420970 8.5524e-07
420980 1.35838e-05
420990 0.000123455
421000 0.0008894
421010 0.00377571
421020 0.0106116
421030 0.0195555
421040 0.0237062
421050 0.0181953
421060 0.0109429
421070 0.00633471
421080 0.00232808
421090 0.00053373
421100 0.000104259
421110 1.49254e-05
421120 2.024812e-06
421140 8.81131e-09
421150 8.8733e-11
421160 1.03029e-11
421170 2.43797e-12
430930 0.0
430950 1.39039e-14
430970 1.440404e-10
430980 6.92195e-09
430990 4.0743417e-06
431010 4.75534e-05
431020 0.00039239
431030 0.00840066
431050 0.0126545
431060 0.0158703
431070 0.0147016
431080 0.0109288
431090 0.00609382
431100 0.00291735
431110 0.00105593
431120 0.000316769
431130 6.75245e-05
431140 1.02129e-05
431150 4.49213e-07
431160 8.33234e-08
431170 1.23423e-08
431180 9.659562e-11
440950 0.0
440960 0.0
440970 0.0
440980 2.33066e-13
440990 1.84052e-11
441000 1.19033e-09
441010 4.37123e-08
441020 1.13032e-06
441030 1.70948e-05
441040 0.000159405
441050 0.003291117
441070 0.00362525
441080 0.00543453
441090 0.01482057
441110 0.00654123
441120 0.00448511
441130 0.00230924
441140 0.000861732
441150 0.000232916
441160 4.57929e-05
441170 6.39946e-06
441180 6.82102e-07
441190 4.84072e-08
441200 2.42068e-09
441210 7.34872e-11
441220 1.7905e-12
441240 0.0
450990 0.0
451010 2.686753e-12
451020 2.24062e-10
451030 1.0524957e-08
451040 3.011847e-07
451050 5.001408e-06
451060 3.1949e-05
451070 8.16029e-05
451080 0.000263074
451090 0.000850138
451100 0.00219166
451110 0.0042544
451120 0.00636046
451130 0.00735274
451140 0.00628433
451150 0.00591255
451170 0.000663246
451180 0.000174799
451190 3.627018e-05
451210 3.72031e-07
451220 2.31065e-08
451230 9.07255e-10
451240 2.68075e-11
451250 1.10297e-12
460990 0.0
461010 0.0
461020 4.29121e-13
461040 3.86109e-11
461050 2.00056e-09
461060 1.691479e-07
461080 1.01028e-06
461090 8.72245e-06
461100 5.73061e-05
461110 0.0002754273
461120 0.000943945
461130 0.00249316
461140 0.00477785
461150 0.0068224
461160 0.00727933
461170 0.00583588
461180 0.00355709
461190 0.00158994
461200 0.000520386
461210 0.0001408196
461230 2.17061e-06
461240 1.74049e-07
461250 8.721347e-09
461270 4.52381e-11
461280 4.46125e-12
461300 0.0
471030 0.0
471050 4.84136e-14
471060 2.012562e-12
471070 1.597446e-11
471080 2.69076e-10
471090 6.48182e-09
471100 1.139321e-07
471110 1.446403e-06
471120 9.169579e-05
471140 0.000365943
471150 0.001214042
471160 0.00295706
471170 0.00530218
471180 0.00705456
471190 0.00712868
471200 0.00540276
471210 0.00306556
471220 0.001272148
471230 0.000366653
471240 7.75418e-05
471250 1.04729e-05
471260 1.29036e-06
471270 2.29019e-07
471280 5.58157e-08
471290 1.09371e-09
471300 1.26035e-10
471310 4.82714e-12
481050 0.0
481060 0.0
481070 0.0
481080 0.0
481090 3.2009e-13
481100 1.54043e-11
481110 5.3385e-10
481120 1.15032e-08
481130 1.953547e-07
481140 2.30065e-06
481150 1.921536e-05
481160 0.000114852
481170 0.0004914483
481180 0.00487102
481200 0.00573566
481210 0.00744124
481220 0.01225011
481240 0.00264432
481250 0.000953928
481260 0.000306306
481270 0.000113532
481280 4.69432e-05
481290 8.27123e-06
481300 6.95195e-07
481310 3.65054e-08
481320 1.19033e-09
481330 4.08921e-11
481340 3.65103e-13
481360 0.0
491070 0.0
491090 0.0
491110 1.29036e-14
491120 7.282045e-13
491130 3.292922e-11
491140 1.027288e-09
491150 2.25964e-08
491160 3.48099e-07
491170 3.799068e-06
491180 2.797788e-05
491190 0.0001562538
491200 0.000627516
491210 0.001920969
491220 0.00427213
491230 0.007029697
491240 0.00841946
491250 0.00746296
491260 0.00579466
491270 0.00427602
491280 0.004086668
491300 0.0002641143
491310 3.9081e-05
491320 3.928067e-06
491340 9.82276e-09
491350 1.57378e-10
491360 3.9111e-12
501110 0.0
501120 0.0
501130 0.0
501140 3.01085e-14
501150 7.4601e-11
501170 2.1006e-09
501180 3.94111e-08
501190 6.3804894e-06
501210 4.54528e-05
501220 0.000251131
501230 0.001019097
501240 0.00285499
501250 0.0060661
501260 0.0107426
501270 0.01491061
501280 0.01610528
501290 0.01363814
501300 0.00776344
501310 0.00305488
501320 0.000814609
501330 0.000130047
501340 1.867508e-05
501360 5.76162e-08
501370 2.02057e-09
501380 4.959728e-11
511130 0.0
511150 0.0
511170 7.69216e-14
511180 3.745054e-12
511190 1.4404e-10
511200 3.88109e-09
511210 1.2686569e-06
511230 1.28336e-05
511240 9.10455e-05
511250 0.002605064
511270 0.00553458
511280 0.0093705
511290 0.0161863
511300 0.02157912
511310 0.0207715
511320 0.01432952
511330 0.00613214
511340 0.00222308
511350 0.000419368
511360 5.6886e-05
511370 5.67159e-06
511380 3.68103e-07
511390 1.46012e-08
511400 2.34083e-10
511410 2.95356e-11
521150 0.0
521170 0.0
521180 0.0
521190 0.0
521200 1.72048e-13
521210 9.88278e-12
521220 3.9311e-10
521230 1.175326e-08
521240 2.24063e-07
521250 3.395954e-06
521260 3.68704e-05
521270 0.0001956049
521280 0.000537661
521290 0.001991901
521300 0.00638604
521310 0.04068735
521330 0.02626486
521340 0.0236112
521350 0.01556257
521370 0.00111953
521380 0.000196895
521390 2.21262e-05
521400 1.77026e-06
521410 2.23365e-07
521420 3.31093e-09
521430 7.08305e-11
521440 7.5231e-12
531210 0.0
531220 7.26204e-13
531250 1.64046e-09
531260 4.80135e-08
531270 5.3415e-07
531280 2.4807e-06
531290 2.09859e-05
531300 0.0001754889
531310 0.00105283
531320 0.0040741
531330 0.01193978
531340 0.025661
531350 0.0297265
531360 0.0261061
531370 0.02586504
531390 0.00241093
531400 0.000529699
531410 8.524067e-05
531430 3.58581e-07
531440 3.80859e-08
531450 1.71925e-10
531460 7.02249e-12
541240 0.0
541250 5.23148e-14
541260 4.20118e-12
541270 1.000282e-10
541280 1.6803725e-08
541300 3.68103e-07
541310 7.07199e-06
541320 0.0005952575
541340 0.002873915
541350 0.00821916
541360 0.0173724
541370 0.028254
541380 0.0297746
541390 0.0222227
541400 0.0124745
541410 0.00483644
541420 0.0012692
541430 0.0001859238
541440 1.97475e-05
541450 1.30019e-06
541460 5.31079e-08
541470 2.049272e-10
541490 1.58221e-12
541500 0.0
551270 0.0
551290 8.12228e-13
551310 2.91082e-09
551320 8.5324e-08
551330 1.81051e-06
551340 0.0002369456
551360 0.001152124
551370 0.00472398
551380 0.03296987
551400 0.0283178
551410 0.0266822
551420 0.0171266
551430 0.00651167
551440 0.00184917
551450 0.000341056
551460 4.01313e-05
551470 9.609849e-07
551480 1.10031e-07
551490 8.00998e-09
551500 4.42124e-11
551510 2.47745e-12
561290 0.0
561310 7.86221e-14
561320 6.89194e-12
561330 4.34122e-10
561340 1.87053e-08
561350 4.06114e-07
561360 6.21174e-06
561370 6.93095e-05
561380 0.000449106
561390 0.00205294
561400 0.00682369
561410 0.0155201
561420 0.0232134
561430 0.0211958
561440 0.02190578
561460 0.00225659
561470 0.000498269
561480 5.855846e-05
561500 2.08058e-07
561510 1.87358e-08
561520 1.4104e-10
561530 3.6151e-12
561540 2.11059e-14
571330 0.0
571350 5.3515e-11
571370 7.4821e-08
571380 1.33037e-06
571390 1.67347e-05
571400 0.000149832
571410 0.00089054
571420 0.0032902
571430 0.00735564
571440 0.0123074
571450 0.0144236
571460 0.01135092
571470 0.00657792
571480 0.00204897
571490 0.000453347
571500 7.390199e-05
571520 4.07114e-07
571530 1.83015e-08
571540 5.4424774e-10
571560 2.18213e-13
581350 0.0
581370 2.7549752e-10
581390 9.76274e-09
581400 2.47069e-07
581410 4.450255e-05
581430 0.000240468
581440 0.00103732
581450 0.00309965
581460 0.00603717
581470 0.00872524
581480 0.00714357
581490 0.00418151
581500 0.00170923
581510 0.000460639
581520 8.24632e-05
581530 1.0603e-05
581540 9.07255e-07
581550 4.61069e-08
581560 1.65025e-09
581570 3.26092e-11
581580 6.0317e-13
581600 0.0
591390 3.77106e-13
591400 2.77078e-11
591410 1.32037e-09
591420 3.62102e-08
591430 6.0617e-07
591440 7.246032e-06
591450 6.00169e-05
591460 0.000314368
591470 0.00385857
591490 0.00397207
591500 0.00414903
591510 0.00420258
591530 0.0004638
591540 0.000109601
591550 1.57844e-05
591560 1.63046e-06
591570 9.42265e-08
591580 5.01141e-09
591590 1.60045e-10
591600 3.15089e-12
591610 7.57795e-14
601400 0.0
601410 2.80079e-14
601420 2.16061e-12
601430 1.0503e-10
601440 3.59101e-09
601450 8.68244e-08
601460 1.30037e-06
601470 1.44541e-05
601480 9.33462e-05
601490 0.000386069
601500 0.00107105
601510 0.00185594
601520 0.00218738
601530 0.00185443
601540 0.00111122
601550 0.000420318
601560 0.000118063
601570 2.19262e-05
601590 2.62074e-07
601600 1.48042e-08
601610 5.73085e-10
601620 1.51042e-11
601630 2.80079e-13
601640 0.0
611410 0.0
611430 0.0
611440 8.610423e-12
611460 3.78106e-10
611470 1.26035e-08
611480 3.4058619e-06
611500 2.53471e-05
611510 0.000120154
611520 0.000373185
611530 0.000788031
611540 0.001153844
611550 0.00106742
611560 0.00074856
611570 0.000312438
611580 0.000120784
611590 3.08287e-05
611600 4.81135e-06
611610 5.08143e-07
611620 3.81107e-08
611630 2.0555811e-09
611650 1.81051e-12
611660 4.21879e-14
621430 0.0
621440 0.0
621450 0.0
621460 0.0
621470 7.33206e-13
621480 4.78134e-11
621490 1.83051e-09
621500 6.764897e-07
621520 5.61158e-06
621530 3.2149e-05
621540 0.000411676
621560 0.00049785
621570 0.000506612
621580 0.000472033
621590 0.000305286
621600 0.000122074
621610 3.32493e-05
621620 6.78191e-06
621630 9.52268e-07
621640 9.94279e-08
621650 6.65187e-09
621660 3.19047e-10
621670 9.67272e-12
621680 2.11059e-13
621690 9.00811e-15
621700 0.0
631470 0.0
631490 7.09199e-14
631510 2.33066e-10
631520 6.22176e-09
631530 1.03029e-07
631540 1.110312e-06
631550 7.17202e-06
631560 3.30193e-05
631570 8.64243e-05
631580 0.000196125
631590 0.000310017
631600 0.000488497
631620 9.83877e-05
631630 3.49798e-05
631640 1.123316e-05
631660 2.23063e-07
631670 1.87053e-08
631680 1.14032e-09
631690 4.56038e-11
631700 1.24035e-12
631710 2.30116e-14
631720 8.35822e-16
641470 0.0
641490 0.0
641510 4.6313e-13
641530 2.27064e-11
641540 7.23203e-10
641550 1.35038e-08
641560 1.7805e-07
641570 1.30037e-06
641580 7.80219e-06
641590 3.23491e-05
641600 7.65015e-05
641610 0.000116863
641620 0.00014269
641630 0.000119214
641640 7.8142e-05
641650 3.46998e-05
641660 1.419402e-05
641680 4.20118e-07
641690 4.6213e-08
641700 3.655006e-09
641720 6.32094e-12
651510 0.0
651530 0.0
651550 1.74049e-12
651560 6.746894e-11
651570 2.570721e-08
651590 2.8508e-07
651600 1.81051e-06
651610 7.04198e-06
651620 2.1666e-05
651630 4.32622e-05
651640 6.64087e-05
651650 6.88193e-05
651660 5.46153e-05
651670 2.92782e-05
651680 1.20534e-05
651690 3.43096e-06
651700 6.87193e-07
651710 9.34263e-08
651720 9.32262e-09
661550 0.0
661560 0.0
661570 1.0703e-13
661580 5.22147e-12
661590 1.80051e-10
661600 3.24091e-09
661610 3.42096e-08
661620 2.87081e-07
661630 1.49042e-06
661640 5.73161e-06
661650 1.445408e-05
661660 2.71576e-05
661670 3.39796e-05
661680 3.27592e-05
661690 2.22963e-05
661700 1.09831e-05
661710 3.79107e-06
661720 9.89278e-07
671590 0.0
671610 1.1617229e-11
671620 2.781781e-10
671630 3.947108e-09
671640 4.110158e-08
671650 2.73077e-07
671660 1.317367e-06
671670 4.08115e-06
671680 9.47266e-06
671690 1.51643e-05
671700 1.74049e-05
671710 1.4164e-05
671720 8.9125e-06
681610 0.0
681620 1.81051e-14
681630 7.21203e-13
681640 2.09059e-11
681650 3.84108e-10
681660 5.05142e-09
681670 4.194182e-08
681680 2.54071e-07
681690 1.03029e-06
681700 2.90082e-06
681710 5.62158e-06
681720 8.28233e-06
691650 3.66103e-14
691660 1.35038e-12
691670 3.11087e-11
691680 5.19146e-10
691690 5.6916e-09
691700 4.2612e-08
691710 2.1306e-07
691720 7.86221e-07
701660 0.0
701670 0.0
701680 7.22203e-14
701690 2.215624e-12
701700 4.59129e-11
701710 6.29177e-10
701720 6.24175e-09
711690 0.0
711710 1.28236e-13
711720 3.541e-12
721710 0.0
