230660 5.81838e-14
230670 9.26705e-15
240660 8.72471e-11
240670 1.28209e-11
240680 2.140732e-12
240700 1.0625e-14
250660 1.032458e-08
250670 3.408017e-09
250680 1.162729e-09
250690 2.24321e-10
250700 3.36792e-11
250710 3.36792e-12
250720 3.4269e-13
260650 1.564069e-07
260670 1.9454014e-07
260690 3.578471e-08
260700 1.212841e-08
260710 2.806597e-09
260720 5.13866e-10
260730 6.48524e-11
260740 5.42275e-12
260750 8.76273e-13
260760 1.66391e-14
270650 0.0
270660 3.399802e-07
270670 4.992755e-07
270680 7.808062e-07
270690 7.179085e-07
270700 5.260464e-07
270710 2.756429e-07
270720 1.132639e-07
270730 3.8319915e-08
270750 1.0533019e-09
270770 7.60188e-12
270780 9.75295e-13
280650 0.0
280660 1.122832e-07
280670 3.378362e-07
280680 1.078608e-06
280690 2.036398e-06
280700 3.090294e-06
280710 3.487284e-06
280720 3.065638e-06
280730 1.914446e-06
280740 8.087848e-07
280750 2.826731e-07
280760 6.715818e-08
280770 1.051712e-08
280780 1.462468e-09
280790 1.48193e-10
280800 1.35318e-11
280810 1.88443e-14
290650 0.0
290660 5.192245e-09
290670 3.337883e-08
290680 1.09912941e-06
290700 9.099464e-06
290720 1.153947e-05
290730 1.503296e-05
290740 1.349209e-05
290750 1.022201e-05
290760 5.343946e-06
290770 1.864461e-06
290780 5.873969e-07
290790 1.612306e-07
290800 2.836672e-08
290810 3.508244e-09
290820 2.14504e-10
290830 1.97649e-11
300660 3.01709e-11
300670 4.33018e-10
300680 6.394891e-09
300690 5.3727012e-08
300700 3.547323e-07
300710 1.7677652e-06
300720 6.584751e-06
300730 1.752204e-05
300740 3.202902e-05
300750 5.059566e-05
300760 5.540757e-05
300770 4.15231e-05
300780 4.560598e-05
300800 6.779927e-06
300810 1.904548e-06
300820 2.706293e-07
300830 2.734439e-08
300840 1.944584e-09
300850 1.56477e-10
300860 1.37323e-12
310650 2.02476e-14
310670 2.2914857e-11
310690 4.19987e-10
310700 6.154434e-09
310710 6.846001e-08
310720 5.472434e-07
310730 3.065941e-06
310740 1.167725e-05
310750 3.749406e-05
310760 8.385037e-05
310770 0.0001292678
310780 0.0001841036
310790 0.0002377045
310800 0.0002014644
310810 0.0001227711
310820 3.962433e-05
310830 9.394069e-06
310840 1.66355e-06
310850 1.702349e-07
310860 8.20551e-09
320660 0.0
320670 0.0
320680 0.0
320690 3.81898e-13
320700 1.27299e-11
320710 3.28772e-10
320720 5.863772e-09
320730 6.7280992e-07
320750 2.33101529e-05
320770 6.0895697e-05
320780 0.0001766379
320790 0.0004650384
320800 0.0008174139
320810 0.001069552
320820 0.0007552244
320830 0.0004008508
320840 0.0001647933
320850 4.225527e-05
320860 5.078361e-06
320870 4.246567e-07
320880 3.047147e-08
320890 1.426704e-09
320900 2.09269e-10
330690 0.0
330710 1.80424e-13
330720 7.38736e-12
330730 2.07488e-10
330740 3.875105e-09
330750 5.883811e-08
330760 6.063893e-07
330770 4.138527e-06
330780 2.547026e-05
330790 0.0001385287
330800 0.0004918862
330810 0.001287506
330820 0.0019262528
330830 0.002281616
330840 0.002027972
330850 0.001069599
330860 0.0003808284
330870 8.247607e-05
330880 1.544082e-05
330890 1.551809e-06
330900 2.100566e-07
330910 2.866986e-09
330920 2.69876e-10
340720 0.0
340730 6.01414e-14
340740 2.89681e-12
340750 1.00236e-10
340760 2.345512e-09
340770 3.5954391e-08
340780 4.901279e-07
340790 5.8392452e-06
340800 4.474825e-05
340810 0.00024505951
340820 0.0007437846
340830 0.0018039216
340840 0.002520962
340850 0.004626843
340860 0.003593229
340870 0.002169151
340880 0.0009287975
340890 0.000228702
340900 3.644828e-05
340910 3.964595e-06
340920 4.04666e-07
340930 1.41381e-08
340940 1.022403e-09
340960 7.32722e-13
350750 1.92452e-14
350770 3.648572e-11
350780 1.132662e-09
350790 3.0531675e-08
350800 5.2350738e-07
350810 6.361133e-06
350820 4.3406053e-05
350830 0.0002322838
350840 0.0010233207
350850 0.002163135
350860 0.004707983
350870 0.006403609
350880 0.00486405
350890 0.002953386
350900 0.001378021
350910 0.0004249596
350920 0.0001045642
350930 1.534999e-05
350940 1.573461e-06
350950 3.658299e-08
350960 6.555407e-09
350970 4.02537e-10
360770 0.0
360780 2.95695e-13
360790 1.834312e-11
360800 7.19692e-10
360810 1.9836575e-08
360820 3.127234e-07
360830 3.9188904e-06
360840 4.430706e-05
360850 0.00031791268
360860 0.00109268
360870 0.002976394
360880 0.007555081
360890 0.01079995
360900 0.01034598
360910 0.007106952
360920 0.00385695
360930 0.001191736
360940 0.0002801046
360950 5.069135e-05
360960 6.516181e-06
360970 5.568955e-07
360980 3.438083e-08
360990 2.13578e-09
361000 4.26001e-11
370790 0.0
370810 7.05659e-12
370830 7.798321e-09
370840 2.185036e-07
370850 4.006554e-06
370860 3.751114e-05
370870 0.00026855
370880 0.001558193
370890 0.002886342
370900 0.006670483
370910 0.01177568
370920 0.01497636
370930 0.01128585
370940 0.006257281
370950 0.002831514
370960 0.000766177
370970 0.0001506552
370980 2.212293e-05
370990 2.323986e-06
371000 1.573724e-07
371010 5.364754e-09
371020 4.45563e-10
380830 1.7441e-12
380840 1.2329e-10
380850 5.763544e-09
380860 1.393241e-07
380870 2.6465545e-06
380880 4.414795e-05
380890 0.0002589741
380900 0.00106695
380910 0.003017444
380920 0.006239772
380930 0.01401082
380940 0.02093042
380950 0.02085681
380960 0.01266495
380970 0.006375214
380980 0.001877639
380990 0.00038723
381000 6.610742e-05
381010 7.428211e-06
381020 6.681543e-07
381030 1.95597e-08
381040 1.032427e-09
390850 9.25175e-13
390870 2.997044e-09
390880 1.303033e-07
390890 1.9470865e-06
390900 2.06442e-05
390910 0.00014984888
390920 0.0008849431
390930 0.002994944
390940 0.007310491
390950 0.01795518
390960 0.024350314
390970 0.02632787
390980 0.019506072
390990 0.01238349
391000 0.003852285
391010 0.0009249503
391020 0.0001831545
391030 2.130975e-05
391040 1.764302e-06
391050 2.788074e-08
391060 2.084199e-09
391070 3.38534e-10
400870 3.76886e-13
400880 4.32015e-11
400890 1.653887e-09
400900 4.380282e-08
400910 8.048076e-07
400920 1.209128e-05
400930 0.000102
400940 0.0005952179
400950 0.002394204
400960 0.019892719
400980 0.02290324
400990 0.03139249
401000 0.02401954
401010 0.0145997
401020 0.007339035
401030 0.001968911
401040 0.0003544811
401050 3.86982e-05
401060 3.12607e-06
401070 4.683738e-07
401080 1.693984e-08
401090 3.009885e-09
401100 9.77297e-11
410890 1.56368e-13
410900 1.04245e-11
410910 4.94162e-10
410920 1.814259e-08
410930 3.7496427e-07
410940 5.370821e-06
410950 5.0456668e-05
410960 0.0003416776
410970 0.0014671544
410980 0.0042988406
410990 0.0120095327
411000 0.0207226
411010 0.02807077
411020 0.04766718
411040 0.009040163
411050 0.002506528
411060 0.00050749052
411080 1.093298e-05
411090 3.275091e-06
411100 2.275375e-07
411110 6.646215e-09
411120 7.61532e-10
411130 2.02961e-10
420890 0.0
420910 3.34787e-14
420920 3.04716e-12
420930 5.6081782e-09
420950 1.222858e-07
420960 1.994239e-06
420970 2.120128e-05
420980 0.0001611813
420990 0.0007999846
421000 0.002605596
421010 0.006047751
421020 0.01497615
421030 0.02949512
421040 0.02397416
421050 0.01916837
421060 0.01016818
421070 0.002760892
421080 0.00087095
421090 0.000406776
421100 6.082696e-05
421110 9.206865e-06
421120 1.4229114e-06
421140 1.032428e-08
421150 7.89567e-10
421160 3.16745e-11
430930 0.0
430950 3.33283e-11
430970 3.327814e-08
430980 6.063773e-07
430990 7.36704151e-05
431010 0.0003879508
431020 0.0017680564
431030 0.016659853
431050 0.01830705
431060 0.01960506
431070 0.0141584
431080 0.009302408
431090 0.007094281
431100 0.002096909
431110 0.0006749329
431120 0.0001670995
431130 3.55681e-05
431140 6.377922e-06
431150 8.590877e-07
431160 8.800735e-08
431170 3.402748e-09
431180 4.61706e-10
440950 0.0
440960 0.0
440970 5.84374e-12
440980 2.56603e-10
440990 7.337239e-09
441000 1.613755e-07
441010 2.27475e-06
441020 2.536885e-05
441030 0.0001898851
441040 0.001004814
441050 0.007969562
441070 0.01041761
441080 0.01119217
441090 0.022498399
441110 0.007879392
441120 0.003867996
441130 0.001382145
441140 0.0004807082
441150 0.0001402644
441160 2.785932e-05
441170 4.709183e-06
441180 6.371085e-07
441190 5.098321e-08
441200 3.247635e-09
441210 3.12955e-10
441220 6.28477e-12
441240 0.0
450990 8.26944e-13
451010 1.487496e-09
451020 3.989364e-08
451030 7.3858781e-07
451040 1.1002801e-05
451050 7.8180204e-05
451060 0.0003995056
451070 0.001257005
451080 0.002438917
451090 0.004064227
451100 0.005398996
451110 0.009122964
451120 0.01125429
451130 0.006915673
451140 0.005013331
451150 0.004266424
451170 0.0003797675
451180 0.000109134
451190 2.2351633e-05
451210 3.404948e-07
451220 2.716392e-08
451230 1.874406e-09
451240 8.82073e-11
460990 0.0
461010 1.08254e-13
461020 3.3376445e-10
461040 1.242919e-08
461050 2.175049e-07
461060 2.5292476e-05
461080 8.016942e-05
461090 0.00021268831
461100 0.0005680552
461110 0.0014988936
461120 0.003181992
461130 0.004134783
461140 0.005787382
461150 0.008979283
461160 0.005841283
461170 0.004242812
461180 0.002543434
461190 0.0009474584
461200 0.0002834958
461210 8.856439e-05
461230 2.035248e-06
461240 2.145093e-07
461250 1.7731712e-08
461270 4.4642e-10
461280 2.05483e-11
461300 1.83431e-14
471030 1.58372e-14
471050 6.907238e-11
471060 2.225229e-09
471070 4.3802714e-08
471080 2.996978e-07
471090 1.2528468e-06
471100 7.683356e-06
471110 4.1408848e-05
471120 0.00066961814
471140 0.001239084
471150 0.002825312
471160 0.004084746
471170 0.00561132
471180 0.00702571
471190 0.006009057
471200 0.003809573
471210 0.002236229
471220 0.0007817788
471230 0.0002618608
471240 5.996266e-05
471250 9.910901e-06
471260 2.095335e-06
471270 4.857149e-07
471280 7.778338e-08
471290 4.083299e-09
471300 3.55836e-10
481050 0.0
481060 1.97464e-13
481070 9.58252e-12
481080 1.27299e-10
481090 8.61024e-10
481100 1.182778e-08
481110 1.3862454e-07
481120 1.172675e-06
481130 7.442994e-06
481140 3.855217e-05
481150 0.00016394912
481160 0.0004909514
481170 0.0012711926
481180 0.007651919
481200 0.006495927
481210 0.00793457
481220 0.011152217
481240 0.002263716
481250 0.0007612426
481260 0.0003069312
481270 0.0001100192
481280 3.328238e-05
481290 5.651581e-06
481300 7.60827e-07
481310 4.861445e-08
481320 2.084901e-09
481330 1.77648e-10
481340 1.2329e-12
481360 0.0
491070 0.0
491090 6.51531e-14
491110 5.24232e-11
491120 9.56247e-10
491130 1.2729898e-08
491140 1.3792237e-07
491150 1.1937142e-06
491160 7.796046e-06
491170 4.2350251e-05
491180 0.00020225268
491190 0.00069692333
491200 0.0018373563
491210 0.00386626
491220 0.006325297
491230 0.009190271
491240 0.010216922
491250 0.007686204
491260 0.005992406
491270 0.003245759
491280 0.002405342
491300 0.00018604473
491310 2.750672e-05
491320 3.0106903e-06
491340 1.052473e-08
491350 5.65435e-10
491360 6.86614e-12
501110 0.0
501120 8.65033e-14
501130 2.43572e-12
501140 5.56308e-11
501150 1.524581e-08
501170 1.6438456e-07
501180 1.70367e-06
501190 8.7433635e-05
501210 0.00035631441
501220 0.001071154
501230 0.0029674748
501240 0.00562744
501250 0.009201602
501260 0.01393561
501270 0.012688223
501280 0.012112962
501290 0.008724641
501300 0.005458494
501310 0.0018896338
501320 0.0004506947
501330 7.494188e-05
501340 1.08060459e-05
501360 4.029457e-08
501370 9.12144e-10
501380 1.09257e-11
511130 0.0
511150 9.59255e-14
511170 7.26708e-11
511180 1.652885e-09
511190 2.966961e-08
511200 3.6444656e-07
511210 3.0696367e-05
511230 0.0001607189
511240 0.0006740574
511250 0.006816596
511270 0.005443403
511280 0.009486513
511290 0.01465098
511300 0.016307497
511310 0.01529271
511320 0.009399187
511330 0.004309477
511340 0.0011434728
511350 0.0002111434
511360 2.649985e-05
511370 1.493569e-06
511380 4.330189e-08
511390 4.861425e-09
511400 2.73883e-10
521150 0.0
521170 0.0
521180 1.78419e-13
521190 7.39739e-12
521200 2.05483e-10
521210 4.90152e-09
521220 7.527612e-08
521230 1.0082744e-06
521240 9.222924e-06
521250 6.2928969e-05
521260 0.0002965884
521270 0.0005883619
521280 0.001577841
521290 0.0037770238
521300 0.00988128
521310 0.039471964
521330 0.02450818
521340 0.01620829
521350 0.01033231
521370 0.0002913221
521380 1.936925e-05
521390 5.164137e-06
521400 4.106962e-07
521410 1.340179e-08
521420 7.59786e-10
531210 6.89621e-13
531220 7.21696e-10
531250 2.245212e-07
531260 2.134461e-06
531270 6.630807e-06
531280 3.714903e-05
531290 0.0002419452
531300 0.0011707453
531310 0.002468816
531320 0.00818678
531330 0.018636122
531340 0.02942114
531350 0.02725487
531360 0.02117055
531370 0.011086908
531390 0.000663404
531400 0.0001173527
531410 1.5790477e-05
531430 2.360203e-08
531440 2.251202e-09
531450 1.46246e-10
541240 0.0
541250 9.09136e-11
541260 1.7441e-09
541270 8.550092e-09
541280 1.45506638e-06
541300 1.579504e-05
541310 0.00010744389
541320 0.0041011214
541340 0.004715786
541350 0.01461798
541360 0.02227279
541370 0.02308126
541380 0.01720222
541390 0.01175099
541400 0.005199038
541410 0.001316771
541420 0.0002322134
541430 3.273482e-05
541440 3.37703e-06
541450 2.023331e-07
541460 7.818383e-09
541470 5.5121787e-10
541500 0.0
551270 1.2329e-12
551290 8.53005e-10
551310 3.538096e-07
551320 5.929008e-06
551330 5.723842e-05
551340 0.0021751798
551360 0.005359826
551370 0.01749298
551380 0.053436
551400 0.02204085
551410 0.01479556
551420 0.007604645
551430 0.00203938
551440 0.0004314377
551450 6.022489e-05
551460 5.736741e-06
551470 5.951516e-07
551480 1.934549e-08
551490 5.55299e-10
551500 1.43337e-11
561290 5.9139e-14
561310 1.31309e-10
561320 5.282411e-09
561330 1.272972e-07
561340 2.414774e-06
561350 2.544454e-05
561360 0.0002207908
561370 0.0009261855
561380 0.003407088
561390 0.007015374
561400 0.0132991
561410 0.02128837
561420 0.02027834
561430 0.01487086
561440 0.011730927
561460 0.0005271304
561470 9.662096e-05
561480 1.08061499e-05
561500 4.660984e-08
561510 1.270226e-09
561520 3.60848e-11
561540 0.0
571330 3.17747e-11
571350 3.989348e-08
571370 8.567161e-06
571380 6.298594e-05
571390 0.0003581675
571400 0.001312404
571410 0.004040801
571420 0.008530937
571430 0.01396934
571440 0.01574269
571450 0.0128623
571460 0.006938858
571470 0.002918621
571480 0.0006594288
571490 0.0001164058
571500 1.8509497e-05
571520 8.049047e-08
571530 3.81898e-09
571540 1.03243e-10
581350 7.00647e-12
581370 1.7166281e-07
581390 2.2118817e-06
581400 1.940192e-05
581410 0.0006894214
581430 0.001971409
581440 0.004475056
581450 0.01000835
581460 0.01317148
581470 0.01117315
581480 0.006676342
581490 0.002514374
581500 0.000792784
581510 0.0001506228
581520 2.058886e-05
581530 2.356918e-06
581540 1.543742e-07
581550 7.156847e-09
581560 2.96697e-10
581570 5.32251e-12
581580 8.1692e-14
581600 0.0
591390 1.543628e-09
591400 3.177456e-08
591410 4.941411e-07
591420 5.151154e-06
591430 3.861129e-05
591440 0.00023785748
591450 0.0008656693
591460 0.002295736
591470 0.011185284
591490 0.006930877
591500 0.004908872
591510 0.0030689124
591530 0.0001783332
591540 2.718103e-05
591550 2.991104e-06
591560 3.007376e-07
591570 1.293052e-08
591580 4.80129e-10
591590 1.52358e-11
591600 3.53832e-13
601400 5.83371e-12
601410 2.18514e-10
601420 5.452814e-09
601430 9.742825e-08
601440 1.463218e-06
601450 1.219204e-05
601460 7.671849e-05
601470 0.0003901465
601480 0.00109413
601490 0.002319533
601500 0.003700587
601510 0.004658681
601520 0.00362893
601530 0.002116674
601540 0.0007201915
601550 0.0001600283
601560 3.61e-05
601570 3.9250006e-06
601590 2.335534e-08
601600 1.252947e-09
601610 3.51827e-11
601620 7.20694e-13
601630 0.0
601640 0.0
611410 1.0625e-14
611430 2.77653e-11
611440 2.1871373e-08
611460 3.237536e-07
611470 4.10805e-06
611480 0.000162949196
611500 0.0005243351
611510 0.00118932
611520 0.0018821844
611530 0.002935327
611540 0.002358362
611550 0.001408313
611560 0.000618937
611570 0.0001340033
611580 2.518783e-05
611590 4.153e-06
611600 5.014421e-07
611610 3.268022e-08
611620 1.533605e-09
611630 3.931244e-11
611650 1.68396e-14
621430 0.0
621440 7.91861e-14
621450 3.98938e-12
621460 1.56368e-10
621470 4.96166e-09
621480 8.229277e-08
621490 9.992625e-07
621500 5.9706563e-05
621520 0.000172807
621530 0.0005141356
621540 0.002419696
621560 0.001477745
621570 0.000811623
621580 0.0003112845
621590 9.804974e-05
621600 2.476921e-05
621610 3.609077e-06
621620 3.758705e-07
621630 2.114981e-08
621640 1.423346e-09
621650 4.89149e-11
621660 2.09492e-12
621670 5.1922e-14
621680 0.0
621700 0.0
631470 6.68571e-13
631490 8.52003e-10
631510 2.555957e-07
631520 2.1249831e-06
631530 1.392282e-05
631540 5.549576e-05
631550 0.000159041
631560 0.0004147931
631570 0.0005127628
631580 0.0005028723
631590 0.0003429967
631600 0.00023799912
631620 1.127965e-05
631630 1.393653e-06
631640 2.2462383e-07
631660 1.573687e-09
631670 8.90091e-11
631680 3.40801e-12
631690 8.86083e-14
631700 0.0
641470 0.0
641490 8.04892e-14
641510 3.280711e-09
641530 4.941618e-08
641540 4.681531e-07
641550 2.969313e-06
641560 1.750693e-05
641570 4.077381e-05
641580 8.98557e-05
641590 0.0001471517
641600 0.0001726478
641610 0.000131537
641620 4.651098e-05
641630 1.210094e-05
641640 3.858665e-06
641650 6.377978e-07
641660 1.5576821e-07
641680 1.523593e-09
641690 9.00126e-11
641700 6.590496e-12
641720 0.0
651510 1.0224e-14
651530 2.00471e-11
651550 7.156834e-09
651560 1.01309135e-07
651570 3.1216279e-06
651590 8.929297e-06
651600 2.218417e-05
651610 3.347006e-05
651620 2.931722e-05
651630 1.550381e-05
651640 1.01169e-05
651650 3.279742e-06
651660 1.571311e-06
651670 4.284571e-07
651680 8.132582e-08
651690 1.063956e-08
651700 1.663889e-09
651710 1.96462e-10
651720 1.11262e-11
661550 1.95459e-12
661560 6.79597e-11
661570 8.58017e-10
661580 9.773051e-09
661590 7.708459e-08
661600 4.181315e-07
661610 1.277911e-06
661620 2.694502e-06
661630 2.977658e-06
661640 4.027728e-06
661650 2.7337215e-06
661660 2.611289e-06
661670 1.443505e-06
661680 5.821216e-07
661690 1.647431e-07
661700 5.440441e-08
661710 1.403269e-08
661720 1.774133e-09
671590 7.824396e-11
671610 6.801107e-09
671620 3.2025067e-08
671630 7.8033602e-08
671640 2.2863198e-07
671650 3.43583e-07
671660 6.659903e-07
671670 7.586653e-07
671680 6.184165e-07
671690 3.667166e-07
671700 2.443362e-07
671710 1.322847e-07
671720 3.556854e-08
681610 4.17982e-12
681620 4.50058e-11
681630 2.49587e-10
681640 1.643863e-09
681650 5.51239e-09
681660 2.325192e-08
681670 5.7515296e-08
681680 9.777878e-08
681690 1.169861e-07
681700 1.641697e-07
681710 1.823775e-07
681720 1.011153e-07
691650 1.05247e-11
691660 1.00236e-10
691670 5.55301e-10
691680 2.084923e-09
691690 5.356278e-09
691700 1.633625e-08
691710 3.788678e-08
691720 4.327927e-08
701660 4.94162e-14
701670 6.27475e-13
701680 5.3626e-12
701690 3.104311e-11
701700 2.11497e-10
701710 1.082543e-09
701720 2.666182e-09
711690 1.93455e-14
711710 3.74882e-12
711720 2.0849e-11
721710 0.0
