230660 8.64479e-18
230670 5.95371e-19
240660 1.83991e-13
240670 1.04994e-14
240680 5.10836e-17
240700 0.0
250660 6.88e-11
250670 1.45e-11
250680 3.09e-12
250690 6.07949e-13
250700 6.91e-14
250710 0.0
250720 2.52296e-16
260650 3.62e-09
260670 3.29e-09
260690 6.99e-10
260700 2.86e-10
260710 4.66e-11
260720 5.36975e-12
260730 1.51e-13
260740 0.0
260750 4.99074e-16
260760 0.0
270660 6.26e-09
270670 1.01e-08
270680 1.69e-08
270690 2.77e-08
270700 2.78e-08
270710 1.63e-08
270720 4.82e-09
270730 5.618e-10
270750 6.3565e-12
270770 3.02222e-14
270780 1.45646e-15
280660 2.27e-09
280670 8.04e-09
280680 3.94e-08
280690 1.38e-07
280700 4.23e-07
280710 5.85e-07
280720 5.76e-07
280730 1.45e-07
280740 7.28e-08
280750 1.6e-08
280760 4.22e-09
280770 5.3297e-10
280780 3.09985e-11
280790 6.5871e-13
280800 2.36e-14
280810 0.0
290660 2.56e-11
290670 3.08e-10
290680 3.9723e-08
290700 1.2189999e-06
290720 2.09e-06
290730 1.64e-06
290740 1.92e-06
290750 1.42e-06
290760 9.63e-07
290770 4.33e-07
290780 6.54e-08
290790 7.83934e-09
290800 4.96e-10
290810 2.14e-11
290820 3.78e-13
290830 1.87684e-14
300660 3.94e-14
300670 1.24e-12
300680 4.79e-11
300690 1.229e-09
300700 2.6e-08
300710 2.471e-07
300720 1.57e-06
300730 2.61e-06
300740 9.02e-06
300750 1.458e-05
300760 3.208e-05
300770 3.419e-05
300780 2.314e-05
300800 1.25e-06
300810 1.48e-07
300820 1.05e-08
300830 3.30981e-10
300840 7.39e-12
300850 1.96605e-13
300860 0.0
310650 0.0
310670 1.6e-14
310690 1.47e-12
310700 7.87e-11
310710 2.65e-09
310720 4.02e-08
310730 2.12e-07
310740 1.61e-06
310750 7.74e-06
310760 3.68e-05
310770 0.00011682
310780 0.00013369
310790 0.0001375
310800 7.496e-05
310810 3.27e-05
310820 6.46e-06
310830 7.99e-07
310840 5.29e-08
310850 2.3398e-09
310860 6.153456e-11
320660 0.0
320670 0.0
320680 0.0
320690 0.0
320700 3.03e-14
320710 2.74e-12
320720 1.48e-10
320730 5.2463e-08
320750 9.2894e-06
320770 6.001e-05
320780 0.00020219
320790 0.00045092
320800 0.00074123
320810 0.00076799
320820 0.00053902
320830 0.00017761
320840 4.629e-05
320850 5.78e-06
320860 5.89e-07
320870 2.52986e-08
320880 9.15e-10
320890 1.50394e-11
320900 1.77804e-12
330690 0.0
330710 0.0
330720 1.22e-14
330730 5.91e-13
330740 3.95e-11
330750 1.58e-09
330760 6.16e-08
330770 1.42e-06
330780 1.107e-05
330790 7.81e-05
330800 0.00027512
330810 0.00087767
330820 0.00141486
330830 0.00154585
330840 0.00103639
330850 0.0004717
330860 0.00013075
330870 2.179e-05
330880 2.17e-06
330890 1.78985e-07
330900 1.75331e-08
330910 8.90222e-11
330920 4.07808e-12
340720 0.0
340730 0.0
340740 0.0
340750 3.93e-13
340760 5.75e-11
340770 3.409e-09
340780 9.34e-08
340790 1.67e-06
340800 1.934e-05
340810 0.00014774
340820 0.00077759
340830 0.00193642
340840 0.00414822
340850 0.00448177
340860 0.00424041
340870 0.00181954
340880 0.00065684
340890 0.00014104
340900 1.93525e-05
340910 1.56991e-06
340920 8.67959e-08
340930 5.89814e-10
340940 5.35e-11
340950 3.41132e-12
340960 0.0
350750 0.0
350770 2.544e-13
350780 1.83e-11
350790 1.214e-09
350800 3.603e-08
350810 1.01e-06
350820 1.4e-05
350830 0.00012181
350840 0.00064959
350850 0.00221475
350860 0.00474435
350870 0.00653038
350880 0.00551693
350890 0.00393104
350900 0.00137957
350910 0.00041014
350920 6.154e-05
350930 7.01941e-06
350940 3.94e-07
350950 4.05983e-08
350960 3.84e-10
350970 9.52594e-12
350980 2.46658e-13
360770 0.0
360780 0.0
360790 7.65e-14
360800 8.35e-12
360810 6.522e-10
360820 3.53e-08
360830 8.47e-07
360840 1.725e-05
360850 0.00015072
360860 0.00109745
360870 0.00322597
360880 0.00908837
360890 0.0141251
360900 0.0158502
360910 0.0112783
360920 0.00589394
360930 0.00169955
360940 0.00035553
360950 3.71294e-05
360960 3.55e-06
360970 1.6799e-07
360980 5.24975e-09
360990 4.82393e-11
361000 1.29e-12
370790 0.0
370810 1.26e-14
370830 1.9e-10
370840 1.13e-08
370850 3.82e-07
370860 7.54e-06
370870 8.73e-05
370880 0.00055763
370890 0.00271598
370900 0.00680636
370910 0.0148995
370920 0.0175023
370930 0.0159858
370940 0.00817913
370950 0.00295129
370960 0.00074331
370970 0.00012841
370980 1.075e-05
370990 5.74099e-07
371000 2.73e-08
371010 2.9882e-10
371020 1.30611e-11
371030 1.48782e-12
380830 0.0
380840 8.93e-13
380850 8.73e-11
380860 6.84e-09
380870 2.228e-07
380880 5.27e-06
380890 6.466e-05
380900 0.00056076
380910 0.00291913
380920 0.01085
380930 0.0213655
380940 0.0339575
380950 0.0273416
380960 0.0228663
380970 0.00960266
380980 0.0028185
380990 0.000525046
381000 6.844e-05
381010 5.2697e-06
381020 2.77987e-07
381030 2.62379e-08
381040 1.5e-10
381050 5.21472e-12
390850 0.0
390870 1.76e-11
390880 1.16e-09
390890 5.301e-08
390900 1.24e-06
390910 2.366e-05
390920 0.00022396
390930 0.0014596
390940 0.00538236
390950 0.0131905
390960 0.02440924
390970 0.0312314
390980 0.0208115
390990 0.0128019
391000 0.0041208
391010 0.00112799
391020 0.00016047
391030 1.61938e-05
391040 8.71e-07
391050 6.20606e-08
391060 1.8793e-10
391070 6.98782e-12
400870 0.0
400880 3.01e-14
400890 3.77e-12
400900 3.44e-10
400910 1.82e-08
400920 6.53e-07
400930 1.107e-05
400940 0.00014696
400950 0.00087421
400960 0.02064194
400980 0.0306895
400990 0.0409655
401000 0.0407461
401010 0.0258033
401020 0.0126799
401030 0.00322101
401040 0.00062297
401050 5.67579e-05
401060 3.99981e-06
401070 1.23231e-07
401080 0.0
401090 0.0
401100 0.0
401110 0.0
401120 4.37854e-14
410890 0.0
410900 0.0
410910 4.2e-13
410920 4.25e-11
410930 2.711e-09
410940 9.92e-08
410950 2.156e-06
410960 3.485e-05
410970 0.00034248
410980 0.00163911
410990 0.00692311
411000 0.0151237
411010 0.0287886
411020 0.0569833
411040 0.01155516
411050 0.00381576
411060 0.0008014568
411080 1.18e-10
411090 1.45e-12
411100 0.0
411110 7.21906e-17
411120 4.31766e-10
411130 1.30253e-13
420890 0.0
420910 0.0
420920 0.0
420930 8.1262e-12
420950 4.77e-10
420960 2.98e-08
420970 7.77e-07
420980 1.344e-05
420990 0.00014356
421000 0.00106302
421010 0.00472436
421020 0.0165825
421030 0.0287852
421040 0.0395604
421050 0.0304239
421060 0.0195681
421070 0.00539288
421080 6.345e-05
421090 3.72e-06
421100 1.02e-07
421110 1.76e-09
421120 4.7886503e-07
421140 9.33e-12
421150 1.1472e-13
421160 0.0
430930 0.0
430950 0.0
430970 5.45e-11
430980 2.56e-09
430990 2.0816e-06
431010 3.148e-05
431020 0.0002828
431030 0.00676656
431050 0.0126904
431060 0.0185138
431070 0.016693
431080 0.00877042
431090 0.0027989
431100 0.00040634
431110 5.443e-05
431120 5.33e-05
431130 1.4177e-06
431140 3.57e-08
431150 1.36529e-09
431160 8.89e-12
431170 1.25878e-13
431180 0.0
440950 0.0
440960 0.0
440970 0.0
440980 5.7e-14
440990 6.22e-12
441000 4.59e-10
441010 1.97e-08
441020 6.73e-07
441030 1.013e-05
441040 0.00011242
441050 0.00430002
441070 0.00777987
441080 0.0125384
441090 0.01467572
441110 0.00250947
441120 0.00092322
441130 0.00012155
441140 1.703e-05
441150 1.24863e-06
441160 7.07e-08
441170 2.21987e-09
441180 5.2e-11
441190 6.92e-13
441200 0.0
441220 0.0
441240 0.0
450990 0.0
451010 3.686e-13
451020 3.56e-11
451030 2.012e-09
451040 6e-08
451050 1.489e-06
451060 2.024e-05
451070 0.00016517
451080 3.144e-05
451090 0.0001152
451100 0.00024976
451110 0.00049395
451120 0.00058108
451130 0.00044748
451140 0.00021757
451150 8.8e-05
451170 1.7e-06
451180 1.16e-07
451190 6.364e-09
451210 3.65e-12
451220 4.01e-14
451230 0.0
451240 0.0
460990 0.0
461010 0.0
461020 3.38e-14
461040 3.84e-12
461050 2.76e-10
461060 3.689e-07
461080 1.08e-10
461090 1.854e-09
461100 3.19e-08
461110 3.42e-07
461120 7.271e-05
461130 0.00024724
461140 0.00053163
461150 0.00054216
461160 0.00034625
461170 0.0001273
461180 3.325e-05
461190 4.88e-06
461200 5.22e-07
461210 3.467e-08
461230 0.0
461240 0.0
461250 0.0
461270 0.0
461280 0.0
461290 1.08846e-12
461300 0.0
471030 0.0
471050 0.0
471060 2.37e-13
471070 2.34e-11
471080 0.0
471090 0.0
471100 0.0
471110 5.74e-14
471120 6.595e-06
471140 4.853e-05
471150 0.00020532
471160 0.0003276
471170 0.00041402
471180 0.00026534
471190 0.00013603
471200 3.933e-05
471210 9.48e-06
471220 1.17e-06
471230 6.55e-11
471240 8.51e-12
471250 1.33e-12
471260 1.13e-13
471270 1.36e-14
471280 0.0
471290 1.29539e-08
471300 2.64e-10
471310 8.660491e-12
481050 0.0
481060 0.0
481070 0.0
481080 0.0
481090 0.0
481100 0.0
481110 0.0
481120 1.13e-10
481130 1.659e-08
481140 7.2e-07
481150 1.043e-05
481160 6.34e-05
481170 0.00020258
481180 0.00091268
481200 0.00047612
481210 0.00028247
481220 0.00013451
481240 3.92e-06
481250 1.44e-06
481260 4.71e-07
481270 1.44e-07
481280 3.48e-08
481290 1.1847e-05
481300 2.1e-06
481310 1.48992e-07
481320 4.50979e-09
481330 3.57921e-11
481340 2.96e-13
481360 0.0
491070 0.0
491090 0.0
491110 0.0
491120 0.0
491130 1.35e-12
491140 2.55e-10
491150 1.928e-08
491160 3.57999e-07
491170 4.542e-06
491180 2.427e-05
491190 9.402e-05
491200 0.0002142201
491210 0.00040088
491220 0.00041076
491230 0.00056927
491240 0.00047419
491250 0.00049796
491260 0.00039978
491270 0.00040198
491280 0.00111348
491300 0.00038103
491310 0.00010459
491320 9.935964e-06
491340 9.22e-09
491350 7.76817e-11
491360 6.72e-13
501110 0.0
501120 0.0
501130 0.0
501140 1.07e-14
501150 2.6717e-10
501170 1.03e-08
501180 2.17e-07
501190 2.084e-05
501210 8.469e-05
501220 0.00028092
501230 0.000349
501240 0.00061948
501250 0.00099216
501260 0.0018766
501270 0.00317693
501280 0.0058688
501290 0.00706142
501300 0.01027802
501310 0.00720284
501320 0.00256582
501330 0.00035569
501340 3.530992e-05
501360 3.74e-08
501370 3.75e-10
501380 4.81e-12
511130 0.0
511150 0.0
511170 7.22e-13
511180 4.51e-11
511190 1.83e-09
511200 4.36e-08
511210 7.186e-06
511230 3.64e-07
511240 1.356e-06
511250 3.156e-05
511270 0.00011634
511280 0.00043833
511290 0.00309152
511300 0.0097247
511310 0.0217525
511320 0.01944152
511330 0.0104657
511340 0.00294256
511350 0.00052056
511360 4.506e-05
511370 1.9e-06
511380 7.28e-08
511390 1.79e-09
511400 2.48068e-11
511410 2.02168e-12
521150 0.0
521170 0.0
521180 0.0
521190 1.3e-13
521200 1.28e-11
521210 6.27e-10
521220 2.11e-08
521230 3.266e-13
521240 3.98e-12
521250 4.19e-11
521260 6.56e-10
521270 7.42e-09
521280 1.1e-07
521290 0.00018427
521300 0.00188191
521310 0.0392962
521330 0.0397264
521340 0.0404264
521350 0.02738058
521370 0.00086515
521380 0.00013215
521390 9.25e-06
521400 5.27975e-07
521410 3.56525e-08
521420 2.92e-10
521430 6.6143e-12
531210 1.58e-14
531220 0.0
531250 0.0
531260 0.0
531270 0.0
531280 0.0
531290 4.05e-07
531300 1.063e-05
531310 0.00020444
531320 0.00160948
531330 0.00798096
531340 0.02052206
531350 0.0366144
531360 0.0331698
531370 0.02035068
531390 0.00153168
531400 0.00023462
531410 2.34243e-05
531430 7.87171e-08
531440 2.28805e-10
531450 8.95892e-12
531460 1.79003e-13
541240 0.0
541250 0.0
541260 0.0
541270 0.0
541280 7.96e-11
541300 7.84e-09
541310 4.24e-07
541320 0.00021419
541340 0.00203181
541350 0.00993513
541360 0.0318123
541370 0.0451055
541380 0.0439665
541390 0.0276775
541400 0.0145003
541410 0.00349337
541420 0.00085174
541430 7.19912e-05
541440 4.86977e-06
541450 1.57991e-07
541460 3.80982e-09
541470 1.97386e-11
541500 0.0
551270 0.0
551290 0.0
551310 2.73e-11
551320 2.66e-09
551330 1.74e-07
551340 0.00012107
551360 0.00105965
551370 0.00532921
551380 0.03741243
551400 0.0290516
551410 0.0223643
551420 0.0134566
551430 0.00421159
551440 0.0007881
551450 0.00010149
551460 6.94e-06
551470 2.30483e-07
551480 7.84e-09
551490 7.88158e-11
551500 1.69e-12
551510 2.29319e-13
561290 0.0
561310 0.0
561320 6.11e-14
561330 1.32e-11
561340 1.88e-09
561350 1.3e-07
561360 5.2e-06
561370 7.445e-05
561380 0.00065629
561390 0.00324607
561400 0.0121968
561410 0.0210017
561420 0.0398549
561430 0.0296213
561440 0.02557417
561460 0.00162429
561470 0.000210789
561480 2.105992e-05
561500 4.45e-08
561510 4.04406e-09
561520 1.99e-11
561530 3.31035e-13
561540 0.0
571330 0.0
571350 4.45e-12
571370 3.49e-08
571380 8.9e-07
571390 1.679e-05
571400 0.00016279
571410 0.00096621
571420 0.00445199
571430 0.0109524
571440 0.016451
571450 0.0180586
571460 0.0108201
571470 0.0048703
571480 0.00118459
571490 0.000298
571500 2.817596e-05
571520 1.12e-07
571530 3.93967e-09
571540 7.607734e-11
571560 2.4196e-14
581350 0.0
581370 1.504e-10
581390 8.04e-09
581400 2.98e-07
581410 8.73e-05
581430 0.00054178
581440 0.00287543
581450 0.00763339
581460 0.0145162
581470 0.0148496
581480 0.0117121
581490 0.0068169
581500 0.00202918
581510 0.00049599
581520 7.778e-05
581530 7.03e-06
581540 4.85e-07
581550 1.89989e-08
581560 5.14976e-10
581570 7.14e-12
581580 9.58e-14
581600 0.0
591390 1.15e-13
591400 1.2e-11
591410 7.49e-10
591420 3.69e-08
591430 9.730001e-07
591440 1.452e-05
591450 0.0001454
591460 0.00069796
591470 0.00673501
591490 0.00760561
591500 0.00507002
591510 0.00530065
591530 0.00042248
591540 7.203e-05
591550 1.025e-05
591560 7.18e-07
591570 3.62e-08
591580 1.29e-09
591590 1.99e-11
591600 2.22e-13
591610 3.92945e-15
601400 0.0
601410 0.0
601420 1.97e-12
601430 1.55e-10
601440 9.51e-09
601450 2.77e-07
601460 5.11e-06
601470 4.685e-05
601480 0.00030558
601490 0.00124812
601500 0.00265375
601510 0.0044326
601520 0.0046959
601530 0.00304739
601540 0.0016174
601550 0.00055215
601560 0.00013044
601570 1.855e-05
601590 8.62e-08
601600 3.52e-09
601610 6.92961e-11
601620 7.15e-13
601630 0.0
601640 0.0
611410 0.0
611430 0.0
611440 1.6334e-11
611460 8.62e-10
611470 3.13e-08
611480 8.89e-06
611500 4.526e-05
611510 0.00025132
611520 0.00059418
611530 0.00115407
611540 0.00129366
611550 0.00133669
611560 0.0006904
611570 0.00027588
611580 8.251e-05
611590 1.203e-05
611600 1.24e-06
611610 8.74e-08
611620 2.35e-09
611630 6.3913e-11
611650 0.0
611660 9.9603e-17
621430 0.0
621440 0.0
621450 0.0
621460 1.7e-14
621470 1.8e-12
621480 1.32e-10
621490 5.2e-09
621500 1.668e-06
621520 1.265e-05
621530 5.863e-05
621540 0.00069716
621560 0.00074641
621570 0.00062942
621580 0.00056095
621590 0.00018601
621600 6.166e-05
621610 1.047e-05
621620 9.74e-07
621630 6.84e-08
621640 3.17e-09
621650 9.53e-11
621660 2.1199e-12
621670 1.8e-14
621680 0.0
621690 9.83024e-19
621700 0.0
631470 0.0
631490 9.73e-14
631510 3.11e-10
631520 6.56001e-09
631530 1.08e-07
631540 9.72e-07
631550 7.89e-06
631560 2.836e-05
631570 7.496e-05
631580 0.00014485
631590 0.00014484
631600 0.00015366
631620 1.091e-05
631630 2.57e-06
631640 3.215e-07
631660 1.74e-09
631670 5.5e-11
631680 4.52e-13
631690 1.1699e-14
631700 0.0
631710 1.2758e-18
641470 0.0
641490 0.0
641510 4.07e-13
641530 1.78e-11
641540 5.83e-10
641550 1.26e-08
641560 1.61e-07
641570 1.05e-06
641580 6.82e-06
641590 1.619e-05
641600 3.502e-05
641610 3.841e-05
641620 2.363e-05
641630 1.217e-05
641640 4.21e-06
641650 1.01e-06
641660 2.064e-07
641680 4.44e-10
641690 2.96e-11
641700 1.1524987e-12
641720 0.0
651510 0.0
651530 0.0
651550 6.18e-13
651560 2.077e-11
651570 8.726e-09
651590 7.06e-08
651600 3.75e-07
651610 1.36e-06
651620 1.9e-06
651630 3.05e-06
651640 2.24e-06
651650 1.58e-06
651660 6.43e-07
651670 1.65e-07
651680 1.11e-08
651690 2.49e-09
651700 2.36e-10
651710 1.67e-11
651720 7.78e-13
661550 0.0
661560 0.0
661570 1.99e-14
661580 1.22e-12
661590 2.83e-11
661600 5.44e-10
661610 5.03e-09
661620 2.45e-08
661630 9.8e-08
661640 2.34e-07
661650 3.693e-07
661660 4.51e-07
661670 2.5e-07
661680 4.96e-08
661690 2.43e-08
661700 7.27e-09
661710 1.22e-09
661720 1.98e-10
671590 0.0
671610 5.864e-13
671620 7.48e-12
671630 1.107e-10
671640 6.7e-10
671650 3.64e-09
671660 1.062e-08
671670 1.93e-08
671680 8.45e-09
671690 1.23e-08
671700 7.76e-09
671710 3.86e-09
671720 1.43e-09
681610 0.0
681620 0.0
681630 1.09e-14
681640 2.43e-13
681650 3.43e-12
681660 3.58e-11
681670 1.682e-10
681680 2.51e-10
681690 8.57e-10
681700 1.7e-09
681710 1.85e-09
681720 2.06e-09
691650 0.0
691660 0.0
691670 4.78e-14
691680 1.85e-13
691690 2.24e-12
691700 1.11e-11
691710 4.03e-11
691720 1.07e-10
701660 0.0
701670 0.0
701680 0.0
701690 0.0
701700 0.0
701710 8.87e-14
701720 8.52e-13
711690 0.0
711710 0.0
711720 0.0
721710 0.0
