230660 3.59683e-18
240660 8.91852e-14
240670 0.0
240680 4.8496e-17
240700 0.0
250660 4.06096e-11
250670 1.58082e-11
250680 3.08969e-12
250690 6.29866e-13
250700 5.25929e-14
250710 0.0
250720 1.8347e-16
260650 3.183134e-09
260670 4.193422e-09
260690 8.51859e-10
260700 2.61042e-10
260710 3.84955e-11
260720 4.5492e-12
260730 1.50979e-13
260740 0.0
260750 3.04832e-16
260760 0.0
270650 0.0
270660 7.610217e-09
270670 2.213427e-08
270680 2.7655e-08
270690 4.363755e-08
270700 3.11376e-08
270710 1.592185e-08
270720 4.884434e-09
270730 6.674545e-10
270750 4.158132e-12
270770 9.83735e-15
280650 0.0
280660 2.142091e-09
280670 1.723168e-08
280680 8.780432e-08
280690 3.305077e-07
280700 7.830798e-07
280710 7.914522e-07
280720 7.135692e-07
280730 2.011691e-07
280740 8.474199e-08
280750 1.270265e-08
280760 2.369753e-09
280770 2.06963e-10
280780 1.16984e-11
280790 3.80271e-13
280800 0.0
280810 0.0
290650 0.0
290660 2.05593e-11
290670 4.88209e-10
290680 7.5286803e-08
290700 2.07597325e-06
290720 3.700029e-06
290730 3.129391e-06
290740 2.743717e-06
290750 1.377592e-06
290760 6.380881e-07
290770 2.062376e-07
290780 3.069836e-08
290790 4.938981e-09
290800 2.66963e-10
290810 1.08985e-11
290820 2.01972e-13
290830 1.05502e-14
300660 3.0696e-14
300670 1.91989e-12
300680 7.26469e-11
300690 2.081145e-09
300700 3.58639e-08
300710 3.1075077e-07
300720 2.650813e-06
300730 5.823697e-06
300740 1.770194e-05
300750 2.074661e-05
300760 2.909744e-05
300770 2.00901e-05
300780 1.373538e-05
300800 7.951464e-07
300810 8.85901e-08
300820 6.529125e-09
300830 2.2196e-10
300840 5.76921e-12
300850 1.52416e-13
300860 0.0
310650 0.0
310670 2.43967e-14
310690 2.53968e-12
310700 1.08999e-10
310710 3.114218e-09
310720 5.203424e-08
310730 3.589065e-07
310740 2.435872e-06
310750 1.060887e-05
310760 3.794158e-05
310770 9.662834e-05
310780 9.791987e-05
310790 0.0001354475
310800 5.782391e-05
310810 2.291706e-05
310820 4.625215e-06
310830 6.11986e-07
310840 4.509396e-08
310850 1.979575e-09
310860 4.561525e-11
320660 0.0
320670 0.0
320680 0.0
320690 0.0
320700 4.00945e-14
320710 3.01958e-12
320720 1.82981e-10
320730 7.5582252e-08
320750 7.93796129e-06
320770 4.3664922e-05
320780 0.0001720418
320790 0.0005256662
320800 0.0007744403
320810 0.0006786267
320820 0.0004584001
320830 0.000144758
320840 3.986149e-05
320850 5.000057e-06
320860 4.529358e-07
320870 2.569525e-08
320880 7.55897e-10
320890 9.85316e-12
320900 1.09778e-12
330690 0.0
330710 0.0
330720 1.4498e-14
330730 9.13875e-13
330740 5.59924e-11
330750 1.869842e-09
330760 4.842296e-08
330770 9.487944e-07
330780 7.795322e-06
330790 8.505804e-05
330800 0.0002748502
330810 0.0008820342
330820 0.0013578228
330830 0.001531861
330840 0.0009467602
330850 0.0004264799
330860 0.0001047508
330870 2.271981e-05
330880 1.929674e-06
330890 1.279725e-07
330900 1.209755e-08
330910 5.22758e-11
330920 2.35487e-12
340720 0.0
340730 0.0
340740 0.0
340750 4.44939e-13
340760 4.25943e-11
340770 2.510684e-09
340780 6.450178e-08
340790 1.6609713e-06
340800 1.777435e-05
340810 0.00012401894
340820 0.0007653569
340830 0.0019104714
340840 0.004138355
340850 0.004185957
340860 0.003714927
340870 0.002108907
340880 0.0005763693
340890 0.0001082608
340900 1.489019e-05
340910 1.099733e-06
340920 5.838939e-08
340930 3.77961e-10
340940 2.45967e-11
340950 2.26959e-12
340960 0.0
350750 0.0
350770 1.836747e-13
350780 1.26983e-11
350790 1.224834e-09
350800 3.3845776e-08
350810 8.341813e-07
350820 1.129924e-05
350830 0.0001020483
350840 0.0005354242
350850 0.002240207
350860 0.004022651
350870 0.006876617
350880 0.005456449
350890 0.003778979
350900 0.001153311
350910 0.0003231886
350920 4.776053e-05
350930 4.907508e-06
350940 2.309647e-07
350950 2.947723e-08
350960 2.26969e-10
350970 5.79786e-12
360770 0.0
360780 0.0
360790 7.24902e-14
360800 7.47898e-12
360810 5.045307e-10
360820 2.639666e-08
360830 6.369814e-07
360840 1.192925e-05
360850 0.0001152472
360860 0.0008178338
360870 0.002374075
360880 0.007986733
360890 0.01210675
360900 0.01370967
360910 0.009189487
360920 0.004204514
360930 0.0012935
360940 0.0002402143
360950 3.073907e-05
360960 2.46917e-06
360970 1.219761e-07
360980 3.84947e-09
360990 3.58039e-11
361000 9.96863e-13
370790 0.0
370810 0.0
370830 1.30982e-10
370840 6.849078e-09
370850 1.139895e-06
370860 4.730952e-06
370870 6.623092e-05
370880 0.0004281803
370890 0.002921909
370900 0.006849601
370910 0.01426228
370920 0.01574779
370930 0.0144085
370940 0.005942854
370950 0.002640474
370960 0.0005854976
370970 0.0001070562
370980 9.261852e-06
370990 4.650004e-07
371000 2.479658e-08
371010 2.21935e-10
371020 9.59692e-12
371030 1.044e-12
380830 0.0
380840 4.3494e-13
380850 4.84934e-11
380860 3.579516e-09
380870 1.3738435e-07
380880 3.390892e-06
380890 5.092863e-05
380900 0.0004684036
380910 0.002931018
380920 0.01140525
380930 0.02198079
380940 0.0295378
380950 0.02921542
380960 0.01774272
380970 0.006115872
380980 0.002265299
380990 0.0004706749
381000 6.704658e-05
381010 4.667103e-06
381020 2.379519e-07
381030 2.196393e-08
381040 8.58883e-11
381050 3.63664e-12
390850 0.0
390870 8.94878e-12
390880 6.44912e-10
390890 3.7465131e-08
390900 9.739186e-07
390910 1.9706432e-05
390920 0.0002036336
390930 0.0015789704
390940 0.007956946
390950 0.01570445
390960 0.024259864
390970 0.02973776
390980 0.0199317
390990 0.01140566
391000 0.003576265
391010 0.001054743
391020 0.0001567277
391030 1.414937e-05
391040 6.518688e-07
391050 4.723235e-08
391060 1.27825e-10
391070 5.67979e-12
391080 6.08881e-14
400870 0.0
400880 1.31982e-14
400890 2.27969e-12
400900 2.34968e-10
400910 1.389818e-08
400920 5.439568e-07
400930 1.148126e-05
400940 0.0001483094
400950 0.0009890565
400960 0.022414362
400980 0.03175045
400990 0.04094414
401000 0.03925715
401010 0.02203988
401020 0.01157307
401030 0.002661117
401040 0.0005357355
401050 4.916362e-05
401060 3.168544e-06
401070 1.194923e-07
401080 1.50973e-09
401090 0.0
401100 0.0
401110 0.0
401120 0.0
410890 0.0
410900 0.0
410910 2.9396e-13
410920 3.28955e-11
410930 2.818618e-09
410940 1.0068688e-07
410950 2.314079e-06
410960 3.379499e-05
410970 0.00031719893
410980 0.001774576
410990 0.0082056425
411000 0.019721122
411010 0.03450213
411020 0.05680598
411040 0.009546118
411050 0.003270699
411060 0.00072222836
411080 3.538582e-06
411090 3.97946e-13
411100 0.0
411110 1.21991e-16
411120 3.3948e-18
411130 0.0
411140 2.04036e-13
420890 0.0
420910 0.0
420920 0.0
420930 7.7427426e-12
420950 4.93932e-10
420960 2.709636e-08
420970 6.82954e-07
420980 1.303221e-05
420990 0.0001323286
421000 0.001158345
421010 0.00699464
421020 0.02073542
421030 0.03634336
421040 0.04531883
421050 0.03125923
421060 0.01707785
421070 0.004328333
421080 0.0009320669
421090 1.609641e-06
421100 9.538678e-08
421110 3.10958e-09
421120 1.020705068e-10
421140 5.059118e-09
421150 2.13782e-12
421160 1.18984e-13
430930 0.0
430950 0.0
430970 4.4394e-11
430980 2.329684e-09
430990 2.00756956e-06
431010 3.71157e-05
431020 0.0003168898
431030 0.010377638
431050 0.01664768
431060 0.02063357
431070 0.01747995
431080 0.007057133
431090 0.001834286
431100 0.0004201461
431110 7.84984e-05
431120 9.394774e-06
431130 1.330159e-06
431140 2.913252e-06
431150 2.77663e-08
431160 1.51979e-09
431170 5.84538e-12
431180 1.4319447e-13
440950 0.0
440960 0.0
440970 0.0
440980 4.50938e-14
440990 4.57938e-12
441000 3.86947e-10
441010 2.039721e-08
441020 6.919517e-07
441030 1.294177e-05
441040 0.000153591
441050 0.0054186815
441070 0.009989355
441080 0.01166417
441090 0.014933639
441110 0.003284286
441120 0.001590624
441130 0.000706785
441140 0.0002330873
441150 2.948196e-05
441160 2.142836e-06
441170 1.229926e-07
441180 3.489405e-09
441190 5.18904e-11
441200 5.25928e-13
441210 9.08338e-15
441220 0.0
441240 0.0
450990 0.0
451010 3.46853e-13
451020 3.37954e-11
451030 2.544654e-09
451040 8.498886e-08
451050 1.8519952e-06
451060 2.205554e-05
451070 0.0001714666
451080 0.000587879
451090 0.000151997
451100 0.0002903926
451110 0.0005354093
451120 0.0005238473
451130 0.0007642193
451140 0.0006231092
451150 0.00044808506
451170 2.096705e-05
451180 1.9563e-06
451190 1.35378016e-07
451210 1.17975e-10
451220 1.57978e-12
451230 1.29983e-14
451240 0.0
460990 0.0
461010 0.0
461020 3.91946e-14
461040 5.23929e-12
461050 3.31955e-10
461060 3.4225881e-07
461080 4.341141e-06
461090 3.79948e-09
461100 3.889486e-08
461110 2.8256658e-07
461120 1.240098e-06
461130 5.468168e-06
461140 0.0002565256
461150 0.0005644401
461160 0.0005664491
461170 0.0004784519
461180 0.0001715926
461190 2.91471e-05
461200 4.093372e-06
461210 3.7733015e-07
461230 5.64923e-10
461240 0.0
461250 0.0
461280 0.0
461290 0.0
461300 0.0
471030 0.0
471050 0.0
471060 2.272686e-13
471070 2.067717e-11
471080 7.54896e-10
471090 0.0
471100 0.0
471110 3.82947e-14
471120 1.8712397e-11
471140 3.406247e-06
471150 3.256038e-05
471160 9.767272e-05
471170 0.0003463524
471180 0.0004056066
471190 0.000324297
471200 0.00010176395
471210 3.713808e-05
471220 6.38555e-06
471230 7.35325e-07
471240 9.40871e-12
471250 9.28874e-13
471260 6.15916e-14
471270 0.0
471280 0.0
471290 7.3744e-17
471300 2.26969e-10
471310 5.51271e-12
481050 0.0
481060 0.0
481070 0.0
481080 1.40981e-14
481090 0.0
481100 0.0
481110 0.0
481120 0.0
481130 0.0
481140 6.479146e-09
481150 2.4429494e-07
481160 3.449225e-06
481170 3.5091527e-05
481180 0.0005066089
481200 0.0005320446
481210 0.0004779802
481220 0.0004299537
481240 4.264171e-06
481250 1.250058e-06
481260 3.440203e-07
481270 9.308699e-08
481280 1.569782e-08
481290 1.879747e-09
481300 1.989397e-06
481310 1.159767e-07
481320 2.989594e-09
481330 2.91746e-11
481340 1.83975e-13
481360 0.0
491070 0.0
491090 0.0
491110 0.0
491120 0.0
491130 0.0
491140 2.717628e-13
491150 5.98918e-11
491160 3.179565e-09
491170 1.5539979e-07
491180 2.0557216e-06
491190 1.5852849e-05
491200 6.211278e-05
491210 0.0002534885
491220 0.0004013292
491230 0.0005042761
491240 0.000567694
491250 0.0005717594
491260 0.0004477994
491270 0.0004131266
491280 0.00035789569
491300 0.0003945348
491310 9.343011e-05
491320 8.0228077e-06
491340 7.219006e-09
491350 5.94042e-11
491360 5.20929e-13
501110 0.0
501120 0.0
501130 0.0
501140 0.0
501150 3.27955e-13
501170 5.98918e-11
501180 3.789506e-09
501190 1.60300083e-06
501210 1.5018756e-05
501220 0.0001035731
501230 0.00031032682
501240 0.0008249974
501250 0.0014176998
501260 0.002429565
501270 0.004674374
501280 0.00796607
501290 0.010561577
501300 0.009965584
501310 0.005667372
501320 0.002015478
501330 0.0003467942
501340 3.1922402e-05
501360 3.199548e-08
501370 4.88933e-10
501380 9.68868e-12
511130 0.0
511150 0.0
511170 0.0
511180 1.542789e-13
511190 1.69977e-11
511200 9.20875e-10
511210 7.8129939e-07
511230 8.73811e-06
511240 1.5120696e-06
511250 4.3794069e-05
511270 0.0002323963
511280 0.0009008858
511290 0.004000671
511300 0.011864342
511310 0.02148481
511320 0.017188278
511330 0.009965428
511340 0.002744415
511350 0.0005098328
511360 4.207514e-05
511370 2.608878e-06
511380 1.479764e-07
511390 2.829613e-09
511400 3.27424e-11
511410 2.67804e-12
521150 0.0
521170 0.0
521180 0.0
521190 0.0
521200 6.21915e-14
521210 8.97878e-12
521220 7.33901e-10
521230 2.6716782e-08
521240 4.3594e-12
521250 7.81894e-11
521260 1.179841e-09
521270 2.2686933e-08
521280 3.939582e-07
521290 5.310394e-06
521300 0.002153241
521310 0.041390843
521330 0.04237704
521340 0.04256207
521350 0.020865266
521370 0.001036826
521380 0.0002428647
521390 1.30139e-05
521400 8.117936e-07
521410 5.634128e-08
521420 4.60937e-10
521430 8.69849e-12
531210 0.0
531220 2.57964e-12
531250 0.0
531260 0.0
531270 0.0
531280 3.46953e-14
531290 2.27969e-12
531300 3.0192991e-05
531310 0.0002026957
531320 0.0018176796
531330 0.014093314
531340 0.02329679
531350 0.03897742
531360 0.02884114
531370 0.027653418
531390 0.001743743
531400 0.0003111607
531410 3.8218057e-05
531430 1.129743e-07
531440 3.65732e-10
531450 1.70134e-11
531460 3.81458e-13
541240 0.0
541250 0.0
541260 0.0
541270 0.0
541280 0.0
541300 1.969741e-08
541310 3.6055731e-07
541320 0.0006466753
541340 0.0025430245
541350 0.016645265
541360 0.03295161
541370 0.03609683
541380 0.03676867
541390 0.02617941
541400 0.01379152
541410 0.003804366
541420 0.0009026493
541430 0.00011750784
541440 9.061643e-06
541450 3.579232e-07
541460 9.458317e-09
541470 2.66406e-11
541500 0.0
551270 0.0
551290 0.0
551310 2.13971e-11
551320 2.599642e-09
551330 2.16974e-07
551340 0.00013228927
551360 0.0012628794
551370 0.01010148
551380 0.037954789
551400 0.02699139
551410 0.02454658
551420 0.01133458
551430 0.004234008
551440 0.001077225
551450 0.0001733899
551460 1.326903e-05
551470 3.269128e-07
551480 2.319681e-08
551490 1.14531e-10
551500 5.57924e-12
551510 3.08269e-13
561290 0.0
561310 0.0
561320 5.33928e-14
561330 1.49979e-11
561340 2.09971e-09
561350 1.2698348e-07
561360 4.730208e-06
561370 5.515246e-05
561380 0.0004937723
561390 0.002686453
561400 0.01174068
561410 0.02099503
561420 0.03095683
561430 0.02745292
561440 0.025210289
561460 0.00214438
561470 0.000339298
561480 4.261777e-05
561500 1.10984e-07
561510 6.485476e-09
561520 4.10944e-11
561530 4.8573e-13
561540 0.0
571330 0.0
571350 3.85947e-12
571370 2.179705e-08
571380 5.389425e-07
571390 9.516483e-06
571400 9.931235e-05
571410 0.0007162787
571420 0.002965814
571430 0.01019041
571440 0.01430887
571450 0.01746447
571460 0.012088426
571470 0.006229394
571480 0.001718783
571490 0.0003868726
571500 5.2913609e-05
571520 1.979749e-07
571530 6.308649e-09
571540 1.0216458e-10
571560 3.1694e-14
581350 0.0
581370 6.7570707e-11
581390 3.255559e-09
581400 5.539249e-08
581410 3.929494e-05
581430 0.0002934587
581440 0.001782098
581450 0.006047432
581460 0.01146037
581470 0.01333709
581480 0.01277571
581490 0.007014497
581500 0.00276586
581510 0.0006150703
581520 0.0001099173
581530 9.589198e-06
581540 5.789539e-07
581550 2.479552e-08
581560 7.85861e-10
581570 1.22983e-11
581580 1.29983e-13
581590 2.89437e-15
581600 0.0
591390 3.28955e-14
591400 3.53952e-12
591410 2.60964e-10
591420 1.1598426e-08
591430 3.549635e-07
591440 5.6715145e-06
591450 6.499946e-05
591460 0.0003735008
591470 0.004919039
591490 0.005598092
591500 0.006093275
591510 0.005951909
591530 0.0005064999
591540 7.787269e-05
591550 1.218106e-05
591560 1.010107e-06
591570 5.809326e-08
591580 1.649775e-09
591590 3.75919e-11
591600 3.26955e-13
591610 4.71432e-15
601400 0.0
601410 0.0
601420 4.01945e-13
601430 3.50952e-11
601440 5.67922e-10
601450 7.539036e-08
601460 1.670091e-06
601470 1.721164e-05
601480 0.0001365252
601490 0.0006307155
601500 0.002155099
601510 0.004010077
601520 0.004742482
601530 0.003353758
601540 0.001808055
601550 0.0006128039
601560 0.000163258
601570 2.536033e-05
601590 1.400087e-07
601600 4.509469e-09
601610 9.91818e-11
601620 2.08971e-12
601630 1.62978e-14
601640 0.0
611410 0.0
611430 0.0
611440 2.6892274e-12
611460 1.73976e-10
611470 7.03905e-09
611480 2.67367402e-06
611500 2.229635e-05
611510 0.0001287351
611520 0.0004177284
611530 0.00101511
611540 0.0011084184
611550 0.001471705
611560 0.000888151
611570 0.0003832599
611580 8.614596e-05
611590 1.737955e-05
611600 1.408142e-06
611610 1.110837e-07
611620 6.219568e-09
611630 1.8859551e-10
611650 5.04931e-14
611660 7.01624e-16
611670 9.88487e-18
621430 0.0
621440 0.0
621450 0.0
621460 0.0
621470 2.25969e-13
621480 1.95974e-11
621490 9.42871e-10
621500 5.6735889e-07
621520 6.09684e-06
621530 3.581227e-05
621540 0.0005109259
621560 0.0007891366
621570 0.000822175
621580 0.0006101303
621590 0.0002828872
621600 7.121331e-05
621610 1.205278e-05
621620 2.1999e-06
621630 1.705717e-07
621640 1.210416e-08
621650 4.49959e-10
621660 1.7397e-11
621670 2.07961e-13
621680 0.0
621690 1.09308e-17
621700 0.0
631470 0.0
631490 1.04986e-14
631510 6.78907e-11
631520 2.179704e-09
631530 4.489421e-08
631540 4.719654e-07
631550 4.495194e-06
631560 2.024016e-05
631570 6.54917e-05
631580 0.0001097852
631590 0.0001707545
631600 0.00017238232
631620 2.526305e-05
631630 6.135301e-06
631640 1.1293643e-06
631660 1.272387e-08
631670 5.55034e-10
631680 8.91886e-12
631690 1.4197e-13
631700 0.0
631710 7.08099e-18
641470 0.0
641490 0.0
641510 8.48884e-14
641530 5.01931e-12
641540 2.01972e-10
641550 5.239296e-09
641560 1.319825e-08
641570 6.911537e-07
641580 3.749704e-06
641590 1.239514e-05
641600 2.378445e-05
641610 3.401369e-05
641620 5.056707e-05
641630 3.061153e-05
641640 1.661377e-05
641650 4.621451e-06
641660 1.4913097e-06
641680 7.253953e-09
641690 3.00285e-10
641700 8.609173e-12
641720 0.0
651510 0.0
651530 0.0
651550 1.84975e-13
651560 8.504836e-12
651570 3.6935e-09
651590 4.029705e-08
651600 1.811194e-07
651610 7.818618e-07
651620 2.3902e-06
651630 4.811741e-06
651640 6.146577e-06
651650 6.636905e-06
651660 5.027504e-06
651670 1.568811e-06
651680 1.738248e-07
651690 2.282517e-08
651700 1.5424e-09
651710 9.56149e-11
651720 2.82088e-12
661550 0.0
661560 0.0
661570 0.0
661580 3.56952e-13
661590 1.11985e-11
661600 1.83975e-10
661610 2.769684e-09
661620 2.230242e-08
661630 1.062183e-07
661640 4.155951e-07
661650 8.910254e-07
661660 2.392927e-06
661670 1.982547e-06
661680 8.361482e-07
661690 2.635993e-07
661700 6.291927e-08
661710 7.034211e-09
661720 6.17034e-10
671590 0.0
671610 2.294682e-13
671620 4.93933e-12
671630 8.87879e-11
671640 8.84899e-10
671650 6.353167e-09
671660 3.4478999e-08
671670 8.397253e-08
671680 7.875357e-08
671690 8.503986e-08
671700 4.26581e-08
671710 2.466321e-08
671720 5.077261e-09
681610 0.0
681620 0.0
681630 0.0
681640 2.1997e-13
681650 4.19943e-12
681660 8.27897e-11
681670 5.05603e-10
681680 1.572396e-09
681690 3.584916e-09
681700 6.011722e-09
681710 6.821511e-09
681720 5.824317e-09
691650 0.0
691660 0.0
691670 1.00986e-13
691680 8.27887e-13
691690 6.73924e-12
691700 2.64096e-11
691710 9.07735e-11
691720 1.48412e-10
701660 0.0
701670 0.0
701680 0.0
701690 0.0
701700 1.52979e-14
701710 1.37982e-13
701720 7.89994e-13
711690 0.0
711710 0.0
711720 0.0
721710 0.0
