240660 0.0
240670 0.0
240680 1.90141e-18
240700 0.0
250660 3.68995e-12
250670 7.57991e-13
250680 1.57998e-13
250690 2.66978e-14
250700 0.0
250710 0.0
250720 9.07935e-18
260650 3.62996e-10
260670 3.16996e-10
260690 5.86993e-11
260700 1.83998e-11
260710 1.82998e-12
260720 2.27988e-13
260730 0.0
260740 0.0
260760 0.0
270660 1.14999e-09
270670 1.85998e-09
270680 3.07996e-09
270690 4.65994e-09
270700 3.60996e-09
270710 1.28998e-09
270720 4.12995e-10
270730 7.525911e-11
270750 5.714927e-13
270770 1.65807e-15
280660 6.77992e-10
280670 2.28997e-09
280680 1.12999e-08
280690 3.66995e-08
280700 9.269889e-08
280710 7.489909e-08
280720 8.499899e-08
280730 3.48996e-08
280740 1.34998e-08
280750 2.63997e-09
280760 3.93995e-10
280770 3.44979e-11
280780 2.37997e-12
280790 8.04716e-14
280800 0.0
280810 0.0
290660 1.37998e-11
290670 1.55998e-10
290680 1.8256784e-08
290700 2.996959e-07
290720 5.22994e-07
290730 7.109909e-07
290740 6.29992e-07
290750 4.41995e-07
290760 1.65998e-07
290770 5.42993e-08
290780 9.789879e-09
290790 1.12991e-09
290800 7.22991e-11
290810 2.79997e-12
290820 3.35996e-14
300660 3.49996e-14
300670 9.93988e-13
300680 3.64996e-11
300690 8.64989e-10
300700 1.49998e-08
300710 7.6999e-08
300720 5.81993e-07
300730 1.64998e-06
300740 4.41995e-06
300750 6.83992e-06
300760 8.619889e-06
300770 6.75992e-06
300780 5.68993e-06
300800 3.29996e-07
300810 3.54996e-08
300820 1.74998e-09
300830 4.90994e-11
300840 1.02999e-12
300850 2.03671e-14
300860 0.0
310650 0.0
310670 2.02997e-14
310690 1.78998e-12
310700 7.7699e-11
310710 1.35998e-09
310720 2.38998e-08
310730 2.20997e-07
310740 1.239984e-06
310750 5.82993e-06
310760 1.53998e-05
310770 3.78495e-05
310780 5.51193e-05
310790 5.49293e-05
310800 3.62596e-05
310810 1.51098e-05
310820 2.01998e-06
310830 2.28997e-07
310840 1.34998e-08
310850 2.85976e-10
310860 1.2248779e-11
320660 0.0
320670 0.0
320680 0.0
320690 0.0
320700 4.54994e-14
320710 1.999976e-12
320720 1.28998e-10
320730 5.8961263e-08
320750 5.72573299e-06
320770 2.668966e-05
320780 0.000118169
320790 0.000297606
320800 0.000548873
320810 0.000551163
320820 0.000271017
320830 8.038899e-05
320840 1.85498e-05
320850 1.07999e-06
320860 1.74998e-07
320870 9.339439e-09
320880 2.71997e-10
320890 3.24023e-12
320900 8.46768e-13
330690 0.0
330710 0.0
330720 1.64998e-14
330730 1.42998e-12
330740 6.75991e-11
330750 2.67997e-09
330760 5.52993e-08
330770 9.889878e-07
330780 9.879879e-06
330790 8.014899e-05
330800 0.000319446
330810 0.00102579
330820 0.001135126
330830 0.00115311
330840 0.000656812
330850 0.000143168
330860 6.00293e-05
330870 1.26698e-05
330880 1.01999e-06
330890 4.54962e-08
330900 9.851389e-09
330920 8.99971e-13
340720 0.0
340730 0.0
340740 0.0
340750 9.05989e-13
340760 7.05991e-11
340770 2.987965e-09
340780 1.16999e-07
340790 2.286976e-06
340800 3.24496e-05
340810 0.0002430066
340820 0.0008760589
340830 0.001560645
340840 0.00327305
340850 0.00405843
340860 0.00293401
340870 0.00136847
340880 0.000420275
340890 5.03494e-05
340900 1.215e-05
340910 0.0
340920 2.25988e-08
340930 4.69299e-09
340940 2.27997e-09
340950 7.76306e-13
340960 4.75994e-14
350750 0.0
350770 3.297961e-13
350780 3.36996e-11
350790 2.478973e-09
350800 1.466985e-08
350810 2.66997e-06
350820 1.2839839e-05
350830 0.000170608
350840 0.000758341
350850 0.00148077
350860 0.00378196
350870 0.00553107
350880 0.00465591
350890 0.0034379
350900 0.00213426
350910 0.000198368
350920 2.46397e-05
350930 6.58945e-05
350940 2.71097e-05
350950 1.09001e-08
350960 6.19992e-09
350970 7.72322e-10
360770 0.0
360780 0.0
360790 1.949976e-13
360800 3.01996e-11
360810 2.367966e-09
360820 4.48994e-08
360830 1.529976e-06
360840 2.60797e-05
360850 0.0001238187
360860 0.0007053609
360870 0.00284174
360880 0.007470839
360890 0.0110025
360900 0.0109691
360910 0.006969039
360920 0.00308676
360930 0.000636952
360940 0.000215297
360950 1.1139e-05
360960 8.156899e-05
360970 1.6069e-05
360980 2.23997e-09
360990 2.61138e-11
361000 6.51992e-13
370790 0.0
370810 6.83992e-14
370830 5.00994e-10
370840 3.85995e-10
370850 4.23995e-07
370860 1.8299778e-06
370870 0.000146618
370880 0.000573103
370890 0.00254907
370900 0.00744917
370910 0.013834
370920 0.0160755
370930 0.0135547
370940 0.007041229
370950 0.00432239
370960 0.000390765
370970 5.35493e-05
370980 6.77992e-06
370990 3.66665e-07
371000 2.05997e-08
371010 1.38893e-10
371020 3.19768e-12
371030 7.04261e-13
380830 1.15999e-14
380840 2.22997e-12
380850 1.129986e-10
380860 1.00999e-08
380870 3.036963e-07
380880 6.78992e-06
380890 0.000151038
380900 0.0009689979
380910 0.00386086
380920 0.0102437
380930 0.0214412
380940 0.0292493
380950 0.0261195
380960 0.0182196
380970 0.007867079
380980 0.00327313
380990 0.000374699
381000 6.75992e-05
381010 2.88983e-06
381020 8.029579e-08
381030 1.46529e-08
381040 9.43988e-11
381050 4.46149e-12
390850 0.0
390870 2.87996e-11
390880 1.78998e-09
390890 8.579889e-08
390900 1.9299758e-06
390910 2.47996e-05
390920 0.000450784
390930 0.0017405378
390940 0.00675083
390950 0.0167778
390960 0.02486277
390970 0.0295602
390980 0.023745
390990 0.0144413
391000 0.00344735
391010 0.0008402099
391020 6.11992e-05
391030 1.01052e-05
391040 7.339909e-07
391050 6.26441e-08
391060 7.28738e-11
391070 6.80809e-12
391080 1.81189e-13
400870 0.0
400880 4.85994e-14
400890 6.56992e-12
400900 6.00992e-10
400910 3.68995e-08
400920 9.439879e-07
400930 1.68598e-05
400940 0.000301416
400950 0.00125485
400960 0.02121608
400980 0.0292201
400990 0.0376316
401000 0.0478314
401010 0.0232859
401020 0.0121781
401030 0.00223469
401040 0.000610172
401050 6.40166e-05
401060 1.8299e-06
401070 1.4165e-07
401080 4.54976e-09
401090 0.0
401100 0.0
401110 0.0
401120 0.0
410890 0.0
410900 0.0
410910 8.1799e-13
410920 7.19991e-11
410930 5.208938e-09
410940 1.6219799e-07
410950 6.96991e-06
410960 3.60396e-05
410970 0.00080326
410980 0.001779415
410990 0.0095641699
411000 0.015006078
411010 0.0345572
411020 0.0578077
411040 0.01163356
411050 0.00494217
411060 0.00044625309
411080 9.319889e-06
411090 1.77998e-11
411100 0.0
411110 1.03773e-16
411120 2.02215e-18
411130 0.0
411140 2.1663e-13
420890 0.0
420910 0.0
420920 0.0
420930 1.42137986e-11
420950 9.33988e-10
420960 4.50994e-08
420970 1.03999e-06
420980 1.95498e-05
420990 0.000375065
421000 0.00141949
421010 0.00138035
421020 0.0175634
421030 0.0381295
421040 0.0429314
421050 0.0351422
421060 0.0216549
421070 0.00586016
421080 0.00214955
421090 5.91593e-05
421100 8.319899e-08
421110 2.52997e-09
421120 5.95471332e-11
421140 5.43972e-09
421150 1.25532e-12
421160 1.15999e-13
430930 0.0
430950 0.0
430970 8.2199e-11
430980 4.16995e-09
430990 3.2180587e-06
431010 0.000124388
431020 0.000673152
431030 0.00795441
431050 0.0159421
431060 0.0182544
431070 0.018206
431080 0.00626042
431090 0.00403766
431100 0.000401665
431110 6.69992e-05
431120 6.08992e-06
431130 7.869899e-07
431140 2.64997e-06
431150 1.7626e-08
431160 1.45998e-09
431170 4.11393e-12
431180 9.029716e-14
440950 0.0
440960 0.0
440970 0.0
440980 9.13989e-14
440990 8.60989e-12
441000 7.06991e-10
441010 2.42997e-08
441020 7.649909e-07
441030 1.26498e-05
441040 0.000244067
441050 0.003695234
441070 0.008374509
441080 0.0128169
441090 0.01570168
441110 0.00244934
441120 0.0009211389
441130 0.000376825
441140 0.000158088
441150 1.80122e-05
441160 1.94998e-06
441170 8.559479e-08
441180 2.22988e-09
441190 3.10981e-11
441200 3.32996e-13
441210 6.47334e-15
441220 0.0
441240 0.0
450990 0.0
451010 4.714939e-13
451020 4.05994e-11
451030 2.562966e-09
451040 7.02992e-08
451050 1.586977e-06
451060 4.43994e-06
451070 0.0007614909
451080 0.000396516
451090 0.000724712
451100 0.000308716
451110 0.000443325
451120 0.000356896
451130 0.000435275
451140 0.000319736
451150 0.0002458872
451170 1.43198e-05
451180 1.25998e-06
451190 8.444896e-08
451210 9.08924e-11
451220 1.30998e-12
451230 0.0
451240 0.0
460990 0.0
461010 0.0
461020 3.63996e-14
461040 3.97995e-12
461050 2.41997e-10
461060 2.04247089e-07
461080 2.87996e-06
461090 4.01995e-09
461100 4.42995e-08
461110 2.3239699e-07
461120 9.469879e-07
461130 3.73995e-06
461140 0.000120549
461150 0.000215007
461160 0.000358506
461170 0.000221507
461180 8.627889e-05
461190 1.65398e-05
461200 2.42997e-06
461210 2.631968e-07
461230 3.61996e-10
461240 0.0
461250 0.0
461280 0.0
461290 0.0
461300 0.0
471030 0.0
471050 0.0
471060 1.150986e-13
471070 9.69988e-12
471080 4.15994e-10
471090 0.0
471100 0.0
471110 3.26996e-14
471120 1.4495873e-11
471140 1.49998e-06
471150 1.4299818e-05
471160 7.6439e-05
471170 0.00018895758
471180 0.00019753758
471190 0.000143668
471200 5.67992e-05
471210 2.38797e-05
471220 4.64994e-06
471230 4.75994e-07
471240 6.15992e-12
471250 4.97994e-13
471260 3.86995e-14
471270 0.0
471280 0.0
471290 4.67593e-17
471300 1.69998e-10
471310 4.4936e-12
481050 0.0
481060 0.0
481070 0.0
481080 0.0
481090 0.0
481100 0.0
481110 0.0
481120 0.0
481130 0.0
481140 2.21997e-09
481150 8.82989e-08
481160 2.55997e-06
481170 1.963974e-05
481180 0.00019223768
481200 0.000213767
481210 0.000225248
481220 0.0002192674
481240 2.73997e-06
481250 6.949909e-07
481260 2.29997e-07
481270 8.869889e-08
481280 3.95995e-08
481290 1.13999e-09
481300 1.54998e-06
481310 9.349439e-08
481320 5.67993e-09
481330 2.71325e-11
481340 2.13997e-13
481360 0.0
491070 0.0
491090 0.0
491110 0.0
491120 0.0
491130 0.0
491140 7.42991e-14
491150 1.739976e-11
491160 2.219973e-09
491170 8.669889e-08
491180 7.6899058e-07
491190 8.939889e-06
491200 3.21195e-05
491210 0.00012108849
491220 0.00021991737
491230 0.0002399974
491240 0.000347016
491250 0.000341416
491260 0.000294016
491270 0.000480094
491280 0.0007943308
491300 0.000332286
491310 8.3469e-05
491320 1.6110768e-05
491340 8.949889e-09
491350 6.87256e-11
491360 2.81997e-13
501110 0.0
501120 0.0
501130 0.0
501140 0.0
501150 2.05997e-13
501170 2.92996e-11
501180 1.31998e-09
501190 7.757903e-07
501210 7.5999e-06
501220 5.26494e-05
501230 0.0001461385
501240 0.000436415
501250 0.00076788
501260 0.00169025
501270 0.00430767
501280 0.00545186
501290 0.009796849
501300 0.0093954
501310 0.00607666
501320 0.00484184
501330 0.000342956
501340 3.984941e-05
501360 1.92998e-08
501370 4.34995e-10
501380 3.78995e-12
511130 0.0
511150 0.0
511170 0.0
511180 5.16993e-14
511190 8.82989e-12
511200 4.17995e-10
511210 3.9671497e-07
511230 4.59994e-06
511240 9.99987e-07
511250 4.371952e-05
511270 0.000276197
511280 0.001195345
511290 0.00380592
511300 0.011791
511310 0.0189734
511320 0.02400289
511330 0.0117363
511340 0.00398936
511350 0.000666332
511360 2.92296e-05
511370 2.74997e-06
511380 6.50992e-08
511390 1.73998e-09
511400 5.61486e-11
511410 4.89851e-12
521150 0.0
521170 0.0
521180 0.0
521190 0.0
521200 2.51997e-14
521210 3.67996e-12
521220 3.40996e-10
521230 1.2559839e-08
521240 2.82997e-12
521250 6.20992e-11
521260 1.35998e-09
521270 2.5359709e-08
521280 4.25995e-07
521290 6.74992e-06
521300 0.00205135
521310 0.035736339
521330 0.0465697
521340 0.043973
521350 0.02699137
521370 0.00129313
521380 0.000117059
521390 8.129899e-06
521400 1.40993e-06
521410 1.01919e-07
521420 5.66993e-09
521430 8.19821e-12
521440 5.17392e-13
531210 0.0
531220 1.15999e-12
531250 0.0
531260 0.0
531270 0.0
531280 9.179889e-07
531290 3.84995e-12
531300 4.69094e-05
531310 0.000229337
531320 0.00265794
531330 0.01107482
531340 0.0262009
531350 0.0428742
531360 0.0289166
531370 0.0357118
531390 0.00318796
531400 0.000594483
531410 9.501689e-05
531430 1.15111e-07
531440 6.0194e-09
531450 2.725e-11
531460 6.09272e-13
541240 0.0
541250 0.0
541260 0.0
541270 0.0
541280 1.92998e-11
541300 2.93996e-08
541310 4.22994e-07
541320 0.00044772459
541340 0.0024472909
541350 0.010664109
541360 0.0347916
541370 0.0368389
541380 0.0392568
541390 0.0279192
541400 0.0154047
541410 0.00473384
541420 0.00140974
541430 0.0001176334
541440 7.423889e-06
541450 5.66966e-07
541460 1.52992e-08
541470 2.5468789e-11
541500 0.0
551270 0.0
551290 0.0
551310 2.61997e-11
551320 2.97996e-09
551330 2.03997e-07
551340 0.00013273832
551360 0.000974348
551370 0.00597316
551380 0.032252
551400 0.0227658
551410 0.028671
551420 0.0139661
551430 0.00679798
551440 0.00157665
551450 0.000279727
551460 2.12697e-05
551470 3.44845e-07
551480 1.50998e-08
551490 1.0429e-10
551500 6.33992e-12
551510 3.33341e-13
561290 0.0
561310 0.0
561320 5.93993e-14
561330 1.25998e-11
561340 2.01998e-09
561350 1.219984e-07
561360 4.93994e-06
561370 6.37092e-05
561380 0.000525854
561390 0.00226309
561400 0.0148015
561410 0.0182787
561420 0.0307694
561430 0.0288622
561440 0.029594039
561460 0.00237585
561470 0.000352401
561480 2.859957e-05
561500 1.19999e-07
561510 6.935539e-09
561520 5.35993e-11
561530 6.0603e-13
561540 0.0
571330 0.0
571350 3.85995e-12
571370 2.81997e-08
571380 6.15992e-07
571390 1.02899e-05
571400 0.000101969
571410 0.0007213009
571420 0.00299311
571430 0.008151499
571440 0.0130925
571450 0.0169683
571460 0.01161346
571470 0.00610574
571480 0.00117054
571490 0.000363336
571500 5.690241e-05
571520 2.40997e-07
571530 8.509289e-09
571540 1.8366087e-10
571560 4.89807e-14
581350 0.0
581370 7.7987989e-11
581390 3.379958e-09
581400 1.30998e-07
581410 3.795957e-05
581430 0.000266577
581440 0.00116408
581450 0.00456238
581460 0.0103779
581470 0.0121637
581480 0.008903609
581490 0.00561998
581500 0.00277992
581510 0.000631402
581520 0.000118079
581530 1.06099e-05
581540 8.569889e-07
581550 3.45979e-08
581560 1.22994e-09
581570 1.78998e-11
581580 1.85998e-13
581590 2.94113e-15
581600 0.0
591390 3.54996e-14
591400 3.76995e-12
591410 2.52997e-10
591420 1.089986e-08
591430 3.35996e-07
591440 3.655955e-06
591450 5.77693e-05
591460 0.000194718
591470 0.00757063
591490 0.00568293
591500 0.00509399
591510 0.0053257
591530 0.000493114
591540 9.699879e-05
591550 1.42898e-05
591560 1.29998e-06
591570 7.189909e-08
591580 1.95998e-09
591590 4.12965e-11
591600 4.75994e-13
591610 5.43077e-15
591620 6.9688e-17
601400 0.0
601410 0.0
601420 3.45996e-13
601430 2.90996e-11
601440 1.36998e-09
601450 5.92993e-08
601460 8.109899e-07
601470 1.58698e-05
601480 0.000137298
601490 0.000498264
601500 0.00173704
601510 0.00291902
601520 0.00370116
601530 0.00240447
601540 0.00150719
601550 0.000507194
601560 0.000160118
601570 2.400967e-05
601590 1.18999e-07
601600 5.05994e-09
601610 1.12993e-10
601620 1.74991e-12
601630 1.30998e-14
601640 0.0
611410 0.0
611430 0.0
611440 2.0111799e-12
611460 7.8899e-11
611470 6.48992e-09
611480 2.4875692e-06
611500 1.14999e-05
611510 0.000107699
611520 0.000334476
611530 0.000683162
611540 0.000898748
611550 0.0009210289
611560 0.000621342
611570 0.000274087
611580 6.38692e-05
611590 1.22098e-05
611600 1.25998e-06
611610 1.03999e-07
611620 4.15995e-09
611630 1.2071898e-10
611650 2.21997e-14
611660 1.73225e-16
611670 1.66287e-18
621430 0.0
621440 0.0
621450 0.0
621460 0.0
621470 1.82998e-13
621480 1.89998e-11
621490 8.1899e-10
621500 4.103947e-07
621520 4.29995e-06
621530 2.11497e-05
621540 0.00030650579
621560 0.000445585
621570 0.000410655
621580 0.000292996
621590 0.000121239
621600 3.99195e-05
621610 7.799899e-06
621620 1.10999e-06
621630 7.949899e-08
621640 4.16995e-09
621650 1.39998e-10
621660 4.34977e-12
621670 3.45979e-14
621680 0.0
621690 1.61655e-18
621700 0.0
631470 0.0
631490 0.0
631510 4.54994e-11
631520 1.357983e-09
631530 2.50997e-08
631540 2.79996e-07
631550 1.92998e-06
631560 1.17799e-05
631570 3.45796e-05
631580 5.37993e-05
631590 6.84192e-05
631600 7.35691e-05
631620 8.629889e-06
631630 2.06997e-06
631640 2.823966e-07
631660 2.38997e-09
631670 6.92991e-11
631680 1.22998e-12
631690 2.26981e-14
631700 0.0
631710 1.15344e-18
641470 0.0
641490 0.0
641510 4.42995e-14
641530 2.16997e-12
641540 9.25989e-11
641550 1.65998e-09
641560 3.93995e-08
641570 2.89996e-07
641580 1.51998e-06
641590 4.52994e-06
641600 9.669879e-06
641610 1.25498e-05
641620 1.19399e-05
641630 5.98993e-06
641640 2.21997e-06
641650 5.95993e-07
641660 1.697979e-07
641680 6.98991e-10
641690 3.28996e-11
641700 8.329886e-13
641720 0.0
651510 0.0
651530 0.0
651550 4.64994e-14
651560 2.921966e-12
651570 1.191686e-09
651590 1.27998e-08
651600 6.27992e-08
651610 2.84996e-07
651620 6.23992e-07
651630 1.00999e-06
651640 7.749899e-07
651650 6.32992e-07
651660 3.54996e-07
651670 7.449909e-08
651680 1.08999e-08
651690 1.75998e-09
651700 1.02999e-10
651710 1.11999e-11
651720 4.06995e-13
661550 0.0
661560 0.0
661570 0.0
661580 8.53989e-14
661590 2.58997e-12
661600 4.67994e-11
661610 5.52993e-10
661620 4.38995e-09
661630 1.73998e-08
661640 4.47994e-08
661650 8.319899e-08
661660 1.47998e-07
661670 6.37992e-08
661680 2.82997e-08
661690 9.709879e-09
661700 1.76998e-09
661710 4.42995e-10
661720 5.61993e-11
671590 0.0
671610 3.06996e-14
671620 7.36991e-13
671630 1.100986e-11
671640 7.03991e-11
671650 4.75994e-10
671660 1.883973e-09
671670 2.92996e-09
671680 2.90996e-09
671690 3.11996e-09
671700 1.165986e-09
671710 8.86989e-10
671720 2.40997e-10
681610 0.0
681620 0.0
681630 0.0
681640 1.19999e-14
681650 2.10997e-13
681660 3.13996e-12
681670 1.206988e-11
681680 4.31995e-11
681690 1.10999e-10
681700 1.34998e-10
681710 2.26997e-10
681720 1.90998e-10
691650 0.0
691660 0.0
691670 0.0
691680 1.57998e-14
691690 1.51998e-13
691700 4.52994e-13
691710 2.70997e-12
691720 5.39993e-12
701660 0.0
701670 0.0
701680 0.0
701690 0.0
701700 0.0
701710 0.0
701720 1.93998e-14
711690 0.0
711710 0.0
711720 0.0
721710 0.0
