230660 3.59707e-18
240660 8.91902e-14
240670 0.0
240680 4.84993e-17
240700 0.0
250660 4.03952e-11
250670 1.57989e-11
250680 3.08979e-12
250690 6.29908e-13
250700 5.25964e-14
250710 0.0
250720 1.83483e-16
260650 2.352303e-09
260670 3.940211e-09
260690 8.49926e-10
260700 2.60981e-10
260710 3.84973e-11
260720 4.54951e-12
260730 1.50989e-13
260740 0.0
260750 3.04852e-16
260760 0.0
270650 0.0
270660 4.521675e-09
270670 1.412533e-08
270680 2.227129e-08
270690 3.936544e-08
270700 3.009439e-08
270710 1.579913e-08
270720 4.879648e-09
270730 6.67454e-10
270750 4.158416e-12
270770 9.83801e-15
280650 0.0
280660 1.705926e-09
280670 1.171729e-08
280680 5.493035e-08
280690 2.090811e-07
280700 4.969931e-07
280710 6.123608e-07
280720 6.39712e-07
280730 1.969388e-07
280740 8.449058e-08
280750 1.269914e-08
280760 2.369837e-09
280770 2.06976e-10
280780 1.16992e-11
280790 3.80296e-13
280800 0.0
280810 0.0
290650 0.0
290660 2.0498e-11
290670 4.78998e-10
290680 6.5170546e-08
290700 1.41619656e-06
290720 2.536021e-06
290730 2.462327e-06
290740 2.516718e-06
290750 1.329836e-06
290760 6.329177e-07
290770 2.059832e-07
290780 3.069789e-08
290790 4.939274e-09
290800 2.66981e-10
290810 1.08992e-11
290820 2.01986e-13
290830 1.0551e-14
300660 3.06979e-14
300670 1.91987e-12
300680 7.25947e-11
300690 2.072793e-09
300700 3.449297e-08
300710 2.8324324e-07
300720 1.957622e-06
300730 4.029631e-06
300740 1.227559e-05
300750 1.48442e-05
300760 2.261045e-05
300770 1.82646e-05
300780 1.3496522e-05
300800 7.949344e-07
300810 8.859371e-08
300820 6.529552e-09
300830 2.21975e-10
300840 5.7696e-12
300850 1.52426e-13
300860 0.0
310650 0.0
310670 2.43983e-14
310690 2.53983e-12
310700 1.08992e-10
310710 3.109801e-09
310720 5.179554e-08
310730 3.458302e-07
310740 2.338534e-06
310750 8.618215e-06
310760 2.79788e-05
310770 6.975445e-05
310780 8.155191e-05
310790 0.0001165753
310800 5.639994e-05
310810 2.275277e-05
310820 4.619407e-06
310830 6.119534e-07
310840 4.509687e-08
310850 1.979708e-09
310860 4.561834e-11
320660 0.0
320670 0.0
320680 0.0
320690 0.0
320700 4.00972e-14
320710 3.01978e-12
320720 1.82988e-10
320730 7.5400272e-08
320750 7.35796641e-06
320770 3.7522317e-05
320780 0.0001299666
320790 0.000407831
320800 0.0006010927
320810 0.0005703575
320820 0.0004068512
320830 0.0001425257
320840 3.973835e-05
320850 4.999424e-06
320860 4.529661e-07
320870 2.569697e-08
320880 7.55948e-10
320890 9.85382e-12
320900 1.09785e-12
330690 0.0
330710 0.0
330720 1.4499e-14
330730 9.13937e-13
330740 5.59961e-11
330750 1.869874e-09
330760 4.839642e-08
330770 9.43911e-07
330780 7.648949e-06
330790 7.66014e-05
330800 0.0002446537
330810 0.0007040397
330820 0.0011382768
330830 0.001296936
330840 0.0009048393
330850 0.000416682
330860 0.0001045415
330870 2.269501e-05
330880 1.929829e-06
330890 1.279812e-07
330900 1.209838e-08
330910 5.22793e-11
330920 2.35503e-12
340720 0.0
340730 0.0
340740 0.0
340750 4.44969e-13
340760 4.25971e-11
340770 2.510825e-09
340780 6.449556e-08
340790 1.657892e-06
340800 1.761032e-05
340810 0.00011966096
340820 0.0006234908
340830 0.0016041129
340840 0.003420592
340850 0.003690308
340860 0.0032426
340870 0.001778712
340880 0.0005765955
340890 0.0001079191
340900 1.489468e-05
340910 1.099862e-06
340920 5.839355e-08
340930 3.77987e-10
340940 2.45983e-11
340950 2.26974e-12
340960 0.0
350750 0.0
350770 1.836873e-13
350780 1.26991e-11
350790 1.224915e-09
350800 3.3847637e-08
350810 8.339488e-07
350820 1.1269707e-05
350830 0.0001001105
350840 0.0005120733
350850 0.001883792
350860 0.003567032
350870 0.006225024
350880 0.004816805
350890 0.003165227
350900 0.001145588
350910 0.0003258032
350920 4.785771e-05
350930 4.909059e-06
350940 2.309835e-07
350950 2.947927e-08
350960 2.26984e-10
350970 5.79825e-12
360770 0.0
360780 0.0
360790 7.2495e-14
360800 7.47948e-12
360810 5.045648e-10
360820 2.639815e-08
360830 6.369593e-07
360840 1.19034e-05
360850 0.00011408285
360860 0.0007604535
360870 0.002184689
360880 0.007349929
360890 0.01135727
360900 0.01317953
360910 0.009174365
360920 0.004707207
360930 0.001345144
360940 0.00024235
360950 3.079161e-05
360960 2.469761e-06
360970 1.219855e-07
360980 3.849732e-09
360990 3.58064e-11
361000 9.96931e-13
370790 0.0
370810 0.0
370830 1.30991e-10
370840 6.849529e-09
370850 1.139922e-06
370860 4.72983e-06
370870 6.5433e-05
370880 0.0004152155
370890 0.00270228
370900 0.0058772933
370910 0.01307439
370920 0.01533198
370930 0.01440575
370940 0.006304735
370950 0.002869838
370960 0.00060122
370970 0.0001076606
370980 9.26848e-06
370990 4.650499e-07
371000 2.479831e-08
371010 2.2195e-10
371020 9.59757e-12
371030 1.04407e-12
380830 0.0
380840 4.3497e-13
380850 4.84966e-11
380860 3.579755e-09
380870 1.373907e-07
380880 3.389924e-06
380890 5.055096e-05
380900 0.0004544159
380910 0.002572414
380920 0.009796763
380930 0.02047946
380940 0.02862311
380950 0.02952898
380960 0.01951897
380970 0.008109179
380980 0.002579959
380990 0.0004845942
381000 6.734164e-05
381010 4.669142e-06
381020 2.379728e-07
381030 2.196546e-08
381040 8.58941e-11
381050 3.63688e-12
390850 0.0
390870 8.94938e-12
390880 6.44956e-10
390890 3.7467473e-08
390900 9.739384e-07
390910 1.9691334e-05
390920 0.0002010935
390930 0.0015152328
390940 0.00734767
390950 0.01439503
390960 0.023094463
390970 0.02932423
390980 0.02086869
390990 0.01262745
391000 0.004269323
391010 0.001120886
391020 0.000158241
391030 1.416464e-05
391040 6.51949e-07
391050 4.723573e-08
391060 1.27833e-10
391070 5.68018e-12
391080 6.08922e-14
400870 0.0
400880 1.31991e-14
400890 2.27984e-12
400900 2.34984e-10
400910 1.389908e-08
400920 5.439664e-07
400930 1.147093e-05
400940 0.0001467252
400950 0.0009416287
400960 0.019909677
400980 0.03112226
400990 0.04212997
401000 0.04294003
401010 0.02629146
401020 0.0130063
401030 0.003132641
401040 0.0005541554
401050 4.932126e-05
401060 3.16952e-06
401070 1.195016e-07
401080 1.509832e-09
401090 0.0
401100 0.0
401110 0.0
401120 0.0
410890 0.0
410900 0.0
410910 2.9398e-13
410920 3.28977e-11
410930 2.818806e-09
410940 1.006931e-07
410950 2.3139156e-06
410960 3.37215e-05
410970 0.00031320264
410980 0.0017024702
410990 0.007213462
411000 0.016974548
411010 0.03318527
411020 0.06310184
411040 0.011888676
411050 0.003809737
411060 0.00074420923
411080 3.539597e-06
411090 3.97972e-13
411100 0.0
411110 1.22e-16
411120 3.39502e-18
411130 0.0
411140 2.04049e-13
420890 0.0
420910 0.0
420920 0.0
420930 7.7432562e-12
420950 4.93966e-10
420960 2.709811e-08
420970 6.829601e-07
420980 1.302173e-05
420990 0.0001314187
421000 0.00110075
421010 0.005920652
421020 0.01873857
421030 0.03470706
421040 0.04613114
421050 0.03335309
421060 0.01903225
421070 0.005420255
421080 0.0009644562
421090 1.609861e-06
421100 9.539328e-08
421110 3.10979e-09
421120 1.020775124e-10
421140 5.059448e-09
421150 2.13796e-12
421160 1.18992e-13
430930 0.0
430950 0.0
430970 4.4397e-11
430980 2.32984e-09
430990 2.007421e-06
431010 3.703422e-05
431020 0.0003143502
431030 0.00907576
431050 0.0154481
431060 0.01991732
431070 0.01798685
431080 0.007400846
431090 0.001889612
431100 0.0004167235
431110 7.84553e-05
431120 9.388731e-06
431130 1.329892e-06
431140 2.909618e-06
431150 2.776776e-08
431160 1.519892e-09
431170 5.84577e-12
431180 1.4320463e-13
440950 0.0
440960 0.0
440970 0.0
440980 4.50969e-14
440990 4.57968e-12
441000 3.86973e-10
441010 2.039856e-08
441020 6.919599e-07
441030 1.293141e-05
441040 0.0001523652
441050 0.0048531621
441070 0.008500435
441080 0.01100433
441090 0.014088793
441110 0.002965723
441120 0.001384036
441130 0.0006158274
441140 0.0002108482
441150 2.90059e-05
441160 2.139752e-06
441170 1.229855e-07
441180 3.48962e-09
441190 5.18939e-11
441200 5.25964e-13
441210 9.08399e-15
441220 0.0
441240 0.0
450990 0.0
451010 3.46876e-13
451020 3.37976e-11
451030 2.544824e-09
451040 8.49942e-08
451050 1.8519114e-06
451060 2.204154e-05
451070 0.0001700314
451080 0.0005795042
451090 0.00015153778
451100 0.0002872372
451110 0.0005182727
451120 0.0004912913
451130 0.0006512167
451140 0.000493611
451150 0.00038626364
451170 2.05247e-05
451180 1.949784e-06
451190 1.35360495e-07
451210 1.17983e-10
451220 1.57989e-12
451230 1.29991e-14
451240 0.0
460990 0.0
461010 0.0
461020 3.91973e-14
461040 5.23964e-12
461050 3.31977e-10
461060 3.4227701e-07
461080 4.339954e-06
461090 3.799734e-09
461100 3.889731e-08
461110 2.8258136e-07
461120 1.239929e-06
461130 5.459757e-06
461140 0.0002277454
461150 0.0004426363
461160 0.0004264464
461170 0.0003464618
461180 0.0001374756
461190 2.79334e-05
461200 4.079433e-06
461210 3.771711e-07
461230 5.64961e-10
461240 0.0
461250 0.0
461280 0.0
461290 0.0
461300 0.0
471030 0.0
471050 0.0
471060 2.272837e-13
471070 2.067863e-11
471080 7.54948e-10
471090 0.0
471100 0.0
471110 3.82973e-14
471120 1.8713698e-11
471140 3.399752e-06
471150 3.222356e-05
471160 9.416968e-05
471170 0.0002968314
471180 0.0003148294
471190 0.0002357176
471200 9.756696e-05
471210 3.529451e-05
471220 6.35915e-06
471230 7.34938e-07
471240 9.40934e-12
471250 9.28936e-13
471260 6.15957e-14
471270 0.0
471280 0.0
471290 7.3749e-17
471300 2.26984e-10
471310 5.51309e-12
481050 0.0
481060 0.0
481070 0.0
481080 1.40991e-14
481090 0.0
481100 0.0
481110 0.0
481120 0.0
481130 0.0
481140 6.479556e-09
481150 2.442841e-07
481160 3.439764e-06
481170 3.4193135e-05
481180 0.0004108582
481200 0.0003917007
481210 0.0003727326
481220 0.00033682051
481240 4.259466e-06
481250 1.249895e-06
481260 3.439736e-07
481270 9.30935e-08
481280 1.569889e-08
481290 1.879873e-09
481300 1.989803e-06
481310 1.159858e-07
481320 2.989796e-09
481330 2.91766e-11
481340 1.83988e-13
481360 0.0
491070 0.0
491090 0.0
491110 0.0
491120 0.0
491130 0.0
491140 2.717808e-13
491150 5.98958e-11
491160 3.179775e-09
491170 1.5538965e-07
491180 2.0508526e-06
491190 1.5568506e-05
491200 6.095448e-05
491210 0.00020641156
491220 0.0003460353
491230 0.00040296571
491240 0.0005256492
491250 0.0005440688
491260 0.000398397
491270 0.000413061
491280 0.00035863218
491300 0.0003967008
491310 9.37463e-05
491320 8.0276495e-06
491340 7.219497e-09
491350 5.94082e-11
491360 5.20964e-13
501110 0.0
501120 0.0
501130 0.0
501140 0.0
501150 3.27977e-13
501170 5.9896e-11
501180 3.789735e-09
501190 1.60089573e-06
501210 1.4808659e-05
501220 9.170358e-05
501230 0.00027019517
501240 0.0006739482
501250 0.0012203507
501260 0.00222834
501270 0.004357639
501280 0.007655194
501290 0.010691876
501300 0.010704884
501310 0.00666715
501320 0.002252787
501330 0.000356473
501340 3.2005585e-05
501360 3.199773e-08
501370 4.88966e-10
501380 9.68933e-12
511130 0.0
511150 0.0
511170 0.0
511180 1.542894e-13
511190 1.69988e-11
511200 9.20936e-10
511210 7.8094655e-07
511230 8.669484e-06
511240 1.5118971e-06
511250 4.3504631e-05
511270 0.0002295096
511280 0.0008854291
511290 0.003658655
511300 0.011372758
511310 0.02192243
511320 0.019015648
511330 0.01163331
511340 0.003031418
511350 0.0005268276
511360 4.22068e-05
511370 2.609718e-06
511380 1.47989e-07
511390 2.829804e-09
511400 3.27446e-11
511410 2.67822e-12
521150 0.0
521170 0.0
521180 0.0
521190 0.0
521200 6.21957e-14
521210 8.97938e-12
521220 7.33949e-10
521230 2.671812e-08
521240 4.3597e-12
521250 7.81946e-11
521260 1.179919e-09
521270 2.2688426e-08
521280 3.939743e-07
521290 5.309806e-06
521300 0.001985739
521310 0.039972796
521330 0.04365194
521340 0.04448326
521350 0.026843789
521370 0.001138134
521380 0.0002487651
521390 1.302703e-05
521400 8.119016e-07
521410 5.634535e-08
521420 4.60968e-10
521430 8.69907e-12
531210 0.0
531220 2.57982e-12
531250 0.0
531260 0.0
531270 0.0
531280 3.46976e-14
531290 2.27984e-12
531300 3.0155345e-05
531310 0.00020102
531320 0.001757728
531330 0.013306642
531340 0.02359484
531350 0.03923161
531360 0.03156192
531370 0.02895101
531390 0.001903284
531400 0.0003168301
531410 3.8299786e-05
531430 1.12983e-07
531440 3.65756e-10
531450 1.70145e-11
531460 3.81483e-13
541240 0.0
541250 0.0
541260 0.0
541270 0.0
541280 0.0
541300 1.969869e-08
541310 3.6057589e-07
541320 0.00063860801
541340 0.0024575798
541350 0.015016151
541360 0.03000031
541370 0.03658317
541380 0.03699028
541390 0.0288525
541400 0.01575406
541410 0.004648348
541420 0.0009567825
541430 0.0001179574
541440 9.068084e-06
541450 3.579569e-07
541460 9.458961e-09
541470 2.664239e-11
541500 0.0
551270 0.0
551290 0.0
551310 2.13985e-11
551320 2.599816e-09
551330 2.169855e-07
551340 0.000131898692
551360 0.00123632
551370 0.01007012
551380 0.036576591
551400 0.0273244
551410 0.02600423
551420 0.01254526
551430 0.005288673
551440 0.001133002
551450 0.0001748393
551460 1.327725e-05
551470 3.269392e-07
551480 2.319839e-08
551490 1.14539e-10
551500 5.57961e-12
551510 3.0829e-13
561290 0.0
561310 0.0
561320 5.33963e-14
561330 1.49989e-11
561340 2.099852e-09
561350 1.269914e-07
561360 4.729818e-06
561370 5.509409e-05
561380 0.000490111
561390 0.002435898
561400 0.009519253
561410 0.0200019
561420 0.03105965
561430 0.02898332
561440 0.02808714
561460 0.002211275
561470 0.0003410768
561480 4.2657763e-05
561500 1.109921e-07
561510 6.485915e-09
561520 4.10972e-11
561530 4.85763e-13
561540 0.0
571330 0.0
571350 3.85973e-12
571370 2.179849e-08
571380 5.389661e-07
571390 9.510597e-06
571400 9.87869e-05
571410 0.0006936044
571420 0.002769462
571430 0.00870946
571440 0.01371317
571450 0.01690895
571460 0.011148098
571470 0.005794712
571480 0.001702828
571490 0.0003886763
571500 5.2974197e-05
571520 1.979862e-07
571530 6.309074e-09
571540 1.0217166e-10
571560 3.16962e-14
581350 0.0
581370 6.7575353e-11
581390 3.255777e-09
581400 5.539615e-08
581410 3.9223256e-05
581430 0.0002893814
581440 0.001670728
581450 0.005150189
581460 0.01081696
581470 0.01251896
581480 0.01163323
581490 0.006344275
581500 0.002733039
581510 0.0006155013
581520 0.0001089365
581530 9.588227e-06
581540 5.789555e-07
581550 2.479711e-08
581560 7.85913e-10
581570 1.22992e-11
581580 1.29991e-13
581590 2.89456e-15
581600 0.0
591390 3.28977e-14
591400 3.53976e-12
591410 2.60982e-10
591420 1.1599204e-08
591430 3.549776e-07
591440 5.6700288e-06
591450 6.473508e-05
591460 0.0003641353
591470 0.004495492
591490 0.005048134
591500 0.005212156
591510 0.005287279
591530 0.0004953417
591540 7.704431e-05
591550 1.215737e-05
591560 1.009912e-06
591570 5.809594e-08
591580 1.649885e-09
591590 3.75945e-11
591600 3.26977e-13
591610 4.71464e-15
601400 0.0
601410 0.0
601420 4.01972e-13
601430 3.50976e-11
601440 5.67961e-10
601450 7.539491e-08
601460 1.669926e-06
601470 1.718397e-05
601480 0.000134901
601490 0.0006044918
601500 0.001933221
601510 0.003386296
601520 0.004144321
601530 0.002781343
601540 0.001450429
601550 0.0005529838
601560 0.0001561987
601570 2.5151222e-05
601590 1.399903e-07
601600 4.509686e-09
601610 9.91884e-11
601620 2.08985e-12
601630 1.62989e-14
601640 0.0
611410 0.0
611430 0.0
611440 2.6894087e-12
611460 1.73988e-10
611470 7.039518e-09
611480 2.6732116e-06
611500 2.225386e-05
611510 0.0001273907
611520 0.0004084485
611530 0.0009282313
611540 0.0010086556
611550 0.00116751
611560 0.0007217985
611570 0.0003351438
611580 8.185189e-05
611590 1.696369e-05
611600 1.399832e-06
611610 1.109915e-07
611620 6.219566e-09
611630 1.8860675e-10
611650 5.04965e-14
611660 7.01671e-16
611670 9.88554e-18
621430 0.0
621440 0.0
621450 0.0
621460 0.0
621470 2.25984e-13
621480 1.95987e-11
621490 9.42934e-10
621500 5.6736495e-07
621520 6.089989e-06
621530 3.564973e-05
621540 0.0004770556
621560 0.0006454288
621570 0.0006371359
621580 0.0004648907
621590 0.0002145597
621600 5.707653e-05
621610 1.1052e-05
621620 2.14953e-06
621630 1.699847e-07
621640 1.209915e-08
621650 4.49969e-10
621660 1.73981e-11
621670 2.07975e-13
621680 0.0
621690 1.09315e-17
621700 0.0
631470 0.0
631490 1.04993e-14
631510 6.78953e-11
631520 2.179851e-09
631530 4.489692e-08
631540 4.71969e-07
631550 4.489876e-06
631560 2.009084e-05
631570 6.354751e-05
631580 0.0001024733
631590 0.0001408515
631600 0.00012652396
631620 2.060145e-05
631630 5.50607e-06
631640 1.0907286e-06
631660 1.269905e-08
631670 5.54961e-10
631680 8.91938e-12
631690 1.4198e-13
631700 0.0
631710 7.08146e-18
641470 0.0
641490 0.0
641510 8.48941e-14
641530 5.01965e-12
641540 2.01986e-10
641550 5.23964e-09
641560 1.319912e-08
641570 6.909564e-07
641580 3.739814e-06
641590 1.216894e-05
641600 2.171779e-05
641610 2.7681e-05
641620 3.615111e-05
641630 2.121812e-05
641640 1.140344e-05
641650 3.434195e-06
641660 1.2751072e-06
641680 7.199278e-09
641690 2.99978e-10
641700 8.608392e-12
641720 0.0
651510 0.0
651530 0.0
651550 1.84987e-13
651560 8.505408e-12
651570 3.69374e-09
651590 4.029723e-08
651600 1.809871e-07
651610 7.7692e-07
651620 2.35969e-06
651630 4.407633e-06
651640 5.104638e-06
651650 4.550014e-06
651660 3.293355e-06
651670 1.118407e-06
651680 1.498936e-07
651690 2.118836e-08
651700 1.499743e-09
651710 9.51923e-11
651720 2.8198e-12
661550 0.0
661560 0.0
661570 0.0
661580 3.56976e-13
661590 1.11992e-11
661600 1.83988e-10
661610 2.769807e-09
661620 2.229843e-08
661630 1.059914e-07
661640 4.089407e-07
661650 8.3568854e-07
661660 1.847877e-06
661670 1.337753e-06
661680 5.327521e-07
661690 1.643739e-07
661700 3.690601e-08
661710 5.565759e-09
661720 5.64727e-10
671590 0.0
671610 2.294841e-13
671620 4.93966e-12
671630 8.87938e-11
671640 8.8494e-10
671650 6.349545e-09
671660 3.4367262e-08
671670 8.158642e-08
671680 7.307226e-08
671690 6.809032e-08
671700 3.256224e-08
671710 1.457247e-08
671720 3.291786e-09
681610 0.0
681620 0.0
681630 0.0
681640 2.19985e-13
681650 4.19971e-12
681660 8.27942e-11
681670 5.055648e-10
681680 1.569879e-09
681690 3.539474e-09
681700 5.447636e-09
681710 5.425957e-09
681720 3.639985e-09
691650 0.0
691660 0.0
691670 1.00993e-13
691680 8.27942e-13
691690 6.73953e-12
691700 2.63981e-11
691710 9.03927e-11
691720 1.44974e-10
701660 0.0
701670 0.0
701680 0.0
701690 0.0
701700 1.52989e-14
701710 1.37991e-13
701720 7.89945e-13
711690 0.0
711710 0.0
711720 0.0
721710 0.0
