230660 1.05374e-16
230670 1.28487e-17
230680 6.56308e-19
240660 2.88989e-12
240670 2.98987e-13
240680 1.8244314e-14
240700 1.90721e-18
250660 6.06e-10
250670 2.18e-10
250680 3.54e-11
250690 3.51976e-12
250700 3.75e-13
250710 2.73981e-14
250720 6.67246e-16
250730 6.14503e-17
260650 1.33e-08
260670 1.829e-08
260690 1.68e-09
260700 6.28e-10
260710 1.24e-10
260720 1.82993e-11
260730 1.42994e-12
260740 1.22e-13
260750 3.39678e-15
260760 0.0
270660 1.31e-08
270670 3.41e-08
270680 4.07e-08
270690 3.37e-08
270700 3.2e-08
270710 2.07e-08
270720 8.24e-09
270730 2.738e-09
270750 5.21266e-11
270770 1.00125e-13
270780 9.04246e-15
280660 1.88e-09
280670 1.14e-08
280680 3.83e-08
280690 7.12e-08
280700 1.96e-07
280710 2.93e-07
280720 3.67e-07
280730 2.46e-07
280740 2e-07
280750 4.9e-08
280760 1.18e-08
280770 2.3299e-09
280780 2.47991e-10
280790 4.00931e-12
280800 5.98e-13
280810 2.86081e-14
290660 9.67e-12
290670 1.95e-10
290680 1.0753e-08
290700 3.013e-07
290720 6.86e-07
290730 1.32e-06
290740 2.57e-06
290750 1.96e-06
290760 1.23e-06
290770 8.31e-07
290780 2.36e-07
290790 5.7596e-08
290800 5.57e-09
290810 4.10971e-10
290820 1.39e-11
290830 3.63975e-13
290840 1.77568e-14
300660 0.0
300670 2.52e-13
300680 7.01e-12
300690 1.065e-10
300700 2.23e-09
300710 2.242e-08
300720 1.91e-07
300730 8.19e-07
300740 4.57e-06
300750 7.67e-06
300760 1.439e-05
300770 2.361e-05
300780 3.481e-05
300800 4.41e-06
300810 9.02e-07
300820 1.09e-07
300830 8.46964e-09
300840 4.86982e-10
300850 5.83299e-12
300860 1.5e-13
310650 0.0
310670 0.0
310690 4.71e-14
310700 2.73e-12
310710 9.21e-11
310720 2.07e-09
310730 2.8e-08
310740 3.81e-07
310750 1.86e-06
310760 7.9e-06
310770 3.705e-05
310780 7.401e-05
310790 0.00014355
310800 0.00011194
310810 7.52e-05
310820 2.425e-05
310830 6.36e-06
310840 1.05e-06
310850 8.37942e-08
310860 3.7696509e-09
310880 1.41471e-12
310890 2.03333e-13
320660 0.0
320670 0.0
320680 0.0
320690 0.0
320700 0.0
320710 2.62e-14
320720 2.11e-12
320730 3.626e-09
320750 6.4197e-07
320770 6.738e-06
320780 3.86e-05
320790 0.00016841
320800 0.0003675
320810 0.00056923
320820 0.00056234
320830 0.00036005
320840 0.00020312
320850 4.507e-05
320860 7.74e-06
320870 6.8997e-07
320880 3.87986e-08
320890 4.73151e-09
320900 8.77173e-12
320910 1.23436e-12
330690 0.0
330710 0.0
330720 0.0
330730 0.0
330740 9.66e-13
330750 4.12e-11
330760 1.53e-09
330770 5.86e-08
330780 8.41e-07
330790 1.158e-05
330800 5.832e-05
330810 0.00026289
330820 0.0005824
330830 0.00104633
330840 0.00141785
330850 0.00100805
330860 0.00048125
330870 0.0001584
330880 2.657e-05
330890 3.26527e-06
330900 1.06918e-07
330910 1.77323e-08
330920 6.38077e-11
330930 5.06093e-12
330940 1.25428e-13
340720 0.0
340730 0.0
340740 0.0
340750 0.0
340760 3.42e-13
340770 3.671e-11
340780 1.81e-09
340790 6.749e-08
340800 1.11e-06
340810 1.274e-05
340820 8.767e-05
340830 0.00035959
340840 0.00123443
340850 0.00232772
340860 0.00343853
340870 0.00300158
340880 0.0017478
340890 0.00061177
340900 0.000140863
340910 1.98223e-05
340920 1.74994e-06
340930 1.17767e-07
340940 3.43987e-09
340950 2.07838e-11
340960 7.56e-13
350750 0.0
350770 0.0
350780 1.07e-13
350790 1.442e-11
350800 6.42e-10
350810 2.58e-08
350820 4.78e-07
350830 6.34e-06
350840 6.533e-05
350850 0.00033452
350860 0.00124484
350870 0.00266817
350880 0.00431984
350890 0.00521909
350900 0.00320167
350910 0.00156166
350920 0.0003894
350930 8.12722e-05
350940 8.36e-06
350950 2.9857e-07
350960 2.13e-08
350970 1.58568e-10
350980 6.92769e-12
350990 2.89636e-12
360770 0.0
360780 0.0
360790 0.0
360800 3.1e-14
360810 3.546e-12
360820 2.36e-10
360830 8.43e-09
360840 3.12e-07
360850 4.362e-06
360860 5.78e-05
360870 0.00032512
360880 0.00176659
360890 0.00489912
360900 0.00941262
360910 0.0111807
360920 0.00902349
360930 0.00501366
360940 0.00182057
360950 0.000333761
360960 4.965e-05
360970 3.68984e-06
360980 1.89993e-07
360990 6.73979e-08
361000 1.16e-10
361010 4.90757e-12
370790 0.0
370810 0.0
370830 3.9e-13
370840 4.21e-11
370850 2.18e-09
370860 8.7e-08
370870 1.84e-06
370880 2.947e-05
370890 0.00028021
370900 0.00136461
370910 0.00514292
370920 0.0104498
370930 0.0157382
370940 0.0141228
370950 0.00857153
370960 0.00346122
370970 0.00092537
370980 0.0001384
370990 4.6512e-05
371000 9.26e-07
371010 7.05e-08
371020 2.88046e-10
371030 1.78939e-11
371040 5.06816e-13
380830 0.0
380840 0.0
380850 7.05e-14
380860 1.12e-11
380870 7.32e-10
380880 4.56e-08
380890 1.29e-06
380900 2.321e-05
380910 0.00022649
380920 0.0014078
380930 0.00581857
380940 0.0154227
380950 0.0225834
380960 0.0280111
380970 0.0189985
380980 0.00962679
380990 0.00285172
381000 0.00063267
381010 7.88095e-05
381020 7.89971e-06
381030 4.16388e-07
381040 1.38995e-08
381050 6.32173e-11
381060 7.77615e-12
390850 0.0
390870 0.0
390880 1.93e-12
390890 2.158e-10
390900 1.19e-08
390910 4.39e-07
390920 8.23e-06
390930 0.00011155
390940 0.00079784
390950 0.00500248
390960 0.0109432
390970 0.0216256
390980 0.0267935
390990 0.0254008
391000 0.0139866
391010 0.00570012
391020 0.00151591
391030 0.000287354
391040 2.651e-05
391050 9.08152e-07
391060 9.47831e-08
391070 1.03535e-10
391080 1.69911e-11
391090 1.17958e-12
400870 0.0
400880 0.0
400890 0.0
400900 5.08e-13
400910 5.67e-11
400920 4.17e-09
400930 1.39e-07
400940 4.28e-06
400950 5.499e-05
400960 0.00375516
400980 0.0110812
400990 0.0250902
401000 0.0405797
401010 0.0379631
401020 0.0307488
401030 0.0145779
401040 0.00458044
401050 0.00101519
401060 0.000124875
401070 2.40925e-06
401080 4.65983e-07
401090 2.74486e-08
401100 0.0
401110 0.0
401120 0.0
401130 0.0
410890 0.0
410900 0.0
410910 0.0
410920 5.46e-14
410930 7.04e-12
410940 6.54e-10
410950 3.518e-08
410960 9.6e-07
410970 1.759e-05
410980 0.00018968
410990 0.00143414
411000 0.00567108
411010 0.015503
411020 0.0666407
411040 0.0288462
411050 0.0203858
411060 0.00803634
411080 0.00023685
411090 1.89426e-05
411100 3.89e-12
411110 1.54178e-14
411120 3.59498e-16
411130 1.38207e-16
411140 0.0
411150 3.81785e-13
411160 1.87412e-14
420890 0.0
420910 0.0
420920 0.0
420930 0.0
420950 1.33e-12
420960 1.4e-10
420970 7.68e-09
420980 3.12e-07
420990 6.81e-06
421000 9.367e-05
421010 0.00065512
421020 0.00372259
421030 0.0119178
421040 0.0298492
421050 0.0430323
421060 0.0391106
421070 0.0248298
421080 0.0117919
421090 0.00258703
421100 8.36e-06
421110 3.93e-07
421120 1.43229e-08
421140 3.54e-12
421150 8.88406e-09
421160 5.13981e-10
421170 9.2888e-13
421180 7.96468e-14
430930 0.0
430950 0.0
430970 1.14e-13
430980 1.4e-11
430990 4.7775e-08
431010 1.15e-06
431020 1.758e-05
431030 0.00126901
431050 0.00558932
431060 0.0115952
431070 0.0216608
431080 0.0243269
431090 0.0165872
431100 0.00515635
431110 0.00135062
431120 0.00018504
431130 2.32665e-05
431140 1.56e-06
431150 6.13099e-06
431160 7.46e-07
431170 1.33439e-08
431180 9.7330009e-10
431200 5.57862e-14
440950 0.0
440960 0.0
440970 0.0
440980 0.0
440990 1.29e-14
441000 1.93e-12
441010 1.35e-10
441020 7.44e-09
441030 2.22e-07
441040 5.28e-06
441050 0.00050892
441070 0.00210767
441080 0.00750537
441090 0.02770998
441110 0.0104118
441120 0.00560327
441130 0.0022357
441140 0.00068097
441150 0.0003759
441160 9.961e-05
441170 1.49167e-05
441180 1.27903e-06
441190 5.78975e-08
441200 1.52994e-09
441210 5.58937e-12
441220 1.53e-13
441230 3.20884e-15
441240 0.0
450990 0.0
451010 0.0
451020 8.36e-14
451030 9.07e-12
451040 6.32e-10
451050 2.966e-08
451060 5.28e-07
451070 9.17e-06
451080 9.102e-05
451090 0.00050596
451100 0.00016152
451110 0.00045963
451120 0.00074714
451130 0.00092008
451140 0.0006429
451150 0.00109672
451170 0.00029149
451180 7.942e-05
451190 1.731e-05
451210 8.02944e-08
451220 2.33e-09
451230 4.60968e-11
451240 4.13e-13
460990 0.0
461010 0.0
461020 0.0
461040 0.0
461050 7.88e-13
461060 2.8369e-09
461080 1.04e-07
461090 1.694e-06
461100 2.18e-09
461110 2.971e-08
461120 3.05e-07
461130 1.52e-06
461140 5.07e-06
461150 0.000109
461160 0.00036619
461170 0.00060018
461180 0.00058225
461190 0.00035312
461200 0.00013028
461210 2.695e-05
461230 2.03e-07
461240 8.38e-09
461250 0.0
461270 0.0
461280 0.0
461290 0.0
461300 0.0
471030 0.0
471050 0.0
471060 0.0
471070 2.49e-14
471080 3.24e-12
471090 2.02e-10
471100 0.0
471110 0.0
471120 9.595e-13
471140 1.42e-11
471150 9.48e-07
471160 1.172e-05
471170 7.522e-05
471180 0.00020544
471190 0.00044442
471200 0.00045497
471210 0.00031244
471220 0.00011794
471230 3.281e-05
471240 4.66e-06
471250 1.63e-10
471260 1.29e-11
471270 9.81e-13
471280 5.77e-14
471290 3.25617e-15
471300 0.0
471310 1.9777947e-10
471330 1.13108e-12
481050 0.0
481060 0.0
481070 0.0
481080 0.0
481090 0.0
481100 0.0
481110 0.0
481120 0.0
481130 0.0
481140 0.0
481150 5.95e-10
481160 3.81e-08
481170 8.51e-07
481180 7.358e-05
481200 0.00023727
481210 0.00044562
481220 0.00102874
481240 0.00025188
481250 1.598e-05
481260 5.37e-06
481270 1.48e-06
481280 4.06e-07
481290 8.3e-08
481300 8.05e-09
481310 4.36981e-06
481320 2.7399e-07
481330 2.632e-08
481340 6.55e-11
481350 2.47494e-12
481360 0.0
491070 0.0
491090 0.0
491110 0.0
491120 0.0
491130 0.0
491140 0.0
491150 1.06e-14
491160 3.45999e-12
491170 3.65e-10
491180 1.436e-08
491190 4.301e-07
491200 5.18001e-06
491210 3.783e-05
491220 0.0001368801
491230 0.00036641
491240 0.00055988
491250 0.00086504
491260 0.00077577
491270 0.00083092
491280 0.00143766
491300 0.00029649
491310 0.00086716
491320 0.0001899137
491340 6.48e-07
491350 3.55539e-08
491360 1.56e-10
491370 1.83492e-12
501110 0.0
501120 0.0
501130 0.0
501140 0.0
501150 0.0
501170 1.01e-14
501180 1.85e-12
501190 1.13052e-08
501210 2.783e-07
501220 4.08e-06
501230 3.293e-05
501240 0.00018631
501250 0.00040758
501260 0.00089728
501270 0.00192385
501280 0.00432558
501290 0.01074472
501300 0.0162182
501310 0.01437694
501320 0.0103877
501330 0.00350813
501340 0.0005847144
501360 1.94e-06
501370 4.26982e-08
501380 1.1162878e-09
501400 1.58485e-12
511130 0.0
511150 0.0
511170 0.0
511180 0.0
511190 0.0
511200 6.57e-13
511210 3.8956e-09
511230 1.31e-07
511240 2.46e-06
511250 2.713e-06
511270 1.873e-05
511280 0.0001052
511290 0.00086455
511300 0.00352931
511310 0.0136079
511320 0.0255117
511330 0.0307245
511340 0.01460954
511350 0.00429146
511360 0.00066861
511370 6.027e-05
511380 4.63e-06
511390 2.33984e-07
511400 1.93176e-08
511410 3.63449e-11
511420 2.36635e-12
521150 0.0
521170 0.0
521180 0.0
521190 0.0
521200 0.0
521210 0.0
521220 3.01e-13
521230 3.633e-11
521240 3.09e-09
521250 2.341e-13
521260 6.2e-12
521270 1.782e-10
521280 4.51e-09
521290 1.379e-07
521300 2.99e-06
521310 0.01084448
521330 0.0304013
521340 0.050008
521350 0.0641962
521370 0.00617525
521380 0.00170194
521390 0.0002422
521400 2.54507e-05
521410 8.4574e-07
521420 6.48976e-08
521430 9.30809e-11
521440 1.50116e-11
521450 1.19392e-12
531210 0.0
531220 0.0
531250 0.0
531260 0.0
531270 0.0
531280 0.0
531290 0.0
531300 6.81e-13
531310 7.31e-06
531320 0.00013858
531330 0.00173602
531340 0.00829482
531350 0.0235261
531360 0.0347486
531370 0.0518787
531390 0.00995443
531400 0.00273063
531410 0.000651314
531430 1.33716e-06
531440 1.82975e-07
531450 1.71513e-08
531460 3.86492e-11
531470 3.18911e-12
541240 0.0
541250 0.0
541260 0.0
541270 0.0
541280 0.0
541300 0.0
541310 2.459e-09
541320 7.99e-06
541340 0.00016945
541350 0.00149868
541360 0.00772219
541370 0.0270097
541380 0.0362733
541390 0.0399661
541400 0.0326423
541410 0.0170615
541420 0.00660042
541430 0.001494762
541440 0.000241067
541450 1.91728e-05
541460 1.05996e-06
541470 7.4792e-08
541490 4.74332e-12
541500 4.75e-14
551270 0.0
551290 0.0
551310 2.84e-14
551320 7.34e-12
551330 1.36e-09
551340 4.004e-06
551360 7.748e-05
551370 0.00070771
551380 0.01351115
551400 0.0177703
551410 0.0274398
551420 0.0248603
551430 0.0175269
551440 0.00742866
551450 0.0020704
551460 0.00033519
551470 5.12131e-05
551480 2.1e-06
551490 6.81405e-08
551500 2e-09
551510 7.15706e-12
551520 4.08369e-13
561290 0.0
561310 0.0
561320 0.0
561330 1.49e-14
561340 5.35e-12
561350 7.05e-10
561360 5.02e-08
561370 1.757e-06
561380 2.714e-05
561390 0.00024156
561400 0.0014284
561410 0.00511954
561420 0.0138656
561430 0.0235218
561440 0.0487968
561460 0.0107532
561470 0.00313995
561480 0.0007439719
561500 6.9e-06
561510 1.66544e-07
561520 1.11996e-08
561530 5.62417e-11
561540 2.21e-12
561550 1.22565e-13
571330 0.0
571350 0.0
571370 1.55e-10
571380 7.17e-09
571390 2.39e-07
571400 3.59e-06
571410 4.581e-05
571420 0.00033071
571430 0.00299554
571440 0.00575369
571450 0.0113824
571460 0.01494444
571470 0.0135788
571480 0.00730831
571490 0.00280219
571500 0.000813433
571520 1.167e-05
571530 8.07944e-07
571540 2.716071e-08
571560 4.22954e-12
571570 1.56849e-13
571580 2.85129e-15
581350 0.0
581370 1.55e-13
581390 1.527e-11
581400 7.29e-10
581410 8.056e-07
581430 1.134e-05
581440 0.00012742
581450 0.00070384
581460 0.00306813
581470 0.00675451
581480 0.0111979
581490 0.0104393
581500 0.00793419
581510 0.00336043
581520 0.00113805
581530 0.00021461
581540 2.484e-05
581550 1.96824e-06
581560 1.15996e-07
581570 3.64984e-09
581580 7.81972e-11
581590 5.94436e-13
581600 0.0
591390 0.0
591400 0.0
591410 6.54e-13
591420 5.04e-11
591430 3.09e-09
591440 9.297e-08
591450 1.86e-06
591460 2.362e-05
591470 0.00098015
591490 0.0023936
591500 0.00424923
591510 0.00967518
591530 0.00251471
591540 0.00076501
591550 0.00020692
591560 3.256e-05
591570 3.59e-06
591580 2.15e-07
591590 8.53941e-09
591600 2.21e-10
591610 1.02704e-12
591620 3.03725e-14
591630 5.02775e-16
601400 0.0
601410 0.0
601420 0.0
601430 4.76e-14
601440 5.57e-12
601450 3.36e-10
601460 1.67e-08
601470 3.75e-07
601480 6.26e-06
601490 4.977e-05
601500 0.00031301
601510 0.00100822
601520 0.00240876
601530 0.00325287
601540 0.00298802
601550 0.00192547
601560 0.00093694
601570 0.0003141
601590 5.65e-06
601600 5.01e-07
601610 2.3899e-08
601620 8.3297e-10
601630 1.16995e-11
601640 6.84e-14
601650 1.08586e-15
601660 6.84465e-17
611410 0.0
611430 0.0
611440 0.0
611460 3.18e-13
611470 2.75e-11
611480 4.5723e-08
611500 7.78e-07
611510 9.02e-06
611520 5.70201e-05
611530 0.00024859
611540 0.00056586
611550 0.00108201
611560 0.00118035
611570 0.00095631
611580 0.00045251
611590 0.00015325
611600 3.393e-05
611610 5.5e-06
611620 5.06e-07
611630 2.5614e-08
611650 1.55989e-11
611660 8.34292e-13
611670 1.2603131e-15
621430 0.0
621440 0.0
621450 0.0
621460 0.0
621470 0.0
621480 2.63e-14
621490 2.5e-12
621500 5.999e-09
621520 1.34e-07
621530 1.63e-06
621540 7.822e-05
621560 0.00021862
621570 0.00040999
621580 0.00055715
621590 0.00042404
621600 0.00026859
621610 0.0001042
621620 2.979e-05
621630 3.86e-06
621640 2.17e-07
621650 2.18e-08
621660 1.09917e-09
621670 2.88988e-11
621680 5.04982e-13
621690 2.58935e-15
621700 0.0
621710 3.67695e-18
631470 0.0
631490 0.0
631510 1.28e-13
631520 8.7e-12
631530 3.92e-10
631540 9.37e-09
631550 1.67e-07
631560 1.5e-06
631570 9.29e-06
631580 3.134e-05
631590 7.222e-05
631600 0.00021529
631620 7.135e-05
631630 2.745e-05
631640 4.94e-06
631660 1.58e-07
631670 1.39e-08
631680 6.7e-10
631690 3.71974e-11
631700 8.83e-13
631710 5.28214e-14
631720 9.80816e-17
641470 0.0
641490 0.0
641510 0.0
641530 0.0
641540 5.61e-13
641550 2.93e-11
641560 9.43e-10
641570 1.62e-08
641580 1.89e-07
641590 1.15e-06
641600 5.14e-06
641610 1.396e-05
641620 2.56e-05
641630 2.232e-05
641640 8.72e-06
641650 6.14e-06
641660 2.979e-06
641680 8.21e-08
641690 1.18e-08
641700 1.0300472e-09
641720 2.6899e-12
651510 0.0
651530 0.0
651550 0.0
651560 1.44e-14
651570 3.3615e-11
651590 7.08e-10
651600 8.46e-09
651610 7.89e-08
651620 3.68e-07
651630 1.03e-06
651640 9.68e-07
651650 1.96e-06
651660 1.76e-06
651670 1.04e-06
651680 3.79e-07
651690 1.62e-07
651700 3.34e-08
651710 6.75e-09
651720 8.03e-10
661550 0.0
661560 0.0
661570 0.0
661580 0.0
661590 2.84e-14
661600 1.2e-12
661610 3.14e-11
661620 5.05e-10
661630 3.86e-09
661640 1.24e-08
661650 6.284e-08
661660 1.79e-07
661670 2.45e-07
661680 2.6e-07
661690 2.42e-07
661700 1.44e-07
661710 6.79e-08
661720 2.44e-08
671590 0.0
671610 0.0
671620 1.38e-14
671630 5.227e-13
671640 4.7e-12
671650 8.17e-11
671660 6.32e-10
671670 2.83e-09
671680 7.65e-09
671690 2.17e-08
671700 3.02e-08
671710 4.11e-08
671720 3.23e-08
681610 0.0
681620 0.0
681630 0.0
681640 0.0
681650 0.0
681660 1.98e-13
681670 2.398e-12
681680 2.28e-11
681690 1.69e-10
681700 7.84e-10
681710 2.68e-09
681720 6.29e-09
691650 0.0
691660 0.0
691670 0.0
691680 0.0
691690 4.88e-14
691700 6.31e-13
691710 7.52e-12
691720 4.58e-11
701660 0.0
701670 0.0
701680 0.0
701690 0.0
701700 0.0
701710 0.0
701720 3.05e-14
711690 0.0
711710 0.0
711720 0.0
721710 0.0
