230660 1.6471e-16
230670 3.56778e-17
230680 3.66465e-18
240660 8.26836e-13
240670 1.51964e-13
240680 1.947594e-14
240700 1.79054e-17
250660 8.42e-11
250670 3.86e-11
250680 1.16e-11
250690 2.83892e-12
250700 4.93e-13
250710 4.70821e-14
250720 1.82236e-15
250730 2.69931e-16
260650 8.5e-10
260670 1.571e-09
260690 3.95e-10
260700 1.68e-10
260710 4.1e-11
260720 9.14818e-12
260730 1.14973e-12
260740 1.63e-13
260750 7.22297e-15
260760 0.0
270660 1e-09
270670 2.42e-09
270680 3.8e-09
270690 5.34e-09
270700 5.29e-09
270710 3.14e-09
270720 1.74e-09
270730 7.38e-10
270750 2.38428e-11
270770 2.21813e-12
270780 4.26214e-13
270790 2.30094e-13
280660 1.41e-10
280670 7.72e-10
280680 2.65e-09
280690 8.28e-09
280700 1.8e-08
280710 2.43e-08
280720 3.15e-08
280730 2.3e-08
280740 2.04e-08
280750 4.83e-09
280760 3.14e-09
280770 9.44778e-09
280780 2.13957e-09
280790 9.80053e-10
280800 1.94e-11
280810 2.04013e-12
290660 2.02e-12
290670 2.69e-11
290680 1.7543e-09
290700 2.97e-08
290720 6.43e-08
290730 1.03e-07
290740 2.11e-07
290750 1.15e-07
290760 1.81e-07
290770 1.31e-06
290780 7.5e-07
290790 2.1602e-07
290800 4.35e-08
290810 5.29799e-09
290820 3.86e-10
290830 1.63132e-11
290840 8.16579e-13
300660 0.0
300670 8.65e-14
300680 1.69e-12
300690 3.001e-11
300700 3.4e-10
300710 2.407e-09
300720 1.59e-08
300730 5.61e-08
300740 2.54e-07
300750 3.02e-07
300760 1.08e-06
300770 1.774e-05
300780 4.106e-05
300800 8.28e-06
300810 2.55e-06
300820 4.76e-07
300830 6.94837e-08
300840 4.09918e-09
300850 3.59628e-10
300860 1.07e-11
310650 0.0
310670 0.0
310690 5.23e-14
310700 1.46e-12
310710 2.59e-11
310720 4.19e-10
310730 3.45e-09
310740 3.65e-08
310750 9.66e-08
310760 7.68e-07
310770 2.753e-05
310780 8.363e-05
310790 0.00013435
310800 0.00015
310810 0.00011089
310820 5.081e-05
310830 1.859e-05
310840 2.86e-06
310850 9.45641e-07
310860 5.8542654e-08
310880 5.59655e-11
310890 1.27983e-11
320660 0.0
320670 0.0
320680 0.0
320690 0.0
320700 0.0
320710 2.42e-14
320720 1e-12
320730 5.5538e-10
320750 6.6767e-08
320770 5.137e-06
320780 3.522e-05
320790 0.00012594
320800 0.00030605
320810 0.00050905
320820 0.00053644
320830 0.00046322
320840 0.0001765
320850 0.00015563
320860 2.578e-05
320870 3.58916e-06
320880 2.80944e-07
320890 5.45126e-08
320900 2.41939e-10
320910 4.67359e-11
330690 0.0
330710 0.0
330720 0.0
330730 1.03e-14
330740 6.92e-13
330750 1.08e-11
330760 5.12e-10
330770 9.99e-08
330780 1.65e-06
330790 1.388e-05
330800 7.56e-05
330810 0.00028216
330820 0.0006605
330830 0.00126879
330840 0.00111727
330850 0.00245868
330860 0.00104429
330870 0.00038292
330880 8.281e-05
330890 1.20155e-05
330900 5.39788e-07
330910 1.22892e-07
330920 8.6637e-10
330930 1.16256e-10
340720 0.0
340730 0.0
340740 0.0
340750 0.0
340760 3.56e-13
340770 1.736e-10
340780 7.3e-09
340790 1.529e-07
340800 1.99e-06
340810 1.778e-05
340820 9.693e-05
340830 0.00042388
340840 0.00085279
340850 0.00437852
340860 0.00445326
340870 0.00404253
340880 0.00226271
340890 0.00088044
340900 0.00022714
340910 4.38771e-05
340920 4.34914e-06
340930 4.95175e-07
340940 1.38e-08
340950 3.51974e-10
340960 1.03e-11
350750 0.0
350770 1.92e-14
350780 2.72e-12
350790 1.468e-10
350800 4.77e-09
350810 1.08e-07
350820 1.457e-06
350830 1.545e-05
350840 7.528e-05
350850 0.00095987
350860 0.00233135
350870 0.00464839
350880 0.00657741
350890 0.00651948
350900 0.00431056
350910 0.00220017
350920 0.0006046
350930 0.000109145
350940 1.461e-05
350950 9.25515e-07
350960 8.34e-08
350970 1.521e-09
350980 9.97819e-11
360770 0.0
360780 0.0
360790 1.15e-14
360800 9.49e-13
360810 5.551e-11
360820 1.93e-09
360830 5.222e-08
360840 6.54e-07
360850 2.2e-05
360860 0.00013769
360870 0.00073044
360880 0.0022709
360890 0.00541397
360900 0.00908548
360910 0.0114286
360920 0.00815318
360930 0.00386322
360940 0.00135168
360950 0.000330444
360960 5.528e-05
360970 6.47848e-06
360980 5.009e-07
360990 2.71802e-09
361000 9.63e-10
361010 1.05028e-10
370790 0.0
370810 0.0
370830 1.47e-11
370840 4.9e-10
370850 4.55e-08
370860 7.75e-07
370870 1.097e-05
370880 9.813e-05
370890 0.00059241
370900 0.00236416
370910 0.00719336
370920 0.012735
370930 0.0145923
370940 0.012483
370950 0.00770993
370960 0.00325913
370970 0.00096773
370980 0.00019346
370990 7.14703e-06
371000 2.58e-06
371010 2.76171e-07
371020 2.20476e-09
371030 3.25313e-10
371040 9.10187e-12
380830 0.0
380840 2.96e-14
380850 7.77e-12
380860 3.71e-10
380870 1.456e-08
380880 3.65e-07
380890 6.08e-06
380900 6.54e-05
380910 0.0005219
380920 0.00233647
380930 0.00646258
380940 0.013429
380950 0.0197527
380960 0.0197607
380970 0.0139678
380980 0.00681654
380990 0.00255176
381000 0.00058106
381010 9.86038e-05
381020 1.10678e-05
381030 1.38562e-06
381040 4.56909e-08
381050 8.36848e-10
381060 1.28312e-10
390850 0.0
390870 1.58e-12
390880 1.14e-10
390890 5.42e-09
390900 1.65e-07
390910 3.65e-06
390920 4.859e-05
390930 0.00034418
390940 0.00171521
390950 0.00617609
390960 0.01445383
390970 0.0230886
390980 0.0257782
390990 0.0226221
391000 0.0123379
391010 0.00506199
391020 0.00146637
391030 0.000305414
391040 4.076e-05
391050 2.20049e-06
391060 2.86276e-07
391070 1.38094e-09
391080 1.67299e-10
391090 3.64228e-11
400870 0.0
400880 0.0
400890 3.92e-13
400900 3.44e-11
400910 2.19e-09
400920 8.46e-08
400930 1.68e-06
400940 2.272e-05
400950 0.00021124
400960 0.00580556
400980 0.0117976
400990 0.0235673
401000 0.0291923
401010 0.0270397
401020 0.0189276
401030 0.0096277
401040 0.00319178
401050 0.000785659
401060 0.000120464
401070 5.8819e-06
401080 8.39833e-07
401090 1.55137e-07
401100 0.0
401110 0.0
401120 0.0
401130 0.0
410890 0.0
410900 0.0
410910 1.05e-13
410920 1.21e-11
410930 6.89e-10
410940 2.6e-08
410950 6.63e-07
410960 1.01e-05
410970 9.575e-05
410980 0.00060729
410990 0.00289803
411000 0.00837962
411010 0.017368
411020 0.0608656
411040 0.0252674
411050 0.0149278
411060 0.00692466
411080 0.00023579
411090 3.41948e-05
411100 7.76e-12
411110 3.96232e-14
411120 1.77419e-15
411130 1.17865e-15
411140 0.0
411150 0.0
411160 5.7758e-11
420890 0.0
420910 0.0
420920 0.0
420930 2.4427e-12
420950 1.74e-10
420960 7.2e-09
420970 1.8e-07
420980 2.96e-06
420990 3.601e-05
421000 0.00025991
421010 0.00128165
421020 0.00502815
421030 0.0134865
421040 0.023623
421050 0.0317608
421060 0.0275674
421070 0.0146994
421080 0.00615275
421090 0.00207344
421100 1.071e-05
421110 1.01e-06
421120 8.33439e-08
421140 6.54e-11
421150 1.8822e-14
421160 2.89942e-07
421170 3.85666e-10
421180 3.56087e-11
430930 0.0
430950 0.0
430970 2.77e-11
430980 1.22e-09
430990 7.7914e-07
431010 9.18e-06
431020 9.334e-05
431030 0.00321918
431050 0.00810998
431060 0.0162773
431070 0.0192755
431080 0.0176238
431090 0.0128986
431100 0.00756445
431110 0.00325249
431120 0.0008892
431130 0.00019842
431140 2.783e-05
431150 2.96188e-07
431160 7.767e-05
431170 1.01411e-06
431180 7.9800531e-08
431200 7.52846e-12
440950 0.0
440960 0.0
440970 0.0
440980 4e-14
440990 3.47e-12
441000 1.75e-10
441010 5.64e-09
441020 1.55e-07
441030 2.67e-06
441040 2.879e-05
441050 0.00132409
441070 0.0030205
441080 0.00613031
441090 0.0251727
441110 0.0182922
441120 0.016115
441130 0.0125666
441140 0.00695083
441150 0.0031686
441160 0.00193581
441170 0.000362076
441180 3.34305e-05
441190 1.50965e-06
441200 3.77925e-08
441210 3.72933e-10
441220 4.19e-12
441240 0.0
450990 0.0
451010 2.779e-13
451020 2.1e-11
451030 9.68e-10
451040 2.772e-08
451050 5.61e-07
451060 7.14e-06
451070 4.868e-05
451080 0.00023404
451090 0.0008285
451100 0.00018904
451110 0.00079611
451120 0.00231893
451130 0.00503132
451140 0.00724373
451150 0.01434881
451170 0.00343031
451180 0.0011272
451190 0.00020401
451210 9.80627e-07
451220 2.85e-08
451230 4.12e-10
451240 0.0
460990 0.0
461010 0.0
461020 2.8e-14
461040 2.16e-12
461050 1.17e-10
461060 7.347e-08
461080 8.3e-07
461090 7.03e-06
461100 1.65e-09
461110 3.48e-08
461120 5.29e-07
461130 5.3e-06
461140 3.283e-05
461150 0.00017029
461160 0.00177142
461170 0.00380294
461180 0.00408402
461190 0.00224789
461200 0.00075375
461210 0.00016248
461230 8.58e-07
461240 0.0
461250 0.0
461270 0.0
461280 0.0
461290 0.0
461300 1.06e-12
471030 0.0
471050 0.0
471060 1.771e-13
471070 8.13e-12
471080 2.46e-10
471090 5.13e-09
471100 0.0
471110 0.0
471120 2.8114e-12
471140 8.9e-11
471150 2.54e-09
471160 6.458e-05
471170 0.0005001
471180 0.00179436
471190 0.0031394
471200 0.00338618
471210 0.00211723
471220 0.00079385
471230 0.00015184
471240 2.26e-08
471250 1.31e-09
471260 5.11e-11
471270 1.3e-12
471280 2.04e-14
471290 5.33541e-16
471300 1.39e-08
471310 3.08961e-10
481050 0.0
481060 0.0
481070 0.0
481080 0.0
481090 3.03e-13
481100 0.0
481110 0.0
481120 0.0
481130 0.0
481140 0.0
481150 0.0
481160 2.18e-07
481170 6.67e-06
481180 0.00061333
481200 0.00183776
481210 0.00349866
481220 0.00671763
481240 0.00043869
481250 0.00012734
481260 2.543e-05
481270 3.37e-06
481280 3.27e-07
481290 1.36e-08
481300 1.471e-05
481310 1.23971e-06
481320 8.98821e-08
481330 2.05665e-09
481340 5.24e-11
481360 0.0
491070 0.0
491090 0.0
491110 0.0
491120 0.0
491130 0.0
491140 0.0
491150 0.0
491160 6.15999e-11
491170 7.82e-09
491180 4.08e-07
491190 9.09e-06
491200 0.0001132401
491210 0.00069646
491220 0.00260977
491230 0.00491885
491240 0.00890552
491250 0.00914508
491260 0.00727794
491270 0.00421756
491280 0.00277784
491300 0.001361151
491310 0.00031548
491320 6.962795e-05
491340 3.13e-07
491350 3.94569e-09
491360 2.76e-10
491370 1.21586e-11
501110 0.0
501120 0.0
501130 0.0
501140 0.0
501150 0.0
501170 7.46e-13
501180 1.6e-10
501190 6.8302e-07
501210 1.454e-05
501220 0.00018831
501230 0.00113904
501240 0.00141891
501250 0.00401715
501260 0.00829809
501270 0.01540268
501280 0.0208138
501290 0.02062722
501300 0.01257628
501310 0.007509
501320 0.00406368
501330 0.00095791
501340 0.0001714361
501360 1.05e-06
501370 5.17879e-08
501380 1.900361e-09
511130 0.0
511150 0.0
511170 0.0
511180 0.0
511190 1.76e-12
511200 3.36e-10
511210 1.3443e-06
511230 2.801e-05
511240 3.75999e-07
511250 4.791e-05
511270 0.00025271
511280 0.00158787
511290 0.00538985
511300 0.01365439
511310 0.0197582
511320 0.0264083
511330 0.0161965
511340 0.00687786
511350 0.00202253
511360 0.00033343
511370 4.398e-05
511380 4.03e-06
511390 2.639e-07
511400 3.05321e-09
511410 3.63592e-10
511420 1.06354e-11
521150 0.0
521170 0.0
521180 0.0
521190 0.0
521200 1.35e-14
521210 4.21e-12
521220 7.89e-10
521230 6.23e-08
521240 4.36e-14
521250 2.975e-12
521260 1.36e-10
521270 4.08e-09
521280 1.48e-07
521290 2.97e-06
521300 0.00175656
521310 0.03043409
521330 0.03103048
521340 0.0321611
521350 0.03359445
521370 0.00328433
521380 0.00076721
521390 0.00013009
521400 1.5327e-05
521410 1.54866e-06
521420 5.33894e-08
521430 6.15947e-10
521440 8.43833e-11
531210 0.0
531220 1.15e-11
531250 0.0
531260 0.0
531270 0.0
531280 0.0
531290 7.61e-13
531300 2.288e-05
531310 0.00028944
531320 0.00164742
531330 0.00719856
531340 0.01860367
531350 0.0325571
531360 0.0310661
531370 0.0387563
531390 0.00578622
531400 0.00171663
531410 0.000383441
531430 1.61963e-06
531440 1.88267e-07
531450 1.58438e-09
531460 7.82721e-11
531470 3.66225e-11
541240 0.0
541250 0.0
541260 0.0
541270 0.0
541280 0.0
541300 2.62e-08
541310 9.31e-07
541320 0.00019506
541340 0.00117741
541350 0.00344014
541360 0.012036
541370 0.0222492
541380 0.0279066
541390 0.0270964
541400 0.0189247
541410 0.00936731
541420 0.00292761
541430 0.00057827
541440 7.92217e-05
541450 6.74842e-06
541460 3.92922e-07
541470 1.56469e-07
541490 3.46589e-11
541500 8.88e-14
551270 0.0
551290 0.0
551310 2.5e-10
551320 1.26e-08
551330 3.98e-07
551340 6.542e-05
551360 0.00051532
551370 0.00235787
551380 0.02516343
551400 0.024415
551410 0.0280027
551420 0.0207618
551430 0.0102626
551440 0.00361553
551450 0.00081252
551460 0.0001279
551470 3.43824e-05
551480 1.16e-06
551490 9.11355e-08
551500 1.7e-09
551510 4.72807e-11
561290 0.0
561310 0.0
561320 7.8e-13
561330 7.33e-11
561340 3.86e-09
561350 8.73e-08
561360 2.06e-06
561370 2.48e-05
561380 0.00018459
561390 0.00099054
561400 0.0037291
561410 0.0101647
561420 0.0174776
561430 0.0204801
561440 0.02688408
561460 0.00383219
561470 0.00114232
561480 0.0002705788
561500 2.63e-06
561510 2.01385e-07
561520 5.26e-09
561530 1.27352e-10
561540 2.01e-12
571330 0.0
571350 1.07e-11
571370 2.27e-08
571380 4.43e-07
571390 6.14e-06
571400 5.945e-05
571410 0.00040631
571420 0.00172503
571430 0.0049449
571440 0.0100131
571450 0.0131135
571460 0.01247576
571470 0.00911454
571480 0.00461389
571490 0.00163149
571500 0.0003925086
571520 5.18e-06
571530 3.34873e-07
571540 1.4578389e-08
571560 8.56412e-12
571570 3.77903e-13
581350 0.0
581370 8.958e-11
581390 3.241e-09
581400 8.29e-08
581410 1.843e-05
581430 0.00012769
581440 0.00066067
581450 0.00214674
581460 0.00493015
581470 0.0083662
581480 0.0100274
581490 0.00852796
581500 0.00449342
581510 0.00146571
581520 0.00044638
581530 7.548e-05
581540 8.42e-06
581550 7.59822e-07
581560 4.29914e-08
581570 1.60962e-09
581580 4.27e-11
581590 1.60806e-12
581600 0.0
591390 1.38e-13
591400 9.44e-12
591410 4.72e-10
591420 1.44e-08
591430 2.99e-07
591440 4.2e-06
591450 3.627e-05
591460 0.00021597
591470 0.00354456
591490 0.00536372
591500 0.0066839
591510 0.0090579
591530 0.00160268
591540 0.00044116
591550 0.00010064
591560 1.467e-05
591570 1.4e-06
591580 9.58e-08
591590 4.22839e-09
591600 1.31e-10
591610 2.13832e-12
591620 5.97497e-14
601400 0.0
601410 1.17e-14
601420 9.86e-13
601430 5.78e-11
601440 2.27e-09
601450 5.45e-08
601460 8.87e-07
601470 9.71e-06
601480 7.471e-05
601490 0.00038702
601500 0.0011937
601510 0.00223592
601520 0.00393484
601530 0.00379207
601540 0.0024083
601550 0.00129905
601560 0.00046051
601570 0.00012543
601590 2.04e-06
601600 1.62e-07
601610 9.10786e-09
601620 2.9994e-10
601630 6.31e-12
601640 9.73e-14
601650 6.42464e-15
611410 0.0
611430 0.0
611440 6.7888e-12
611460 3.06e-10
611470 9.11e-09
611480 2.9028e-06
611500 2.216e-05
611510 0.00010732
611520 0.00047382
611530 0.00108851
611540 0.00157976
611550 0.00193232
611560 0.00156468
611570 0.00083024
611580 0.00033005
611590 8.845e-05
611600 1.729e-05
611610 2.38e-06
611620 1.99e-07
611630 1.092e-08
611650 1.68936e-11
611660 1.54154e-13
611670 4.97612e-15
621430 0.0
621440 0.0
621450 0.0
621460 0.0
621470 6.92e-13
621480 4.13e-11
621490 1.62e-09
621500 5.227e-07
621520 5.75e-06
621530 3.376e-05
621540 0.00046432
621560 0.00064512
621570 0.00076207
621580 0.00067343
621590 0.00040605
621600 0.0001825
621610 5.792e-05
621620 1.172e-05
621630 1.49e-06
621640 1.5e-07
621650 1.51e-08
621660 7.73846e-10
621670 2.1195e-11
621680 4.95e-13
621690 1.16708e-14
621700 0.0
631470 0.0
631490 7.8e-14
631510 1.85e-10
631520 6.09999e-09
631530 9.61e-08
631540 8.75e-07
631550 6.41e-06
631560 2.958e-05
631570 8.216e-05
631580 0.00016635
631590 0.00022507
631600 0.00038035
631620 7.131e-05
631630 2.063e-05
631640 6.13e-06
631660 1.51e-07
631670 1.05e-08
631680 6.1e-10
631690 3.06883e-11
631700 9.85e-13
631710 7.4407e-15
631720 4.20239e-16
641470 0.0
641490 0.0
641510 5.26e-13
641530 2.28e-11
641540 5.51e-10
641550 1.06e-08
641560 1.28e-07
641570 8.85e-07
641580 4.39e-06
641590 1.419e-05
641600 3.298e-05
641610 5.079e-05
641620 5.196e-05
641630 3.269e-05
641640 1.754e-05
641650 9.38e-06
641660 3.255e-06
641680 6.51e-08
641690 8.2e-09
641700 6.846926e-10
641720 2.10958e-12
651510 0.0
651530 0.0
651550 1.44e-12
651560 4.633e-11
651570 1.1339e-08
651590 8.58e-08
651600 4.95e-07
651610 1.81e-06
651620 4.38e-06
651630 6.23e-06
651640 7.54e-06
651650 8.79e-06
651660 5.82e-06
651670 2.18e-06
651680 6.87e-07
651690 2.04e-07
651700 3.85e-08
651710 4.63e-09
651720 7.55e-10
661550 0.0
661560 0.0
661570 6.3e-14
661580 2.09e-12
661590 4.42e-11
661600 6.57e-10
661610 5.97e-09
661620 3.63e-08
661630 1.24e-07
661640 3.62e-07
661650 9.69e-07
661660 1.47e-06
661670 1.24e-06
661680 8.46e-07
661690 5.61e-07
661700 2.34e-07
661710 6.54e-08
661720 2.48e-08
671590 0.0
671610 1.644e-12
671620 2.586e-11
671630 2.218e-10
671640 1.642e-09
671650 1.07e-08
671660 3.97e-08
671670 7.97e-08
671680 1.24e-07
671690 1.87e-07
671700 1.708e-07
671710 1.06e-07
671720 8.8e-08
681610 0.0
681620 0.0
681630 3.25e-14
681640 6.25e-13
681650 1.03e-11
681660 9.74e-11
681670 4.942e-10
681680 1.87e-09
681690 6.82e-09
681700 1.44e-08
681710 2.06e-08
681720 3.78e-08
691650 0.0
691660 1.98e-14
691670 2.61e-13
691680 2.47e-12
691690 2.3e-11
691700 1.19e-10
691710 4.2e-10
691720 1.82e-09
701660 0.0
701670 0.0
701680 0.0
701690 0.0
701700 8.5e-14
701710 7.69e-13
701720 8.22e-12
711690 0.0
711710 0.0
711720 0.0
721710 0.0
