240660 0.0
240670 0.0
240680 5.81495e-19
240700 0.0
250660 3.26e-12
250670 9.05999e-13
250680 1.62e-13
250690 1.64994e-14
250700 0.0
250710 0.0
250720 1.16781e-18
260650 2.86e-10
260670 3.82e-10
260690 4.52e-11
260700 1.5e-11
260710 3.11e-12
260720 4.94988e-14
260730 0.0
260740 0.0
260750 5.46253e-18
260760 0.0
270660 9.90999e-10
270670 2.33e-09
270680 3.6e-09
270690 3.59e-09
270700 3.71e-09
270710 2.48e-09
270720 1.29e-10
270730 2.357e-11
270750 1.65294e-13
270770 3.79833e-16
270780 5.94521e-17
280660 3.85e-10
280670 2.36e-09
280680 9.18999e-09
280690 2.43e-08
280700 6.94999e-08
280710 1.35e-07
280720 2.15e-08
280730 1.15e-08
280740 2.83e-09
280750 8.63999e-10
280760 1.92e-10
280770 1.60996e-11
280780 2.51994e-12
280790 3.38677e-14
280800 0.0
280810 0.0
290660 6.15e-12
290670 1.1e-10
290680 9.385989e-09
290700 3.679e-07
290720 1.31e-07
290730 1.97e-07
290740 1.43e-07
290750 1.35e-07
290760 9.51999e-08
290770 2.59e-08
290780 1.34e-08
290790 9.60965e-10
290800 6.82999e-11
290810 3.5e-12
290820 1.03e-13
290830 3.96347e-15
300660 0.0
300670 3.84e-13
300680 1.23e-11
300690 2.63e-10
300700 5.64e-09
300710 7.83e-08
300720 8.78999e-08
300730 3.41e-07
300740 6.5e-07
300750 1.66e-06
300760 3.35e-06
300770 2.72e-06
300780 5.41e-06
300800 2.35e-07
300810 3.99e-08
300820 4.08e-09
300830 1.67996e-10
300840 4.39e-12
300850 7.50657e-14
300860 0.0
310650 0.0
310670 0.0
310690 2.62e-13
310700 1.8e-11
310710 7.73999e-10
310720 2.6e-09
310730 2.87e-08
310740 1.479998e-07
310750 9.88999e-07
310760 5.16e-06
310770 1.107e-05
310780 4.929e-05
310790 3.271e-05
310800 2.306e-05
310810 1.232e-05
310820 4.2e-06
310830 5.87e-07
310840 5.47e-08
310850 2.12992e-09
310860 6.254551e-11
310880 2.57154e-14
320660 0.0
320670 0.0
320680 0.0
320690 0.0
320700 0.0
320710 5e-13
320720 5.47e-12
320730 3.2415e-09
320750 9.3688899e-07
320770 5.034999e-06
320780 5.821e-05
320790 0.00010017
320800 0.00018842
320810 0.0002813
320820 0.00029009
320830 0.00012853
320840 4.047e-05
320850 5.64e-06
320860 5.79e-07
320870 3.15992e-08
320880 1.08997e-09
320890 1.03259e-11
320900 2.03484e-12
320910 5.46724e-14
330690 0.0
330710 0.0
330720 0.0
330730 3.59e-14
330740 1.884e-12
330750 1.19e-10
330760 5.5e-09
330770 9.60999e-08
330780 3.23e-06
330790 1.534e-05
330800 7.63499e-05
330810 0.00029482
330820 0.00081406
330830 0.00100243
330840 0.00095219
330850 0.00043513
330860 0.00014834
330870 2.866e-05
330880 3.47e-06
330890 2.92989e-07
330900 5.77368e-08
330910 1.55128e-09
330920 4.05784e-12
330930 1.15397e-12
340720 0.0
340730 0.0
340740 0.0
340750 1.43e-14
340760 2.2e-12
340770 1.253e-10
340780 3.01e-08
340790 2.011e-07
340800 3e-06
340810 3.32e-05
340820 0.0002564
340830 0.000848689
340840 0.00205073
340850 0.0028594
340860 0.00285404
340870 0.00185954
340880 0.000692469
340890 0.00019102
340900 9.52222e-05
340910 2.55845e-06
340920 1.71996e-07
340930 4.89122e-08
340940 1.09e-10
340950 2.02523e-12
340960 1.25e-14
350750 0.0
350770 0.0
350780 3.47e-12
350790 7.65e-11
350800 3.720999e-09
350810 1.31e-07
350820 3.227999e-06
350830 3.251e-05
350840 0.0002495299
350850 0.000943459
350860 0.00253498
350870 0.00436826
350880 0.00488706
350890 0.00398528
350900 0.00249861
350910 0.00056202
350920 0.00012492
350930 5.4001e-05
350940 1.05e-06
350950 5.74641e-08
350960 1.45e-09
350970 1.30936e-11
350980 4.71842e-13
360770 0.0
360780 0.0
360790 0.0
360800 2.74e-13
360810 3.229e-11
360820 2.7e-09
360830 8.93999e-08
360840 2.34e-06
360850 2.936e-05
360860 0.00024461
360870 0.00107532
360880 0.00393616
360890 0.00725839
360900 0.0100486
360910 0.00924664
360920 0.00613303
360930 0.0019871
360940 0.00060347
360950 9.47725e-05
360960 9.52999e-06
360970 5.54986e-07
360980 1.99995e-08
360990 3.33478e-11
361000 6.91999e-12
361010 5.28144e-13
370790 0.0
370810 0.0
370830 6.72999e-12
370840 6.25e-10
370850 2.7e-08
370860 8.03e-07
370870 1.468e-05
370880 0.00014198
370890 0.000842509
370900 0.00317273
370910 0.00820349
370920 0.013336
370930 0.0150389
370940 0.0112685
370950 0.00540899
370960 0.00173368
370970 0.00034307
370980 4.175e-05
370990 9.46216e-07
371000 1.71e-07
371010 1.49856e-08
371020 4.36454e-11
371030 2.22531e-12
371040 3.70396e-14
380830 0.0
380840 0.0
380850 1.529998e-12
380860 1.62e-10
380870 1.079999e-08
380880 3.61e-07
380890 6.98999e-06
380900 8.50399e-05
380910 0.000670039
380920 0.00323562
380930 0.0114551
380940 0.0208438
380950 0.0271871
380960 0.0244872
380970 0.0147839
380980 0.00559697
380990 0.00156054
381000 0.0002473
381010 2.4715e-05
381020 1.84995e-06
381030 9.43222e-08
381040 1.56996e-09
381050 8.26835e-12
381060 8.6942e-13
390850 0.0
390870 2.05e-13
390880 2.47e-11
390890 1.642e-09
390900 6.97e-08
390910 1.819998e-06
390920 2.788e-05
390930 0.00030806
390940 0.00192102
390950 0.00664172
390960 0.01662483
390970 0.0273012
390980 0.0282256
390990 0.022553
391000 0.0107817
391010 0.00340599
391020 0.000806549
391030 0.000104136
391040 8.36999e-06
391050 2.34607e-07
391060 2.4669e-08
391070 1.73019e-11
391080 1.55944e-12
391090 9.24456e-14
400870 0.0
400880 0.0
400890 2.18e-14
400900 3.35e-12
400910 3.24e-10
400920 1.78e-08
400930 6.97999e-07
400940 1.416e-05
400950 0.00016016
400960 0.00677218
400980 0.0156726
400990 0.0334954
401000 0.0428817
401010 0.0375769
401020 0.0252494
401030 0.0103224
401040 0.00273888
401050 0.000386925
401060 4.06853e-05
401070 7.33357e-07
401080 6.60984e-08
401090 3.9184e-09
401100 0.0
401110 0.0
401120 0.0
401130 0.0
410890 0.0
410900 0.0
410910 0.0
410920 2.69e-13
410930 3.913999e-11
410940 2.92e-09
410950 1.103999e-07
410960 0.00012326
410970 4.352999e-05
410980 0.0003812299
410990 0.00239145
411000 0.00857502
411010 0.0202173
411020 0.0749117
411040 0.0306826
411050 0.0129351
411060 0.005197396
411080 8.24099e-05
411090 4.32608e-06
411100 6.24e-13
411110 2.58185e-15
411120 5.0248e-17
411130 3.2191e-17
411140 0.0
411150 2.6192e-14
411160 1.4344e-16
420890 0.0
420910 0.0
420920 0.0
420930 3.41e-14
420950 4.5e-12
420960 3.83e-10
420970 2.18e-08
420980 6.43e-07
420990 1.328e-05
421000 0.00015178
421010 0.0010925
421020 0.00535093
421030 0.0172167
421040 0.0360673
421050 0.0413196
421060 0.0388935
421070 0.020746
421080 0.00681437
421090 0.0012146
421100 2.27e-06
421110 6.31999e-08
421120 2.01799e-09
421140 3.37e-13
421150 1.11018e-09
421160 6.07985e-12
421170 1.42447e-14
430930 0.0
430950 0.0
430970 2.79e-13
430980 2.87e-11
430990 8.16869e-08
431010 1.92e-06
431020 2.97e-05
431030 0.00231567
431050 0.00627231
431060 0.017028
431070 0.0243013
431080 0.0224043
431090 0.0118316
431100 0.00263049
431110 0.00039857
431120 4.124e-05
431130 5.41921e-06
431140 3.44e-07
431150 1.22568e-06
431160 3.24e-08
431170 4.04182e-10
431180 6.924989e-13
431200 2.47717e-16
440950 0.0
440960 0.0
440970 0.0
440980 0.0
440990 1.72e-14
441000 2.42e-12
441010 2.02e-10
441020 1.04e-08
441030 3.79e-07
441040 8.42999e-06
441050 0.0008195989
441070 0.00299148
441080 0.00826148
441090 0.02272952
441110 0.00511132
441120 0.00176142
441130 0.000952499
441140 0.00027199
441150 9.06131e-05
441160 1.062e-05
441170 6.66595e-07
441180 2.85993e-08
441190 7.52982e-10
441200 1.04997e-11
441210 5.39204e-14
441220 0.0
441240 0.0
450990 0.0
451010 0.0
451020 9.28e-14
451030 1.23e-11
451040 9.68999e-10
451050 3.552e-08
451060 9.92e-07
451070 1.401e-05
451080 0.0001201
451090 0.00053496
451100 0.0001905198
451110 0.00034512
451120 0.00038195
451130 0.00055956
451140 0.00043261
451150 0.00034495
451170 3.478e-05
451180 6.66999e-06
451190 7.96999e-07
451210 1.52994e-09
451220 3.1e-11
451230 3.64e-13
451240 0.0
460990 0.0
461010 0.0
461020 0.0
461040 0.0
461050 8.52999e-13
461060 4.0005999e-09
461080 1.22e-07
461090 1.921999e-06
461100 4.3e-09
461110 4.48e-08
461120 2.52e-07
461130 1.76e-06
461140 5.92e-06
461150 6.235e-05
461160 0.00014047
461170 0.00016204
461180 0.00011803
461190 5.037e-05
461200 1.249e-05
461210 1.793e-06
461230 6.34e-09
461240 1.18e-10
461250 0.0
461270 0.0
461280 0.0
461290 0.0
461300 0.0
471030 0.0
471050 0.0
471060 0.0
471070 2.41e-14
471080 3.21e-12
471090 1.849998e-10
471100 0.0
471110 0.0
471120 2.0952e-12
471140 3.83e-11
471150 6.76e-07
471160 7.78e-06
471170 3.796e-05
471180 9.822e-05
471190 0.00013769
471200 0.00011829
471210 5.536e-05
471220 1.624998e-05
471230 2.95e-06
471240 2.53e-07
471250 1.74e-11
471260 1.77e-12
471270 1.33e-13
471280 0.0
471290 4.33031e-16
471300 0.0
471310 1.3681083e-11
481050 0.0
481060 0.0
481070 0.0
481080 0.0
481090 0.0
481100 0.0
481110 0.0
481120 0.0
481130 0.0
481140 0.0
481150 4.81e-10
481160 3.27e-08
481170 8.04e-07
481180 5.083999e-05
481200 0.00011979
481210 0.0001740198
481220 0.0002584599
481240 3.501e-05
481250 3.23e-06
481260 1.24e-06
481270 4.45e-07
481280 6.07e-08
481290 1.06e-08
481300 9.15999e-10
481310 5.59986e-07
481320 1.98995e-08
481330 1.18061e-10
481340 2.62e-12
481360 0.0
491070 0.0
491090 0.0
491110 0.0
491120 0.0
491130 0.0
491140 0.0
491150 0.0
491160 3.75999e-12
491170 5.111999e-10
491180 2.573e-08
491190 5.159999e-07
491200 5.60001e-06
491210 2.738e-05
491220 7.8e-05
491230 0.00014315
491240 0.0001813998
491250 0.00027396
491260 0.00032584
491270 0.00048052
491280 0.00052978
491300 0.00010509
491310 0.00029556
491320 4.363988e-05
491340 9.01999e-08
491350 2.2672e-10
491360 1.05e-11
491370 2.1634e-13
501110 0.0
501120 0.0
501130 0.0
501140 0.0
501150 0.0
501170 1.889998e-14
501180 4.72e-12
501190 1.99180999e-08
501210 3.69e-07
501220 3.76e-06
501230 2.303999e-05
501240 0.00010426
501250 0.00019154
501260 0.00049137
501270 0.0018131
501280 0.00329146
501290 0.00689289
501300 0.01248442
501310 0.0110088
501320 0.00523935
501330 0.00159381
501340 0.00018877977
501360 3.42e-07
501370 9.16978e-09
501380 1.602317e-10
501400 2.30436e-13
511130 0.0
511150 0.0
511170 0.0
511180 0.0
511190 0.0
511200 1.846999e-12
511210 5.955e-09
511230 1.36e-07
511240 2.579997e-06
511250 2.630997e-06
511270 3.122e-05
511280 0.0001918399
511290 0.0010844
511300 0.00558281
511310 0.0173784
511320 0.0257195
511330 0.0250672
511340 0.010531
511350 0.00217249
511360 0.00029096
511370 2.729e-05
511380 1.66e-06
511390 9.16967e-08
511400 6.53841e-09
511410 7.27545e-12
511420 9.88509e-13
521150 0.0
521170 0.0
521180 0.0
521190 0.0
521200 0.0
521210 0.0
521220 5.38e-13
521230 5.09e-11
521240 4.51e-09
521250 3.349999e-13
521260 1.04e-11
521270 5.65e-10
521280 1.98e-08
521290 4.62e-07
521300 1.158e-05
521310 0.016344839
521330 0.0402711
521340 0.0543111
521350 0.0541023
521370 0.00512159
521380 0.00105156
521390 0.00018812
521400 1.07835e-05
521410 3.08378e-07
521420 4.1899e-08
521430 2.24494e-11
521440 2.84489e-12
521450 1.82597e-13
531210 0.0
531220 0.0
531250 0.0
531260 0.0
531270 0.0
531280 0.0
531290 5.91e-14
531300 8.41e-12
531310 1.913e-05
531320 0.00061012
531330 0.00031506
531340 0.01347342
531350 0.030087
531360 0.0402836
531370 0.0564364
531390 0.0088877
531400 0.00208893
531410 0.0004277909
531430 6.36983e-07
531440 8.07212e-08
531450 5.18104e-09
531460 9.60198e-12
531470 8.13892e-13
541240 0.0
541250 0.0
541260 0.0
541270 0.0
541280 0.0
541300 0.0
541310 8e-09
541320 9.187e-06
541340 0.0003213899
541350 0.002269029
541360 0.0108381
541370 0.026963
541380 0.0406057
541390 0.0408452
541400 0.0310012
541410 0.0146286
541420 0.00546027
541430 0.001050542
541440 0.000133129
541450 8.54481e-06
541460 4.0699e-07
541470 3.46597e-08
541490 1.12997e-12
541500 0.0
551270 0.0
551290 0.0
551310 8.69999e-14
551320 2.32e-11
551330 1.45e-09
551340 7.542e-06
551360 0.0001411298
551370 0.000923659
551380 0.01609421
551400 0.0229067
551410 0.027552
551420 0.0268741
551430 0.0160688
551440 0.00654258
551450 0.00141727
551460 0.00022914
551470 3.80868e-05
551480 1.16e-06
551490 3.20619e-08
551500 6.58999e-10
551510 1.72914e-12
551520 1.08524e-13
561290 0.0
561310 0.0
561320 0.0
561330 1.39e-14
561340 9.78999e-12
561350 1.3e-09
561360 9.74e-08
561370 2.195e-06
561380 3.306e-05
561390 0.00030499
561400 0.00175181
561410 0.00652486
561420 0.0144429
561430 0.0267222
561440 0.0473581
561460 0.0090474
561470 0.00281572
561480 0.0005547179
561500 3.68e-06
561510 7.32914e-08
561520 4.59989e-09
561530 1.6599e-11
561540 7.58999e-13
561550 3.03261e-14
571330 0.0
571350 0.0
571370 1.4e-10
571380 7.51999e-09
571390 2.28e-07
571400 4.19e-06
571410 4.394e-05
571420 0.000364
571430 0.00201735
571440 0.00657603
571450 0.0121785
571460 0.01546666
571470 0.0132746
571480 0.00724806
571490 0.00244795
571500 0.0006537766
571520 8.16999e-06
571530 4.70983e-07
571540 1.6860477e-08
571560 1.78828e-12
571570 6.11035e-14
571580 1.21027e-15
581350 0.0
581370 9.67999e-14
581390 9.91999e-12
581400 6.32e-10
581410 6.369e-07
581430 1.12e-05
581440 0.00012821
581450 0.000743089
581460 0.00293069
581470 0.00656891
581480 0.0107703
581490 0.0102002
581500 0.00705711
581510 0.00301698
581520 0.000940499
581530 0.00017472
581540 1.964e-05
581550 1.41914e-06
581560 7.57982e-08
581570 2.58994e-09
581580 5.12988e-11
581590 2.29074e-13
581600 0.0
591390 0.0
591400 0.0
591410 3e-13
591420 2.74e-11
591430 1.91e-09
591440 7.755989e-08
591450 1.58e-06
591460 2.077e-05
591470 0.0009205
591490 0.0020231
591500 0.00420793
591510 0.0092932
591530 0.00219056
591540 0.000738189
591550 0.00016223
591560 2.74e-05
591570 3.13e-06
591580 2.04e-07
591590 6.49977e-09
591600 1.12e-10
591610 2.47717e-13
591620 2.10677e-17
591630 3.79833e-19
601400 0.0
601410 0.0
601420 0.0
601430 1.81e-14
601440 2.68e-12
601450 2.11e-10
601460 9.42999e-09
601470 2.33e-07
601480 4.27e-06
601490 4.066e-05
601500 0.00025499
601510 0.000879059
601520 0.00203923
601530 0.00286152
601540 0.00257551
601550 0.00151854
601560 0.000721859
601570 0.00030209
601590 5.12e-06
601600 2.87e-07
601610 1.04997e-08
601620 8.92978e-13
601630 1.60996e-14
601640 0.0
601650 4.96914e-19
601660 3.28889e-20
611410 0.0
611430 0.0
611440 0.0
611460 1.09e-13
611470 9.39999e-12
611480 2.3557e-08
611500 5.08e-07
611510 5.86e-06
611520 4.248e-05
611530 0.00017772
611540 0.00045092
611550 0.000700089
611560 0.000860179
611570 0.000805369
611580 0.00044068
611590 0.00012776
611600 2.148e-05
611610 2.44e-06
611620 6.68999e-10
611630 3.9138999e-11
611650 1.40995e-14
611660 9.33194e-16
611670 3.12831e-18
611690 1.24257e-19
621430 0.0
621440 0.0
621450 0.0
621460 0.0
621470 0.0
621480 0.0
621490 7.17999e-13
621500 2.641e-09
621520 6.11e-08
621530 8.44999e-07
621540 3.868999e-05
621560 0.0001112
621570 0.00028942
621580 0.0004132
621590 0.00030981
621600 0.00013771
621610 4.316e-05
621620 3.44e-08
621630 5.78e-09
621640 4.47e-10
621650 2.17e-11
621660 1.53907e-12
621670 2.65994e-14
621680 1.05997e-13
621690 5.26677e-15
621700 0.0
621710 4.54892e-20
631470 0.0
631490 0.0
631510 2.81e-14
631520 2.319999e-12
631530 1.11e-10
631540 3.07e-09
631550 4.63e-08
631560 5.3e-07
631570 4.23e-06
631580 1.775e-05
631590 3.723e-05
631600 8.01e-05
631620 7.41999e-08
631630 3.25e-08
631640 8.04999e-09
631660 2.18e-10
631670 1.2e-11
631680 1.55e-10
631690 5.81473e-12
631700 1.36e-13
631710 1.29072e-15
631720 1.38014e-18
641470 0.0
641490 0.0
641510 0.0
641530 0.0
641540 7.90999e-14
641550 4.01e-12
641560 1.53e-10
641570 4.15e-09
641580 5.62e-08
641590 3.71e-07
641600 1.33e-06
641610 3.15e-06
641620 1.79e-08
641630 2.02e-08
641640 1.13e-08
641650 4.22e-09
641660 2.866e-09
641680 1.49e-08
641690 1.74e-09
641700 1.3112871e-10
641720 5.84986e-14
651510 0.0
651530 0.0
651550 0.0
651560 0.0
651570 4.928e-12
651590 1.06e-10
651600 1.25e-09
651610 9.40999e-09
651620 1.667998e-10
651630 5.47e-10
651640 8.75999e-10
651650 8.88999e-10
651660 1.37e-09
651670 5.51e-10
651680 5.6e-08
651690 1.79e-08
651700 3.84e-09
651710 1.91e-10
651720 1.64e-11
661550 0.0
661560 0.0
661570 0.0
661580 0.0
661590 0.0
661600 6.81999e-14
661610 1.73e-12
661620 1.01e-13
661630 1.05e-12
661640 5.34e-12
661650 1.667e-11
661660 7.60999e-11
661670 8.62999e-11
661680 2.36e-08
661690 1.96e-08
661700 1.09e-08
661710 1.44e-09
661720 3.45e-10
671590 0.0
671610 0.0
671620 0.0
671630 0.0
671640 0.0
671650 0.0
671660 1.378999e-13
671670 4.94e-13
671680 4.11e-10
671690 9.94999e-10
671700 1.535998e-09
671710 5.4e-10
671720 3.35e-10
681610 0.0
681620 0.0
681630 0.0
681640 0.0
681650 0.0
681660 0.0
681670 0.0
681680 4.89e-13
681690 3.81e-12
681700 1.84e-11
681710 1.95e-11
681720 3.47e-11
691650 0.0
691660 0.0
691670 0.0
691680 0.0
691690 0.0
691700 0.0
691710 2.2e-14
691720 1.25e-13
701660 0.0
701670 0.0
701680 0.0
701690 0.0
701700 0.0
701710 0.0
701720 0.0
711690 0.0
711710 0.0
711720 0.0
721710 0.0
