230660 7.05862e-18
240660 1.47993e-13
240670 0.0
240680 8.44173e-18
240700 0.0
250660 5.96e-11
250670 1.2e-11
250680 1.98e-12
250690 1.76992e-13
250700 1.33e-14
250710 0.0
250720 9.15713e-17
250730 6.62938e-18
260650 2.92e-09
260670 2.344e-09
260690 2.07e-10
260700 5.84e-11
260710 1.13e-11
260720 1.91991e-12
260730 1.38993e-13
260740 0.0
260750 2.78053e-16
260760 0.0
270660 4.56e-09
270670 7.13e-09
270680 9.83e-09
270690 7.87e-09
270700 5.63e-09
270710 3.95e-09
270720 1.75e-09
270730 5.403e-10
270750 6.15372e-12
270770 1.96497e-14
270780 1.37834e-15
280660 1.32e-09
280670 4.58e-09
280680 1.91e-08
280690 3.34e-08
280700 7.5e-08
280710 1.24e-07
280720 1.84e-07
280730 1.29e-07
280740 6.17e-08
280750 1.56e-08
280760 3.28e-09
280770 4.1198e-10
280780 2.88986e-11
280790 3.90609e-13
280800 2.33e-14
280810 0.0
290660 1.11e-11
290670 1.33e-10
290680 8.552e-09
290700 2.1376e-07
290720 5.69e-07
290730 1.27e-06
290740 1.46e-06
290750 1.28e-06
290760 7.03e-07
290770 3.26e-07
290780 6.21e-08
290790 8.18961e-09
290800 5.3e-10
290810 2.8e-11
290820 6.85e-13
290830 3.07145e-14
300660 1.07e-14
300670 3.43e-13
300680 1.24e-11
300690 1.735e-10
300700 2.91e-09
300710 3.386e-08
300720 3.27e-07
300730 1.59e-06
300740 5.53e-06
300750 1.087e-05
300760 1.93e-05
300770 2.189e-05
300780 1.979e-05
300800 1.23e-06
300810 1.77e-07
300820 1.66e-08
300830 6.43969e-10
300840 2.03e-11
300850 2.60883e-13
300860 0.0
310650 0.0
310670 0.0
310690 1.34e-13
310700 5.98e-12
310710 2.52e-10
310720 5.91e-09
310730 9.66e-08
310740 7.7e-07
310750 4.64e-06
310760 1.79e-05
310770 6.181e-05
310780 9.42e-05
310790 0.00010752
310800 6.43e-05
310810 3.313e-05
310820 8.23e-06
310830 1.24e-06
310840 1.14e-07
310850 5.46974e-09
310860 1.64267e-10
310880 1.08264e-13
320660 0.0
320670 0.0
320680 0.0
320690 0.0
320700 0.0
320710 1.516e-13
320720 1.29e-11
320730 1.64589e-08
320750 3.2375e-06
320770 2.346e-05
320780 0.00010869
320790 0.00026934
320800 0.00049565
320810 0.00058876
320820 0.00049053
320830 0.00019109
320840 6.758e-05
320850 9.52e-06
320860 1.13e-06
320870 6.84967e-08
320880 2.26989e-09
320890 1.84097e-11
320900 1.66665e-12
330690 0.0
330710 0.0
330720 0.0
330730 9.63e-14
330740 7.46e-12
330750 4.14e-10
330760 1.37e-08
330770 3.78e-07
330780 4.27e-06
330790 3.414e-05
330800 0.00014008
330810 0.00050271
330820 0.0009133
330830 0.00113756
330840 0.00099828
330850 0.00052458
330860 0.00016879
330870 4.131e-05
330880 4.05e-06
330890 3.85982e-07
330900 3.49433e-08
330910 1.37357e-10
330920 8.06018e-12
330930 6.18065e-13
340720 0.0
340730 0.0
340740 0.0
340750 5.5e-14
340760 6.96e-12
340770 5.182e-10
340780 2.16e-08
340790 4.478e-07
340800 6.39e-06
340810 5.49e-05
340820 0.00031686
340830 0.00089216
340840 0.00231818
340850 0.00308884
340860 0.00334204
340870 0.00214883
340880 0.00080524
340890 0.00021281
340900 3.36451e-05
340910 2.87986e-06
340920 1.68992e-07
340930 1.29585e-08
340940 9.09e-11
340950 3.03985e-12
340960 0.0
350750 0.0
350770 1.59e-14
350780 2.32e-12
350790 1.824e-10
350800 7.01e-09
350810 2.21e-07
350820 3.26e-06
350830 3.227e-05
350840 0.00022215
350850 0.00093302
350860 0.00228239
350870 0.00483187
350880 0.00439958
350890 0.00402439
350900 0.00171552
350910 0.00057396
350920 9.788e-05
350930 1.2477e-05
350940 6.52e-07
350950 6.37343e-08
350960 6.22e-10
350970 1.31634e-11
350980 4.55949e-13
360770 0.0
360780 0.0
360790 0.0
360800 8.04e-13
360810 6.966e-11
360820 3.89e-09
360830 1.06e-07
360840 2.8e-06
360850 3.228e-05
360860 0.00028184
360870 0.00138473
360880 0.00411642
360890 0.00898287
360900 0.0128572
360910 0.0107505
360920 0.00671581
360930 0.00236733
360940 0.00049233
360950 6.13663e-05
360960 5.41e-06
360970 2.75987e-07
360980 9.55954e-09
360990 4.15375e-11
361000 3.21e-12
370790 0.0
370810 0.0
370830 1.02e-11
370840 7.83e-10
370850 3.7e-08
370860 9.06e-07
370870 1.464e-05
370880 0.00014597
370890 0.00104167
370900 0.00355195
370910 0.00950954
370920 0.0141735
370930 0.0169461
370940 0.00907134
370950 0.00413874
370960 0.0009976201
370970 0.00019369
370980 1.873e-05
370990 8.70886e-07
371000 6.64e-08
371010 5.30351e-10
371020 3.30038e-11
371030 2.03778e-12
380830 0.0
380840 2.2e-14
380850 3.18e-12
380860 3.17e-10
380870 1.53e-08
380880 6.18e-07
380890 1.219e-05
380900 0.00015752
380910 0.00112073
380920 0.00548419
380930 0.014415
380940 0.0272959
380950 0.0291987
380960 0.0238949
380970 0.0116002
380980 0.00406516
380990 0.000838529
381000 0.00014022
381010 1.11195e-05
381020 6.91967e-07
381030 4.27247e-08
381040 5.65e-10
381050 8.02593e-12
381060 7.88787e-13
390850 0.0
390870 4.49e-13
390880 5.51e-11
390890 4.421e-09
390900 1.65e-07
390910 4.76e-06
390920 6.629e-05
390930 0.00069191
390940 0.00302171
390950 0.0107669
390960 0.01959795
390970 0.0296092
390980 0.0240583
390990 0.0163218
391000 0.00674524
391010 0.00196633
391020 0.00033313
391030 4.11373e-05
391040 2.79e-06
391050 1.68274e-07
391060 1.65379e-08
391070 1.54952e-11
391080 9.58637e-13
400870 0.0
400880 0.0
400890 1.16e-13
400900 1.84e-11
400910 1.58e-09
400920 9.21e-08
400930 2.65e-06
400940 4.826e-05
400950 0.00044153
400960 0.01302125
400980 0.0256268
400990 0.0379345
401000 0.0481364
401010 0.0331129
401020 0.0193059
401030 0.00600481
401040 0.00147099
401050 0.000162022
401060 1.59235e-05
401070 3.24876e-07
401080 2.0099e-08
401090 0.0
401100 0.0
401110 0.0
401120 0.0
401130 0.0
410890 0.0
410900 0.0
410910 1.46e-14
410920 2.6e-12
410930 3.156e-10
410940 1.717e-08
410950 6.41e-07
410960 2.208e-05
410970 0.00014786
410980 0.00093217
410990 0.00444968
411000 0.0126209
411010 0.0269118
411020 0.0690074
411040 0.01948112
411050 0.00752657
411060 0.002200725
411080 2.481e-05
411090 6.49e-12
411100 4.64e-14
411110 6.54087e-16
411120 1.55782e-17
411130 1.75214e-17
411140 1.55957e-12
411150 6.30237e-14
420890 0.0
420910 0.0
420920 0.0
420930 6.22e-13
420950 6.85e-11
420960 4.94e-09
420970 1.8e-07
420980 4.32e-06
420990 5.353e-05
421000 0.00052914
421010 0.00278592
421020 0.0118545
421030 0.0252577
421040 0.0437093
421050 0.0381078
421060 0.0302587
421070 0.0123111
421080 0.00347981
421090 1.009e-05
421100 4.83e-07
421110 1.31e-08
421120 6.62918e-10
421140 3.26984e-08
421150 1.32137e-09
421160 3.14e-12
421170 4.36455e-14
430930 0.0
430950 0.0
430970 6.16e-12
430980 4.23e-10
430990 5.5036e-07
431010 1.055e-05
431020 0.00011848
431030 0.00439716
431050 0.00991536
431060 0.0170937
431070 0.0215648
431080 0.0139173
431090 0.0050239
431100 0.00099708
431110 0.00017779
431120 1.794e-05
431130 2.94965e-06
431140 9.74e-06
431150 1.27228e-06
431160 1.81e-08
431170 9.15084e-10
431180 1.9966848e-12
440950 0.0
440960 0.0
440970 0.0
440980 0.0
440990 5.52e-13
441000 5.54e-11
441010 3.13e-09
441020 1.37e-07
441030 2.68e-06
441040 3.969e-05
441050 0.00197861
441070 0.00503922
441080 0.0102785
441090 0.02050889
441110 0.0042073
441120 0.00178328
441130 0.00084452
441140 0.00036169
441150 6.43564e-05
441160 1.109e-05
441170 8.81085e-07
441180 4.0998e-08
441190 8.64959e-10
441200 1.04e-11
441210 5.00781e-14
441220 0.0
441240 0.0
450990 0.0
451010 2.11e-14
451020 3.2e-12
451030 2.387e-10
451040 9.8e-09
451050 2.761e-07
451060 4.22e-06
451070 4.717e-05
451080 0.00024612
451090 0.00010592
451100 0.0002301
451110 0.00048686
451120 0.00047772
451130 0.00064498
451140 0.00044051
451150 0.00049436
451170 5.945e-05
451180 9.32e-06
451190 9.998e-07
451210 1.04995e-09
451220 1.35e-11
451230 1.18e-13
451240 0.0
460990 0.0
461010 0.0
461020 0.0
461040 2.43e-13
461050 2.05e-11
461060 3.745e-08
461080 7.28e-07
461090 1.041e-09
461100 1.44e-08
461110 1.463e-07
461120 7.79e-07
461130 3.35e-06
461140 9.861e-05
461150 0.00021461
461160 0.00042867
461170 0.00042004
461180 0.00027034
461190 8.79e-05
461200 1.886e-05
461210 1.777e-06
461230 3.32e-09
461240 0.0
461250 0.0
461270 0.0
461280 0.0
461290 0.0
461300 1.65e-14
471030 0.0
471050 0.0
471060 0.0
471070 6.977e-13
471080 4.47e-11
471090 0.0
471100 0.0
471110 1.04e-14
471120 6.63e-12
471140 6.21e-07
471150 6.4e-06
471160 3.944e-05
471170 0.0001508
471180 0.00026342
471190 0.00032859
471200 0.00021216
471210 8.438e-05
471220 1.8e-05
471230 2.63e-06
471240 2.82e-11
471250 1.98e-12
471260 2.96e-13
471270 2.41e-14
471280 0.0
471290 2.85102e-16
471300 9.59e-10
471310 2.2062917e-11
481050 0.0
481060 0.0
481070 0.0
481080 0.0
481090 0.0
481100 0.0
481110 0.0
481120 0.0
481130 0.0
481140 4.41e-10
481150 1.708e-08
481160 5.13e-07
481170 6.34e-06
481180 0.00021108
481200 0.00041106
481210 0.00046124
481220 0.00057424
481240 7.33e-06
481250 1.4e-06
481260 8.71e-07
481270 2.13e-07
481280 4.23e-08
481290 5.71e-09
481300 5.57e-06
481310 4.46979e-07
481320 1.55993e-08
481330 7.58325e-11
481340 1.2e-12
481360 0.0
491070 0.0
491090 0.0
491110 0.0
491120 0.0
491130 0.0
491140 0.0
491150 1.313e-12
491160 1.476e-10
491170 8.98e-09
491180 2.257e-07
491190 3.614e-06
491200 2.832e-05
491210 0.00012892
491220 0.000302799
491230 0.00049822
491240 0.00056584
491250 0.00034866
491260 0.00056317
491270 0.00051762
491280 0.0005031
491300 0.000700251
491310 0.00022462
491320 2.704992e-05
491340 3.28e-08
491350 2.13189e-10
491360 2.86e-12
501110 0.0
501120 0.0
501130 0.0
501140 0.0
501150 0.0
501170 9.59e-13
501180 1.22e-10
501190 2.7391e-07
501210 4.1e-06
501220 4.111e-05
501230 0.00018909
501240 0.0005249
501250 0.00054039
501260 0.00213194
501270 0.00353913
501280 0.0061779
501290 0.0092337
501300 0.01183584
501310 0.0098735
501320 0.00463707
501330 0.00093176
501340 9.579979e-05
501360 1.25e-07
501370 2.09e-09
501380 2.8115089e-11
511130 0.0
511150 0.0
511170 0.0
511180 0.0
511190 3.78e-13
511200 5.48e-11
511210 1.5289e-07
511230 3.05e-06
511240 7.17999e-07
511250 2.148e-05
511270 0.00011946
511280 0.00044436
511290 0.00206146
511300 0.00703925
511310 0.0191137
511320 0.0234421
511330 0.018621
511340 0.00569376
511350 0.00123266
511360 0.00011047
511370 7.9e-06
511380 3.16e-07
511390 1.07995e-08
511400 1.17326e-10
511410 4.5333e-12
521150 0.0
521170 0.0
521180 0.0
521190 0.0
521200 0.0
521210 3.36e-13
521220 5.88e-11
521230 4.178e-09
521240 1.18e-12
521250 1.545e-11
521260 3.51e-10
521270 5.97e-09
521280 1.01e-07
521290 1.405e-06
521300 0.00073102
521310 0.02758817
521330 0.0443929
521340 0.0511571
521350 0.0424452
521370 0.00233078
521380 0.00037531
521390 3.567e-05
521400 2.45988e-06
521410 9.50463e-08
521420 2.13e-09
521430 1.46445e-11
521440 1.55234e-12
531210 0.0
531220 1.62e-13
531250 0.0
531260 0.0
531270 0.0
531280 0.0
531290 2.93e-13
531300 1.971e-06
531310 5.199e-05
531320 0.00066445
531330 0.00517116
531340 0.01680793
531350 0.0366057
531360 0.0339905
531370 0.0353946
531390 0.00360771
531400 0.00066829
531410 9.7925e-05
531430 3.07041e-07
531440 3.25467e-08
531450 7.58325e-11
531460 3.05238e-12
531470 9.54373e-13
541240 0.0
541250 0.0
541260 0.0
541270 0.0
541280 0.0
541300 5.72e-10
541310 4.28e-08
541320 6.637e-05
541340 0.00090608
541350 0.00545326
541360 0.0190886
541370 0.0373224
541380 0.0461549
541390 0.0366722
541400 0.0228335
541410 0.00794382
541420 0.00209888
541430 0.000295632
541440 3.13375e-05
541450 1.58992e-06
541460 6.3997e-08
541470 2.00244e-08
541490 5.71549e-13
541500 0.0
551270 0.0
551290 0.0
551310 1.04e-12
551320 2.09e-10
551330 2.45e-08
551340 3.433e-05
551360 0.00053618
551370 0.00238411
551380 0.02615913
551400 0.0261548
551410 0.0282108
551420 0.0180212
551430 0.00873461
551440 0.00239596
551450 0.00046582
551460 5.159e-05
551470 1.92662e-05
551480 1.41e-07
551490 1.19832e-08
551500 6.31e-11
551510 9.95633e-13
551520 2.46575e-14
561290 0.0
561310 0.0
561320 0.0
561330 6.83e-13
561340 1.65e-10
561350 1.56e-08
561360 7.14e-07
561370 1.546e-05
561380 0.0001842
561390 0.00115431
561400 0.00538619
561410 0.0136396
561420 0.027198
561430 0.0296972
561440 0.0382823
561460 0.0048388
561470 0.000974554
561480 0.000151008
561500 7.02e-07
561510 2.08747e-08
561520 5.16975e-10
561530 2.81868e-12
561540 4.39e-14
571330 0.0
571350 2.03e-13
571370 2.92e-09
571380 1.04e-07
571390 2.49e-06
571400 3.188e-05
571410 0.00027889
571420 0.00143969
571430 0.0056212
571440 0.0107015
571450 0.0153877
571460 0.01350552
571470 0.00928238
571480 0.00330254
571490 0.00098106
571500 0.0001845591
571520 1.3e-06
571530 5.90972e-08
571540 1.24934791e-09
571560 3.77732e-13
571570 7.48786e-15
581350 0.0
581370 6.0397e-12
581390 4.11e-10
581400 2.06e-08
581410 1.0612e-05
581430 9.454e-05
581440 0.00066036
581450 0.00249874
581460 0.00702769
581470 0.0111137
581480 0.0125101
581490 0.00852081
581500 0.00490085
581510 0.00151246
581520 0.00035579
581530 4.537e-05
581540 3.57e-06
581550 1.95991e-07
581560 7.91962e-09
581570 1.56993e-10
581580 1.76e-12
581590 1.20187e-14
581600 0.0
591390 0.0
591400 2.66e-13
591410 2.74e-11
591420 1.53e-09
591430 5.72e-08
591440 1.0956e-06
591450 1.559e-05
591460 0.0001138
591470 0.00237713
591490 0.00365198
591500 0.00489514
591510 0.00745608
591530 0.00116437
591540 0.0002288
591550 4.663e-05
591560 5.17e-06
591570 3.98e-07
591580 1.26e-08
591590 2.51988e-10
591600 3.11e-12
591610 3.8727e-14
591620 8.39404e-16
601400 0.0
601410 0.0
601420 2.29e-14
601430 2.47e-12
601440 1.88e-10
601450 7.81e-09
601460 2.21e-07
601470 3.46e-06
601480 3.594e-05
601490 0.00019612
601500 0.00088897
601510 0.00208298
601520 0.00339768
601530 0.0034002
601540 0.00211292
601550 0.00102884
601560 0.00039696
601570 8.952e-05
601590 5.27e-07
601600 2.54e-08
601610 8.11961e-10
601620 1.75992e-11
601630 9.93e-14
601640 0.0
601650 1.28772e-17
611410 0.0
611430 0.0
611440 1.08e-13
611460 8.77e-12
611470 5.65e-10
611480 3.6986e-07
611500 4.44e-06
611510 3.581e-05
611520 0.00015264
611530 0.0005275
611540 0.00071104
611550 0.00113417
611560 0.00092741
611570 0.00060381
611580 0.00017596
611590 3.449e-05
611600 4.42e-06
611610 5.2e-07
611620 3.05e-08
611630 6.92e-10
611650 2.69987e-13
611660 2.41806e-15
611670 5.19858e-17
621430 0.0
621440 0.0
621450 0.0
621460 0.0
621470 0.0
621480 8.09e-13
621490 4.77e-11
621500 6.056e-08
621520 8.97e-07
621530 8.47e-06
621540 0.00018394
621560 0.00040447
621570 0.00059113
621580 0.00053259
621590 0.00023747
621600 0.00010033
621610 2.862e-05
621620 5.88e-06
621630 3.51e-07
621640 3e-08
621650 1.37e-09
621660 5.06976e-11
621670 1.08995e-12
621680 1.41e-14
621690 1.59773e-16
621700 0.0
631470 0.0
631490 0.0
631510 2.67e-12
631520 1.124001e-10
631530 4.16e-09
631540 5.33e-08
631550 7.35e-07
631560 5.37e-06
631570 2.734e-05
631580 5.879e-05
631590 8.315e-05
631600 0.00014601
631620 3.133e-05
631630 6.28e-06
631640 1.499e-06
631660 2.04e-08
631670 1.64e-09
631680 5.8e-11
631690 3.34984e-12
631700 2.24e-14
631710 1.75035e-16
631720 4.67395e-18
641470 0.0
641490 0.0
641510 0.0
641530 1.54e-13
641540 7.61e-12
641550 3.4e-10
641560 9.41e-09
641570 1.21e-07
641580 9.36e-07
641590 3.4e-06
641600 1.091e-05
641610 2.152e-05
641620 3.041e-05
641630 1.355e-05
641640 8.28e-06
641650 3.08e-06
641660 1.198e-06
641680 2.56e-08
641690 3.92e-09
641700 1.0256983e-10
641720 9.79953e-14
651510 0.0
651530 0.0
651550 0.0
651560 3.011e-13
651570 3.493e-10
651590 6.27e-09
651600 4.06e-08
651610 2.84e-07
651620 9.86e-07
651630 1.47e-06
651640 1.96e-06
651650 2.21e-06
651660 1.56e-06
651670 9.730001e-07
651680 2.88e-07
651690 1.49e-07
651700 9.54e-09
651710 1.29e-09
651720 9.2e-11
661550 0.0
661560 0.0
661570 0.0
661580 1.21e-14
661590 6.5e-13
661600 1.66e-11
661610 4.13e-10
661620 4.05e-09
661630 1.62e-08
661640 7.36e-08
661650 2e-07
661660 4.52e-07
661670 6.25e-07
661680 5.57e-07
661690 6.33e-07
661700 1.27e-07
661710 4.05e-08
661720 9.96e-09
671590 0.0
671610 1.14e-14
671620 3.506e-13
671630 5.5e-12
671640 6.54e-11
671650 6.54e-10
671660 3.81e-09
671670 1.81e-08
671680 3.84e-08
671690 1.37e-07
671700 6.04e-08
671710 5.82e-08
671720 3.16e-08
681610 0.0
681620 0.0
681630 0.0
681640 0.0
681650 1.67e-13
681660 3.66e-12
681670 4.693e-11
681680 3.62e-10
681690 3.29e-09
681700 4.92e-09
681710 1.11e-08
681720 1.86e-08
691650 0.0
691660 0.0
691670 0.0
691680 7.43e-14
691690 1.75e-12
691700 1.01e-11
691710 8.21e-11
691720 3.47e-10
701660 0.0
701670 0.0
701680 0.0
701690 0.0
701700 0.0
701710 4.94e-14
701720 7.83e-13
711690 0.0
711710 0.0
711720 0.0
721710 0.0
