230660 1.03317e-18
240660 3.9899e-14
240670 0.0
240680 5.0096e-18
240700 0.0
250660 9.39e-12
250670 3.25e-12
250680 7.4e-13
250690 1.09995e-13
250700 1.61e-14
250710 0.0
250720 2.82246e-17
250730 3.59748e-18
260650 2.39e-10
260670 3.77e-10
260690 6.76e-11
260700 3.62e-11
260710 4.7e-12
260720 1.08997e-12
260730 1.17996e-13
260740 0.0
260750 2.57311e-16
260760 0.0
270660 2.18e-10
270670 5.83e-10
270680 1.05e-09
270690 1.41e-09
270700 1.9e-09
270710 8.87e-10
270720 5.72e-10
270730 2.662e-10
270750 5.98974e-12
270770 2.14934e-14
270780 2.15698e-15
270790 3.2269e-16
280660 3.06e-11
280670 1.94e-10
280680 1.03e-09
280690 3.14e-09
280700 1.26e-08
280710 1.41e-08
280720 3.04e-08
280730 3.06e-08
280740 1.98e-08
280750 7.55e-09
280760 1.73e-09
280770 7.04979e-10
280780 8.32979e-11
280790 1.05841e-11
280800 1.12e-13
280810 5.19177e-15
290660 1.2e-13
290670 2.7e-12
290680 3.91e-10
290700 1.4141e-08
290720 5.34e-08
290730 1.63e-07
290740 2.56e-07
290750 3.23e-07
290760 1.96e-07
290770 2.94e-07
290780 9.5e-08
290790 9.83942e-09
290800 1.38e-09
290810 1.13995e-10
290820 4.04e-12
290830 1.44509e-13
290840 6.00743e-15
300660 0.0
300670 0.0
300680 1.34e-13
300690 3.605e-12
300700 1.13e-10
300710 9.58e-10
300720 1.5e-08
300730 1.02e-07
300740 4.85e-07
300750 1.36e-06
300760 2.59e-06
300770 9.63e-06
300780 1.336e-05
300800 1.46e-06
300810 3.43e-07
300820 4.53e-08
300830 4.73986e-09
300840 2.31994e-10
300850 2.77805e-12
300860 7.03e-14
310650 0.0
310670 0.0
310690 0.0
310700 9.55e-14
310710 3.01e-12
310720 1.27e-10
310730 2.93e-09
310740 3.45e-08
310750 2.96e-07
310760 1.29e-06
310770 1.44e-05
310780 3.5e-05
310790 3.125e-05
310800 3.833e-05
310810 3.15e-05
310820 1.099e-05
310830 4.29e-06
310840 6.2e-07
310850 6.09972e-08
310860 2.3375301e-09
310880 8.07896e-13
310890 7.53488e-14
320660 0.0
320670 0.0
320680 0.0
320690 0.0
320700 0.0
320710 0.0
320720 1.04e-13
320730 2.8853e-10
320750 9.9887e-08
320770 2.552e-06
320780 1.875e-05
320790 3.794e-05
320800 0.00013672
320810 0.00026167
320820 0.00028811
320830 0.00028783
320840 0.00015212
320850 4.258e-05
320860 6.49e-06
320870 5.74983e-07
320880 3.11992e-08
320890 2.47142e-09
320900 4.30146e-12
320910 5.97106e-13
330690 0.0
330710 0.0
330720 0.0
330730 0.0
330740 5.16e-14
330750 4.23e-12
330760 1.77e-10
330770 1.75e-08
330780 3.3e-07
330790 2.24e-06
330800 1.89e-05
330810 0.00011096
330820 0.00026898
330830 0.00081509
330840 0.00104391
330850 0.00099496
330860 0.00041964
330870 0.00014712
330880 2.449e-05
330890 2.29753e-06
330900 8.02173e-08
330910 1.31106e-08
330920 4.19484e-11
330930 2.45146e-12
330940 6.83604e-14
340720 0.0
340730 0.0
340740 0.0
340750 0.0
340760 2.97e-14
340770 8.48e-12
340780 5.85e-10
340790 1.107e-08
340800 3.26e-07
340810 4.977e-06
340820 3.877e-05
340830 0.000278
340840 0.00111029
340850 0.00242927
340860 0.0033226
340870 0.00307512
340880 0.00189337
340890 0.00052046
340900 0.00013116
340910 1.82069e-05
340920 1.61996e-06
340930 8.04071e-08
340940 2.63993e-09
340950 1.21525e-11
340960 4.3e-13
350750 0.0
350770 0.0
350780 2.19e-14
350790 1.597e-12
350800 1.308e-10
350810 7.5e-09
350820 1.569e-07
350830 3.99e-06
350840 4.196e-05
350850 0.00030784
350860 0.0010282
350870 0.00306875
350880 0.00463979
350890 0.00435301
350900 0.00289402
350910 0.00148486
350920 0.00038265
350930 7.47496e-05
350940 7.49e-06
350950 2.66831e-07
350960 1.57e-08
350970 1.03351e-10
350980 5.33418e-12
350990 1.7508e-12
360770 0.0
360780 0.0
360790 0.0
360800 0.0
360810 7.46e-13
360820 5.8e-11
360830 4.223e-09
360840 1.71e-07
360850 3.52e-06
360860 4.359e-05
360870 0.00035375
360880 0.00181564
360890 0.00413675
360900 0.00877976
360910 0.0110439
360920 0.00974722
360930 0.00516333
360940 0.00195113
360950 0.000370553
360960 4.805e-05
360970 3.3899e-06
360980 2.05995e-07
360990 5.74256e-08
361000 9.78e-11
361010 2.71975e-12
370790 0.0
370810 0.0
370830 1.24e-13
370840 1.51e-11
370850 1.23e-09
370860 4.59e-08
370870 1.5e-06
370880 2.274e-05
370890 0.00019438
370900 0.0010466
370910 0.00424724
370920 0.00886448
370930 0.0149793
370940 0.01415
370950 0.00943729
370960 0.00339355
370970 0.0009224
370980 0.0001619
370990 5.33851e-05
371000 9e-07
371010 5.97171e-08
371020 1.94983e-10
371030 9.1824e-12
371040 3.18497e-13
380830 0.0
380840 0.0
380850 2.72e-14
380860 4.21e-12
380870 4.396e-10
380880 2.78e-08
380890 7.3e-07
380900 1.511e-05
380910 0.00017014
380920 0.00124565
380930 0.00521475
380940 0.0156761
380950 0.0249346
380960 0.0291664
380970 0.0203736
380980 0.0125181
380990 0.00360346
381000 0.00072419
381010 8.29303e-05
381020 7.52981e-06
381030 3.0118e-07
381040 1.22997e-08
381050 3.25193e-11
381060 4.41421e-12
381070 1.33716e-12
390850 0.0
390870 0.0
390880 7.07e-13
390890 7.91e-11
390900 5.02e-09
390910 2.27e-07
390920 4.88e-06
390930 7.757e-05
390940 0.00063168
390950 0.00341008
390960 0.00971247
390970 0.0214036
390980 0.0307279
390990 0.028997
391000 0.0146709
391010 0.00600634
391020 0.00147766
391030 0.000279989
391040 2.623e-05
391050 7.14022e-07
391060 8.23199e-08
391070 2.93598e-08
391080 1.26363e-11
391090 6.72898e-13
400870 0.0
400880 0.0
400890 0.0
400900 1.41e-13
400910 1.98e-11
400920 1.75e-09
400930 8.48e-08
400940 2.74e-06
400950 4.269e-05
400960 0.00305133
400980 0.0120741
400990 0.0266693
401000 0.0416211
401010 0.0403781
401020 0.0318967
401030 0.0153388
401040 0.005215
401050 0.000991576
401060 0.000134598
401070 4.07725e-05
401080 4.87987e-07
401090 2.20709e-08
401100 0.0
401110 0.0
401120 0.0
401130 0.0
401140 0.0
410890 0.0
410900 0.0
410910 0.0
410920 1.27e-14
410930 2.568e-12
410940 2.57e-10
410950 1.641e-08
410960 5.18e-07
410970 1.175e-05
410980 0.00015037
410990 0.00116359
411000 0.00453914
411010 0.0139738
411020 0.0612446
411040 0.0296878
411050 0.018499
411060 0.00851918
411080 0.00025566
411090 2.05179e-05
411100 7.52e-12
411110 2.00992e-14
411120 4.33716e-16
411130 1.5359e-16
411140 3.64322e-19
411150 0.0
411160 1.68571e-14
420890 0.0
420910 0.0
420920 0.0
420930 0.0
420950 3.98e-13
420960 5.23e-11
420970 3.66e-09
420980 1.84e-07
420990 4.11e-06
421000 5.995e-05
421010 0.0004991
421020 0.00297568
421030 0.0103172
421040 0.0263724
421050 0.0371427
421060 0.0419923
421070 0.0290729
421080 0.0135815
421090 0.0031409
421100 1.412e-05
421110 4.92e-07
421120 1.625968e-08
421140 1.05e-11
421150 2.52747e-15
421160 6.50983e-10
421170 3.22149e-13
421180 2.93997e-14
430930 0.0
430950 0.0
430970 3.07e-14
430980 4.67e-12
430990 1.85185e-08
431010 5.88e-07
431020 9.72e-06
431030 0.00094179
431050 0.00377724
431060 0.0102687
431070 0.0220177
431080 0.0238809
431090 0.0185367
431100 0.00671919
431110 0.00132471
431120 0.00014001
431130 2.58562e-05
431140 2.77e-06
431150 4.14164e-08
431160 8.69e-07
431170 7.07337e-09
431180 5.49584e-10
431200 2.23207e-14
440950 0.0
440960 0.0
440970 0.0
440980 0.0
440990 0.0
441000 4.62e-13
441010 4.53e-11
441020 2.89e-09
441030 1.03e-07
441040 2.7e-06
441050 0.00037033
441070 0.00187737
441080 0.00669772
441090 0.03210694
441110 0.00939493
441120 0.00349628
441130 0.00194903
441140 0.00088386
441150 0.000425489
441160 0.00011063
441170 9.82293e-06
441180 8.96452e-07
441190 4.30987e-08
441200 8.61978e-10
441210 1.38903e-12
441220 4.47e-14
441230 7.15007e-16
441240 0.0
450990 0.0
451010 0.0
451020 0.0
451030 2.413e-12
451040 1.907e-10
451050 9.25e-09
451060 2.68e-07
451070 5.72e-06
451080 5.692e-05
451090 0.00041402
451100 0.00015742
451110 0.00033897
451120 0.00034276
451130 0.00061476
451140 0.00060207
451150 0.00118058
451170 0.00016389
451180 5.001e-05
451190 1.181e-05
451210 3.04986e-08
451220 7.53e-10
451230 1.56993e-11
451240 1.43e-13
460990 0.0
461010 0.0
461020 0.0
461040 0.0
461050 1.58e-13
461060 1.1994e-09
461080 4.63e-08
461090 1.043e-06
461100 1.86e-09
461110 1.88e-08
461120 1.07e-07
461130 7.66e-07
461140 3.49e-06
461150 1.242e-05
461160 0.00025738
461170 0.00029759
461180 0.00034918
461190 0.00023039
461200 7.069e-05
461210 1.042e-05
461230 8.34e-08
461240 3.79e-09
461250 0.0
461270 0.0
461280 0.0
461290 0.0
461300 0.0
471030 0.0
471050 0.0
471060 0.0
471070 0.0
471080 7.77e-13
471090 7.49e-11
471100 0.0
471110 0.0
471120 3.092e-13
471140 5.87e-12
471150 9.76e-11
471160 5.22e-06
471170 2.718e-05
471180 9.46e-05
471190 0.00023009
471200 0.00019751
471210 0.00010256
471220 3.816e-05
471230 1.312e-05
471240 2.11e-06
471250 6.53e-11
471260 9.8e-12
471270 8.01e-13
471280 4.75e-14
471290 2.67989e-15
471300 0.0
471310 1.1923817e-10
471330 5.44477e-13
481050 0.0
481060 0.0
481070 0.0
481080 0.0
481090 0.0
481100 0.0
481110 0.0
481120 0.0
481130 0.0
481140 0.0
481150 0.0
481160 1.08e-08
481170 2.17e-07
481180 2.998e-05
481200 8.841e-05
481210 0.00012767
481220 0.00035265
481240 0.00011882
481250 6.93e-06
481260 4.15e-06
481270 1.2e-06
481280 3.41e-07
481290 6.56e-08
481300 8.41e-09
481310 3.71989e-06
481320 2.24994e-07
481330 1.78587e-08
481340 5.99e-11
481350 1.71987e-12
481360 0.0
491070 0.0
491090 0.0
491110 0.0
491120 0.0
491130 0.0
491140 0.0
491150 0.0
491160 4.74e-13
491170 5.198e-11
491180 3.134e-09
491190 1.127e-07
491200 1.272e-06
491210 7.75e-06
491220 3.156e-05
491230 0.00011805
491240 0.00021988
491250 0.00036498
491260 0.00053476
491270 0.00061606
491280 0.00105195
491300 0.0002541099
491310 0.00076899
491320 0.0001677621
491340 6.67e-07
491350 3.7763e-08
491360 1.64e-10
491370 2.10361e-12
501110 0.0
501120 0.0
501130 0.0
501140 0.0
501150 0.0
501170 0.0
501180 2.45e-13
501190 1.85298e-09
501210 3.94e-08
501220 7.3e-07
501230 8.76e-06
501240 6.499e-05
501250 0.00018386
501260 0.00064545
501270 0.00145624
501280 0.00351654
501290 0.00736516
501300 0.01352004
501310 0.0132457
501320 0.0101102
501330 0.00353493
501340 0.0006984822
501360 2.52e-06
501370 6.89979e-08
501380 1.2927517e-09
501400 1.12584e-12
511130 0.0
511150 0.0
511170 0.0
511180 0.0
511190 0.0
511200 5.42e-14
511210 4.0588e-10
511230 2.29e-08
511240 5.85999e-07
511250 1.664e-06
511270 1.293e-05
511280 8.224e-05
511290 0.00057753
511300 0.00253018
511310 0.0110946
511320 0.0218198
511330 0.0280043
511340 0.01552654
511350 0.00526546
511360 0.00083149
511370 9.667e-05
511380 5.68e-06
511390 2.79987e-07
511400 2.09956e-08
511410 2.28579e-11
511420 2.0301e-12
511430 9.30819e-13
521150 0.0
521170 0.0
521180 0.0
521190 0.0
521200 0.0
521210 0.0
521220 1.88e-14
521230 4.04e-12
521240 5.08e-10
521250 1.075e-13
521260 4.06e-12
521270 1.228e-10
521280 3.6e-09
521290 9.24e-08
521300 2.04e-06
521310 0.00859718
521330 0.02579819
521340 0.0510263
521350 0.0761224
521370 0.0097613
521380 0.00226132
521390 0.00032057
521400 3.4329e-05
521410 7.49732e-07
521420 7.8398e-08
521430 3.05306e-08
521440 1.02882e-11
521450 8.41585e-13
531210 0.0
531220 0.0
531250 0.0
531260 0.0
531270 0.0
531280 0.0
531290 0.0
531300 3.8e-13
531310 3.63e-06
531320 8.106e-05
531330 0.00112484
531340 0.00655511
531350 0.0216482
531360 0.0345159
531370 0.0638056
531390 0.0118462
531400 0.00336631
531410 0.00077845
531430 2.83825e-05
531440 1.91864e-07
531450 1.84785e-08
531460 3.4957e-11
531470 1.91432e-12
531480 2.04563e-14
541240 0.0
541250 0.0
541260 0.0
541270 0.0
541280 0.0
541300 0.0
541310 8.52e-10
541320 4.0547e-06
541340 0.00010343
541350 0.00105797
541360 0.00653346
541370 0.0193558
541380 0.03793
541390 0.0437311
541400 0.0388294
541410 0.0203898
541420 0.00819289
541430 0.001915798
541440 0.000313708
541450 2.56615e-05
541460 1.34997e-06
541470 6.357918e-08
541490 3.56887e-12
541500 5.28e-14
551270 0.0
551290 0.0
551310 0.0
551320 1.84e-12
551330 4.04e-10
551340 1.7878e-06
551360 3.558e-05
551370 0.00041808
551380 0.01063444
551400 0.0170556
551410 0.027553
551420 0.0253883
551430 0.0196869
551440 0.00822059
551450 0.00250053
551460 0.00039376
551470 5.83713e-05
551480 2.8e-06
551490 7.83611e-08
551500 2.41e-09
551510 5.03789e-12
551520 4.16895e-13
551530 3.60364e-14
561290 0.0
561310 0.0
561320 0.0
561330 0.0
561340 1.17e-12
561350 1.91e-10
561360 1.81e-08
561370 6.84e-07
561380 1.488e-05
561390 0.00015402
561400 0.00107518
561410 0.0043863
561420 0.0125805
561430 0.0226879
561440 0.0511217
561460 0.0122033
561470 0.00394003
561480 0.001010382
561500 9.21e-06
561510 1.65241e-07
561520 1.60996e-08
561530 1.18198e-09
561540 2.8e-12
561550 9.2417e-14
571330 0.0
571350 0.0
571370 3.14e-11
571380 2.18e-09
571390 8.88e-08
571400 1.74e-06
571410 2.674e-05
571420 0.00020341
571430 0.00127146
571440 0.00405329
571450 0.00976971
571460 0.01325338
571470 0.0139332
571480 0.00791533
571490 0.00338518
571500 0.000955065
571520 1.577e-05
571530 1.09882e-06
571540 3.532919e-08
571560 4.27253e-12
571570 1.60667e-13
571580 3.02961e-15
581350 0.0
581370 2.65e-14
581390 3.28e-12
581400 2.5e-10
581410 3.404e-07
581430 5.91e-06
581440 6.989e-05
581450 0.00046371
581460 0.00224546
581470 0.00583961
581480 0.0105361
581490 0.010738
581500 0.00831721
581510 0.00413134
581520 0.00149523
581530 0.00028761
581540 3.428e-05
581550 2.81797e-06
581560 1.64996e-07
581570 5.26984e-09
581580 1.16997e-10
581590 6.78573e-13
581600 1.22e-14
591390 0.0
591400 0.0
591410 1.32e-13
591420 1.12e-11
591430 8e-10
591440 2.8e-08
591450 7.44e-07
591460 1.085e-05
591470 0.00061679
591490 0.00175832
591500 0.00329863
591510 0.00957655
591530 0.00275804
591540 0.0008723
591550 0.00025158
591560 4.125e-05
591570 4.92e-06
591580 3.13e-07
591590 1.48993e-08
591600 3.55e-10
591610 1.14937e-12
591620 2.14921e-14
591630 3.567e-16
601400 0.0
601410 0.0
601420 0.0
601430 0.0
601440 9.54e-13
601450 7.88e-11
601460 4.86e-09
601470 1.44e-07
601480 2.74e-06
601490 2.706e-05
601500 0.00018576
601510 0.00076018
601520 0.00207371
601530 0.00302776
601540 0.00303299
601550 0.00203482
601560 0.00111154
601570 0.0004166
601590 9.78e-06
601600 8.74e-07
601610 3.76989e-08
601620 8.29979e-10
601630 1.16996e-11
601640 1.1e-13
601650 2.97388e-16
601660 1.64533e-17
611410 0.0
611430 0.0
611440 0.0
611460 4.43e-14
611470 5.44e-12
611480 1.32215e-08
611500 2.66e-07
611510 4.24e-06
611520 3.15999e-05
611530 0.00016028
611540 0.0004085
611550 0.00084127
611560 0.00106422
611570 0.00098727
611580 0.00052829
611590 0.00021604
611600 5.02e-05
611610 7.56e-06
611620 4.63e-07
611630 2.5345e-08
611650 6.5297e-12
611660 3.06835e-13
611670 2.7460438e-16
621430 0.0
621440 0.0
621450 0.0
621460 0.0
621470 0.0
621480 0.0
621490 3.94e-13
621500 1.6836e-09
621520 4.8e-08
621530 7.01e-07
621540 4.352e-05
621560 0.00015759
621570 0.00034554
621580 0.00056097
621590 0.00050506
621600 0.00035982
621610 0.00012673
621620 2.604e-05
621630 3.67e-06
621640 3.38e-07
621650 9.59e-09
621660 5.01693e-10
621670 8.88973e-12
621680 1.37996e-13
621690 1.81256e-16
621700 0.0
621710 2.40219e-19
631470 0.0
631490 0.0
631510 1.73e-14
631520 1.527999e-12
631530 8.91e-11
631540 2.66e-09
631550 5.36e-08
631560 6.55e-07
631570 5.1e-06
631580 2.12e-05
631590 6.025e-05
631600 0.0002035
631620 4.82e-05
631630 2.11e-05
631640 5.067e-06
631660 6.07e-08
631670 3.95e-09
631680 1.68e-10
631690 3.97982e-12
631700 1.18e-13
631710 5.27444e-15
631720 7.66465e-18
641470 0.0
641490 0.0
641510 0.0
641530 0.0
641540 8.76e-14
641550 5.16e-12
641560 2.51e-10
641570 5.58e-09
641580 8.64e-08
641590 6.5e-07
641600 3.78e-06
641610 9.58e-06
641620 1.424e-05
641630 1.435e-05
641640 9.2e-06
641650 2.03e-06
641660 9.84e-07
641680 1.96e-08
641690 1.25e-09
641700 1.4032473e-10
641720 2.95992e-13
651510 0.0
651530 0.0
651550 0.0
651560 0.0
651570 7.791e-12
651590 2.13e-10
651600 3.52e-09
651610 3.2e-08
651620 1.284e-07
651630 4.47e-07
651640 6.9e-07
651650 4.79e-07
651660 4.43e-07
651670 2.15e-07
651680 6.92e-08
651690 1.42e-08
651700 3.7e-09
651710 7.14e-10
651720 7.89e-11
661550 0.0
661560 0.0
661570 0.0
661580 0.0
661590 0.0
661600 2.84e-13
661610 7.26e-12
661620 1.11e-10
661630 1.09e-09
661640 5.99e-09
661650 1.109e-08
661660 3.4e-08
661670 4.01e-08
661680 3.9e-08
661690 1.81e-08
661700 1.39e-08
661710 6.25e-09
661720 2.25e-09
671590 0.0
671610 0.0
671620 0.0
671630 6.6e-14
671640 1.167e-12
671650 8.21e-12
671660 6.83e-11
671670 2.93e-10
671680 7.27e-10
671690 1.13e-09
671700 2.02e-09
671710 2.79e-09
671720 2.26e-09
681610 0.0
681620 0.0
681630 0.0
681640 0.0
681650 0.0
681660 1.22e-14
681670 1.506e-13
681680 1.37e-12
681690 5.92e-12
681700 3.7e-11
681710 1.32e-10
681720 3.54e-10
691650 0.0
691660 0.0
691670 0.0
691680 0.0
691690 0.0
691700 1.58e-14
691710 2.12e-13
691720 1.56e-12
701660 0.0
701670 0.0
701680 0.0
701690 0.0
701700 0.0
701710 0.0
701720 0.0
711690 0.0
711710 0.0
711720 0.0
721710 0.0
