230660 1.40767e-18
230670 4.98952e-19
240660 5.54986e-14
240670 1.62995e-14
240680 3.34744e-17
240700 0.0
250660 1.89e-11
250670 2.06e-11
250680 3.4e-12
250690 7.37967e-13
250700 7.47e-14
250710 0.0
250720 1.36201e-16
250730 1.40808e-17
260650 7.47e-10
260670 3.22e-09
260690 7.18e-10
260700 2.8e-10
260710 5.65e-11
260720 5.36986e-12
260730 4.59986e-13
260740 2.34e-14
260750 9.75202e-16
260760 0.0
270660 9.14e-10
270670 7.48e-09
270680 1.06e-08
270690 2.15e-08
270700 2.17e-08
270710 1.57e-08
270720 4.1e-09
270730 1.55e-09
270750 2.2539e-11
270770 2.43966e-14
270780 1.56746e-15
280660 1.95e-10
280670 3.56e-09
280680 1.56e-08
280690 6.98e-08
280700 2.23e-07
280710 3.76e-07
280720 3.41e-07
280730 2.96e-07
280740 1.5e-07
280750 4.69e-08
280760 8.86e-09
280770 7.96976e-10
280780 6.17984e-11
280790 7.1666e-13
280800 6e-14
280810 2.5446e-15
290660 1.1e-12
290670 6.96e-11
290680 1.1752e-08
290700 4.792e-07
290720 8.1e-07
290730 2.26e-06
290740 2.71e-06
290750 2.99e-06
290760 1.49e-06
290770 5.09e-07
290780 1.06e-07
290790 1.57993e-08
290800 1.15e-09
290810 5.60975e-11
290820 1.72e-12
290830 5.35684e-14
300660 0.0
300670 1.09e-13
300680 4.48e-12
300690 1.735e-10
300700 4.41e-09
300710 5.264e-08
300720 3.42e-07
300730 2.13e-06
300740 7.65e-06
300750 1.904e-05
300760 3.108e-05
300770 2.616e-05
300780 2.66e-05
300800 2.11e-06
300810 2.87e-07
300820 3.36e-08
300830 1.74995e-09
300840 6.79e-11
300850 8.84486e-13
300860 0.0
310650 0.0
310670 0.0
310690 7.98e-14
310700 5.6e-12
310710 2.43e-10
310720 4.13e-09
310730 8.96e-08
310740 7.46e-07
310750 5.88e-06
310760 2.129e-05
310770 5.523e-05
310780 8.948e-05
310790 0.00011802
310800 8.27e-05
310810 4.089e-05
310820 1.255e-05
310830 2.51e-06
310840 2.83e-07
310850 1.94991e-08
310860 5.2554051e-10
310880 1.96566e-13
320660 0.0
320670 0.0
320680 0.0
320690 0.0
320700 0.0
320710 8.24e-14
320720 5.44e-12
320730 1.0024e-08
320750 2.6377e-06
320770 1.488e-05
320780 7.346e-05
320790 0.00021406
320800 0.0004657
320810 0.00053421
320820 0.00053949
320830 0.00027531
320840 0.00011775
320850 2.361e-05
320860 2.67e-06
320870 1.80994e-07
320880 7.7498e-09
320890 4.11853e-11
320900 2.13175e-12
320910 2.24815e-13
330690 0.0
330710 0.0
330720 0.0
330730 3.17e-14
330740 2.601e-12
330750 2.04e-10
330760 6.87e-09
330770 1.53e-07
330780 1.87e-06
330790 1.833e-05
330800 9.208e-05
330810 0.00032703
330820 0.00071188
330830 0.00113819
330840 0.00118047
330850 0.00086487
330860 0.00027853
330870 7.732e-05
330880 1.006e-05
330890 9.07959e-07
330900 3.89398e-08
330910 4.95621e-09
330920 1.31129e-11
330930 9.78884e-13
340720 0.0
340730 0.0
340740 0.0
340750 1.46e-14
340760 1.94e-12
340770 1.216e-10
340780 5.51e-09
340790 1.455e-07
340800 2.65e-06
340810 2.352e-05
340820 0.00016477
340830 0.00060037
340840 0.00172145
340850 0.00334999
340860 0.00367779
340870 0.00274055
340880 0.00137812
340890 0.00036216
340900 6.50011e-05
340910 6.85504e-06
340920 5.16987e-07
340930 3.19777e-08
340940 4.5e-10
340950 5.15961e-12
340960 6.05e-14
350750 0.0
350770 0.0
350780 3.13e-13
350790 3.252e-11
350800 1.653e-09
350810 5.58e-08
350820 1.011e-06
350830 1.317e-05
350840 0.00010879
350850 0.00063683
350860 0.00171592
350870 0.00414789
350880 0.00509567
350890 0.00478215
350900 0.00226942
350910 0.00092073
350920 0.00019937
350930 2.9848e-05
350940 2.13e-06
350950 1.13747e-07
350960 3.47e-09
350970 3.67326e-11
350980 1.49644e-12
360770 0.0
360780 0.0
360790 0.0
360800 9.8e-14
360810 9.43e-12
360820 6.49e-10
360830 2.349e-08
360840 7.54e-07
360850 1.231e-05
360860 0.00012653
360870 0.00084373
360880 0.00301471
360890 0.00729576
360900 0.0114778
360910 0.0113681
360920 0.00881183
360930 0.0035782
360940 0.00100077
360950 0.000157326
360960 1.843e-05
360970 1.19996e-06
360980 5.89985e-08
360990 7.0668e-11
361000 2.54e-11
361010 1.42754e-12
370790 0.0
370810 0.0
370830 1.1e-12
370840 1.04e-10
370850 7.05e-09
370860 2.18e-07
370870 5.93e-06
370880 6.568e-05
370890 0.00054318
370900 0.00205419
370910 0.00661912
370920 0.0118863
370930 0.0160167
370940 0.0112135
370950 0.00629109
370960 0.00197713
370970 0.00048367
370980 6.55e-05
370990 1.55793e-06
371000 3.22e-07
371010 3.14712e-08
371020 8.09092e-11
371030 3.74092e-12
380830 0.0
380840 0.0
380850 2.75e-13
380860 3.71e-11
380870 2.867e-09
380880 1.47e-07
380890 3.6e-06
380900 5.266e-05
380910 0.00045126
380920 0.00277418
380930 0.00903338
380940 0.0202744
380950 0.0263412
380960 0.0272617
380970 0.0161959
380980 0.00774532
380990 0.0021548
381000 0.00039285
381010 4.35285e-05
381020 3.18992e-06
381030 1.22207e-07
381040 2.23e-09
381050 1.22354e-11
381060 1.06063e-12
390850 0.0
390870 3.87e-14
390880 6.25e-12
390890 6.65e-10
390900 2.9e-08
390910 1.01e-06
390920 1.792e-05
390930 0.00021779
390940 0.00126887
390950 0.00530309
390960 0.01283012
390970 0.0239652
390980 0.0251468
390990 0.0228442
391000 0.0105712
391010 0.00433571
391020 0.00090597
391030 0.000114068
391040 8.19e-06
391050 2.69738e-07
391060 1.93741e-08
391070 1.67554e-11
391080 6.41693e-13
400870 0.0
400880 0.0
400890 0.0
400900 1.51e-12
400910 1.6e-10
400920 1.19e-08
400930 4.26e-07
400940 9.95e-06
400950 0.00011421
400960 0.00498071
400980 0.0143334
400990 0.0289906
401000 0.0426026
401010 0.0410204
401020 0.0301998
401030 0.0104901
401040 0.00301879
401050 0.00037308
401060 3.23406e-05
401070 5.47356e-07
401080 2.52994e-08
401090 5.08012e-11
401100 0.0
401110 0.0
401120 0.0
401130 0.0
410890 0.0
410900 0.0
410910 0.0
410920 1.45e-13
410930 2.121e-11
410940 1.559e-09
410950 7.05e-08
410960 1.73e-06
410970 2.943e-05
410980 0.00024692
410990 0.00170528
411000 0.00601064
411010 0.0185542
411020 0.0688495
411040 0.027134
411050 0.0125421
411060 0.003684173
411080 3.387e-05
411090 1.11995e-06
411100 7.32e-14
411110 8.44958e-16
411120 1.81486e-17
411130 2.79148e-17
411140 1.49137e-12
411150 6.68522e-14
420890 0.0
420910 0.0
420920 0.0
420930 2.25e-14
420950 3.03e-12
420960 3.04e-10
420970 1.46e-08
420980 4.72e-07
420990 8.88e-06
421000 0.00011833
421010 0.0009537
421020 0.0057777
421030 0.0170409
421040 0.0405925
421050 0.0451325
421060 0.0404518
421070 0.0176211
421080 0.00478074
421090 0.00051957
421100 7.44e-07
421110 2.06e-08
421120 1.214559e-09
421140 5.87985e-08
421150 2.18389e-09
421160 6.72e-12
421170 5.73508e-14
430930 0.0
430950 0.0
430970 1.85e-13
430980 1.71e-11
430990 5.034e-08
431010 1.57e-06
431020 2.71e-05
431030 0.00233378
431050 0.00790819
431060 0.0175835
431070 0.0260499
431080 0.0181724
431090 0.00788751
431100 0.00150301
431110 0.00025391
431120 2.78e-05
431130 4.69932e-06
431140 1.618e-05
431150 2.03845e-06
431160 3.85e-08
431170 1.26434e-09
431180 2.7782089e-12
431200 1.24281e-15
440950 0.0
440960 0.0
440970 0.0
440980 0.0
440990 1.17e-14
441000 1.92e-12
441010 1.81e-10
441020 1.31e-08
441030 4.58e-07
441040 1.243e-05
441050 0.00137041
441070 0.00485115
441080 0.012177
441090 0.02611354
441110 0.00558669
441120 0.00250604
441130 0.0012342
441140 0.00052451
441150 0.000137039
441160 2.171e-05
441170 1.74874e-06
441180 1.05997e-07
441190 2.92991e-09
441200 4.89988e-11
441210 2.51738e-13
441220 0.0
441240 0.0
450990 0.0
451010 0.0
451020 1.16e-13
451030 1.909e-11
451040 1.512e-09
451050 7.296e-08
451060 1.832e-06
451070 3.306e-05
451080 0.0002469
451090 0.00116292
451100 0.00033612
451110 0.00060506
451120 0.00064306
451130 0.00088927
451140 0.00053748
451150 0.0008945
451170 0.00010196
451180 1.969e-05
451190 2.699e-06
451210 5.54975e-09
451220 8.39e-11
451230 8.51e-13
451240 0.0
460990 0.0
461010 0.0
461020 0.0
461040 1.69e-14
461050 2.58e-12
461060 1.7232e-08
461080 5.69e-07
461090 8.97e-06
461100 2.06e-08
461110 1.652e-07
461120 9.56e-07
461130 4.23e-06
461140 9.526e-05
461150 0.00033639
461160 0.00061481
461170 0.0005998
461180 0.00044445
461190 0.0001749
461200 4.575e-05
461210 6.171e-06
461230 1.6e-08
461240 3.8e-10
461250 0.0
461270 0.0
461280 0.0
461290 0.0
461300 0.0
471030 0.0
471050 0.0
471060 0.0
471070 2.205e-13
471080 2.5e-11
471090 1.94e-09
471100 0.0
471110 1.06e-14
471120 7.539e-12
471140 4.34e-07
471150 7.82e-06
471160 4.468e-05
471170 0.00017166
471180 0.0003283
471190 0.00047737
471200 0.000349
471210 0.00018211
471220 4.491e-05
471230 7.97e-06
471240 6.54e-07
471250 1.38e-11
471260 1.1e-12
471270 7.86e-14
471280 0.0
471290 5.78345e-16
471300 0.0
471310 3.123474e-11
481050 0.0
481060 0.0
481070 0.0
481080 0.0
481090 2.79e-14
481100 0.0
481110 0.0
481120 0.0
481130 0.0
481140 2.03e-10
481150 1.481e-08
481160 4.18e-07
481170 5.28e-06
481180 0.00020768
481200 0.00045107
481210 0.00062272
481220 0.00092981
481240 0.00011709
481250 5.14e-06
481260 1.69e-06
481270 3.9e-07
481280 1.02e-07
481290 1.41e-08
481300 1.48e-09
481310 9.8697e-07
481320 4.0299e-08
481330 1.74176e-10
481340 4.9e-12
481350 4.16531e-13
481360 0.0
491070 0.0
491090 0.0
491110 0.0
491120 0.0
491130 0.0
491140 0.0
491150 7.43e-13
491160 7.92e-11
491170 4.976e-09
491180 1.26e-07
491190 2.302e-06
491200 1.898001e-05
491210 0.00010354
491220 0.00027666
491230 0.00056067
491240 0.00055013
491250 0.00072782
491260 0.0006061
491270 0.00055598
491280 0.00072964
491300 0.0001131399
491310 0.00038456
491320 5.455983e-05
491340 1.04e-07
491350 9.18272e-09
491360 2.03e-11
491370 4.25486e-13
501110 0.0
501120 0.0
501130 0.0
501140 0.0
501150 0.0
501170 3.23e-13
501180 3.91e-11
501190 9.9594e-08
501210 1.73e-06
501220 2.04e-05
501230 0.00012239
501240 0.00045161
501250 0.0007762
501260 0.00161675
501270 0.00270813
501280 0.0058644
501290 0.00969872
501300 0.01397782
501310 0.01252
501320 0.00674809
501330 0.00162723
501340 0.0002208108
501360 5.8e-07
501370 1.38996e-08
501380 2.8210492e-10
501400 4.40509e-13
511130 0.0
511150 0.0
511170 0.0
511180 0.0
511190 7.05e-14
511200 9.76e-12
511210 3.6047e-08
511230 9.97e-07
511240 1.149999e-05
511250 1.513e-05
511270 5.835e-05
511280 0.00028495
511290 0.00167989
511300 0.0045238
511310 0.0175962
511320 0.0243349
511330 0.0227138
511340 0.00890656
511350 0.0023079
511360 0.00031423
511370 3.189e-05
511380 1.81e-06
511390 9.04959e-08
511400 8.04661e-09
511410 1.18239e-11
511420 5.25022e-13
521150 0.0
521170 0.0
521180 0.0
521190 0.0
521200 0.0
521210 2.81e-14
521220 5.99e-12
521230 6.15e-10
521240 3.39e-08
521250 4.708e-12
521260 1.27e-10
521270 1.783e-09
521280 3.73e-08
521290 6.84e-07
521300 9.6e-06
521310 0.0187667
521330 0.03726209
521340 0.0540198
521350 0.0564844
521370 0.00545834
521380 0.00115439
521390 0.00015897
521400 1.3432e-05
521410 3.86258e-07
521420 2.06995e-08
521430 3.24543e-11
521440 3.53358e-12
521450 2.11706e-13
531210 0.0
531220 0.0
531250 0.0
531260 0.0
531270 0.0
531280 0.0
531290 8.69e-14
531300 4.63e-12
531310 1.995e-05
531320 0.00030721
531330 0.00293202
531340 0.01157114
531350 0.028496
531360 0.0340062
531370 0.0506885
531390 0.00825673
531400 0.00183527
531410 0.000392904
531430 7.15479e-07
531440 6.45465e-08
531450 4.66722e-09
531460 7.55829e-12
531470 9.49793e-13
541240 0.0
541250 0.0
541260 0.0
541270 0.0
541280 0.0
541300 0.0
541310 9.57e-09
541320 2.0845e-05
541340 0.00036356
541350 0.00251542
541360 0.0108174
541370 0.0257304
541380 0.0401351
541390 0.0437141
541400 0.0314767
541410 0.0156098
541420 0.00529957
541430 0.000989594
541440 0.000107745
541450 6.45533e-06
541460 2.97992e-07
541470 3.11151e-08
541490 1.06443e-12
541500 0.0
551270 0.0
551290 0.0
551310 1.17e-13
551320 2.74e-11
551330 4.01e-09
551340 7.749e-06
551360 0.00015177
551370 0.0008702
551380 0.0145676
551400 0.018086
551410 0.0282713
551420 0.0229845
551430 0.0154577
551440 0.00475126
551450 0.0011379
551460 0.00015177
551470 2.8961e-05
551480 5.71e-07
551490 2.34662e-08
551500 3.38e-10
551510 1.73663e-12
551520 6.23939e-14
561290 0.0
561310 0.0
561320 0.0
561330 5.24e-14
561340 1.62e-11
561350 1.7e-09
561360 8.84e-08
561370 2.474e-06
561380 3.454e-05
561390 0.00030997
561400 0.00171333
561410 0.00650527
561420 0.0173759
561430 0.0279831
561440 0.0477086
561460 0.0086759
561470 0.00194697
561480 0.0003964665
561500 2.54e-06
561510 5.67315e-08
561520 2.45994e-09
561530 9.43451e-12
561540 2.48e-13
561550 2.60864e-14
571330 0.0
571350 0.0
571370 1.88e-10
571380 7.42e-09
571390 2.58e-07
571400 3.89e-06
571410 5.622e-05
571420 0.00040888
571430 0.00239825
571440 0.00691385
571450 0.0131287
571460 0.01476532
571470 0.0115411
571480 0.00539281
571490 0.00178872
571500 0.0004331633
571520 4.23e-06
571530 2.07991e-07
571540 5.835094e-09
571560 9.08009e-13
571570 2.46415e-14
581350 0.0
581370 1.48e-13
581390 1.474e-11
581400 8.81e-10
581410 1.1369e-06
581430 1.908e-05
581440 0.00021022
581450 0.0011462
581460 0.0044481
581470 0.00845588
581480 0.0127423
581490 0.00998751
581500 0.00708289
581510 0.00257123
581520 0.0007577
581530 0.00010615
581540 1.054e-05
581550 7.95425e-07
581560 3.57991e-08
581570 8.04975e-10
581580 1.48e-11
581590 9.93345e-14
581600 0.0
591390 0.0
591400 0.0
591410 6.24e-13
591420 5.67e-11
591430 4.26e-09
591440 1.517e-07
591450 3.36e-06
591460 3.669e-05
591470 0.0013
591490 0.00271571
591500 0.00438745
591510 0.0087174
591530 0.00175233
591540 0.00045123
591550 0.00012807
591560 1.61e-05
591570 1.4e-06
591580 6.99e-08
591590 2.1899e-09
591600 3.87e-11
591610 2.2713e-13
591620 4.84441e-15
591630 6.21394e-17
601400 0.0
601410 0.0
601420 0.0
601430 6.33e-14
601440 1.03e-11
601450 7.1e-10
601460 3.22e-08
601470 7.14e-07
601480 1.089e-05
601490 7.89e-05
601500 0.00045139
601510 0.00131826
601520 0.00292249
601530 0.00334263
601540 0.00274647
601550 0.00186514
601560 0.00082063
601570 0.00021559
601590 2.82e-06
601600 1.93e-07
601610 7.41977e-09
601620 1.90995e-10
601630 2.02994e-12
601640 2.23e-14
601650 2.13184e-16
611410 0.0
611430 0.0
611440 0.0
611460 5.25e-13
611470 5.09e-11
611480 7.2142e-08
611500 1.12e-06
611510 1.282e-05
611520 7.43601e-05
611530 0.00030211
611540 0.00058664
611550 0.00126271
611560 0.00126119
611570 0.00088621
611580 0.00036804
611590 0.00010944
611600 1.948e-05
611610 2.8e-06
611620 1.93e-07
611630 8.239e-09
611650 4.69979e-12
611660 1.31636e-14
611670 3.7130805e-16
621430 0.0
621440 0.0
621450 0.0
621460 0.0
621470 0.0
621480 4.66e-14
621490 4.26e-12
621500 9.83e-09
621520 2.19e-07
621530 2.55e-06
621540 0.00011989
621560 0.00034205
621570 0.0005438
621580 0.00067642
621590 0.00044787
621600 0.00025513
621610 8.87e-05
621620 2.092e-05
621630 2.28e-06
621640 2.68e-07
621650 1.41e-08
621660 5.18987e-10
621670 1.19996e-11
621680 1.56996e-13
621690 5.44299e-16
621700 0.0
621710 3.20181e-19
631470 0.0
631490 0.0
631510 1.83e-13
631520 1.244001e-11
631530 6.06e-10
631540 1.26e-08
631550 2.72e-07
631560 2.51e-06
631570 1.415e-05
631580 4.179e-05
631590 8.936e-05
631600 0.00023547
631620 6.28e-05
631630 2.225e-05
631640 7.64e-06
631660 1.15e-07
631670 1.02e-08
631680 3.71e-10
631690 1.19995e-11
631700 1.35e-13
631710 7.05863e-15
631720 4.46395e-18
641470 0.0
641490 0.0
641510 0.0
641530 0.0
641540 8.23e-13
641550 5.22e-11
641560 1.94e-09
641570 3.03e-08
641580 3.27e-07
641590 1.83e-06
641600 8.17e-06
641610 2.09e-05
641620 3.344e-05
641630 2.631e-05
641640 2.341e-05
641650 9.99e-06
641660 3.746e-06
641680 8.97e-08
641690 7.83e-09
641700 3.3476294e-10
641720 1.75996e-13
651510 0.0
651530 0.0
651550 0.0
651560 2.53e-14
651570 5.293e-11
651590 1.12e-09
651600 1.37e-08
651610 1.3e-07
651620 5.24e-07
651630 1.42e-06
651640 2.97e-06
651650 3.98e-06
651660 2.64e-06
651670 1.8e-06
651680 5.51e-07
651690 1.62e-07
651700 1.66e-08
651710 1.83e-09
651720 8.95e-11
661550 0.0
661560 0.0
661570 0.0
661580 0.0
661590 4.64e-14
661600 2.25e-12
661610 6.06e-11
661620 9.13e-10
661630 6.74e-09
661640 5.2e-08
661650 1.773e-07
661660 3.87e-07
661670 6.12e-07
661680 5.82e-07
661690 3.78e-07
661700 1.18e-07
661710 3.05e-08
661720 5.12e-09
671590 0.0
671610 0.0
671620 2.2e-14
671630 8.78e-13
671640 1.905e-11
671650 2.5e-10
671660 1.426e-09
671670 8.22e-09
671680 1.96e-08
671690 4.23e-08
671700 2.94e-08
671710 2.34e-08
671720 8.71e-09
681610 0.0
681620 0.0
681630 0.0
681640 0.0
681650 2.46e-14
681660 5.36e-13
681670 8.64e-12
681680 7.86e-11
681690 4.53e-10
681700 1.1e-09
681710 2.16e-09
681720 2.62e-09
691650 0.0
691660 0.0
691670 0.0
691680 0.0
691690 1.39e-13
691700 9.06e-13
691710 6.74e-12
691720 2.16e-11
701660 0.0
701670 0.0
701680 0.0
701690 0.0
701700 0.0
701710 0.0
701720 1.9e-14
711690 0.0
711710 0.0
711720 0.0
721710 0.0
