230660 5.29855e-19
240660 2.50995e-14
240670 0.0
240680 6.25578e-18
240700 0.0
250660 1.04e-11
250670 2.68e-12
250680 5.59e-13
250690 9.76938e-14
250700 0.0
250710 0.0
250720 2.06242e-17
250730 1.729e-18
260650 5.34e-10
260670 6.1e-10
260690 1.24e-10
260700 4.72e-11
260710 5.63e-12
260720 9.76979e-13
260730 5.99983e-14
260740 0.0
260750 1.74803e-16
260760 0.0
270660 8.15e-10
270670 1.65e-09
270680 2.95e-09
270690 4.74e-09
270700 4.63e-09
270710 2.03e-09
270720 9.28e-10
270730 2.398e-10
270750 2.85183e-12
270770 6.05151e-15
270780 4.20084e-16
280660 2.36e-10
280670 1.07e-09
280680 5.79e-09
280690 2.05e-08
280700 6.36e-08
280710 6.66e-08
280720 1.03e-07
280730 6.27e-08
280740 2.32e-08
280750 7.96e-09
280760 1.37e-09
280770 2.09994e-10
280780 1.98996e-11
280790 1.85688e-13
280800 1.05e-14
280810 0.0
290660 1.84e-12
290670 2.91e-11
290680 4.66e-09
290700 1.2262e-07
290720 3.12e-07
290730 6.13e-07
290740 5.52e-07
290750 6.66e-07
290760 3.02e-07
290770 1.73e-07
290780 4.5e-08
290790 2.89981e-09
290800 2.59e-10
290810 2.27e-11
290820 3.99e-13
290830 1.69442e-14
300660 0.0
300670 7.14e-14
300680 3.43e-12
300690 9.97e-11
300700 2.35e-09
300710 1.765e-08
300720 1.8e-07
300730 7.77e-07
300740 2.13e-06
300750 5.8e-06
300760 8.61e-06
300770 1.214e-05
300780 1.324e-05
300800 6.52e-07
300810 1.58e-07
300820 1.08e-08
300830 5.87983e-10
300840 1.88e-11
300850 3.41282e-13
300860 0.0
310650 0.0
310670 0.0
310690 6.96e-14
310700 4.42e-12
310710 1.21e-10
310720 3.06e-09
310730 4.46e-08
310740 2.84e-07
310750 2.39e-06
310760 7.77e-06
310770 3.365e-05
310780 7.17e-05
310790 4.084e-05
310800 3.458e-05
310810 3.033e-05
310820 5.54e-06
310830 1.22e-06
310840 1.12e-07
310850 5.32966e-09
310860 1.5477511e-10
310880 5.8474e-14
320660 0.0
320670 0.0
320680 0.0
320690 0.0
320700 0.0
320710 6.82e-14
320720 6.33e-12
320730 5.9269e-09
320750 1.4096e-06
320770 1.278e-05
320780 8.353e-05
320790 0.00010403
320800 0.00027335
320810 0.00055767
320820 0.00034552
320830 0.000206
320840 7.118e-05
320850 1.007e-05
320860 1.18e-06
320870 6.15982e-08
320880 2.76994e-09
320890 2.13862e-11
320900 1.39593e-12
330690 0.0
330710 0.0
330720 0.0
330730 3.78e-14
330740 2.399e-12
330750 1.91e-10
330760 5.46e-09
330770 1.92e-07
330780 3.1e-06
330790 1.26e-05
330800 7.444e-05
330810 0.00046268
330820 0.00062954
330830 0.00124372
330840 0.00104862
330850 0.00056053
330860 0.00018059
330870 3.852e-05
330880 5.04e-06
330890 3.33979e-07
330900 1.59693e-08
330910 8.55857e-11
330920 3.63088e-12
330930 5.00024e-13
340720 0.0
340730 0.0
340740 0.0
340750 2.32e-14
340760 2.57e-12
340770 2.483e-10
340780 1.5e-08
340790 1.598e-07
340800 3.32e-06
340810 4.995e-05
340820 0.00021823
340830 0.00100733
340840 0.00258754
340850 0.00338042
340860 0.0037035
340870 0.00209575
340880 0.00103051
340890 0.00019748
340900 3.3564e-05
340910 2.96991e-06
340920 1.71996e-07
340930 1.73514e-08
340940 8.66e-11
340950 2.80468e-12
340960 0.0
350750 0.0
350770 0.0
350780 1.42e-12
350790 5.83e-11
350800 3.307e-09
350810 1.85e-07
350820 2.087e-06
350830 3.533e-05
350840 0.00022598
350850 0.0009835199
350860 0.0024791
350870 0.0046163
350880 0.0054179
350890 0.00373004
350900 0.00172851
350910 0.00058695
350920 9.982e-05
350930 1.20226e-05
350940 6.43e-07
350950 4.37995e-08
350960 5.95e-10
350970 8.06868e-12
350980 2.17431e-13
360770 0.0
360780 0.0
360790 0.0
360800 3.47e-13
360810 5.402e-11
360820 2.34e-09
360830 1.137e-07
360840 2.75e-06
360850 3.322e-05
360860 0.00029947
360870 0.00138749
360880 0.00524719
360890 0.00849246
360900 0.0132834
360910 0.0110746
360920 0.00697417
360930 0.00234995
360940 0.00050616
360950 6.74362e-05
360960 5.54e-06
360970 2.79992e-07
360980 1.02998e-08
360990 3.65502e-11
361000 2.62e-12
370790 0.0
370810 0.0
370830 9.91e-12
370840 6.86e-10
370850 3.45e-08
370860 8.84e-07
370870 1.619e-05
370880 0.00016221
370890 0.00093757
370900 0.00353528
370910 0.00942945
370920 0.0140569
370930 0.0162048
370940 0.00906552
370950 0.00446993
370960 0.00101598
370970 0.00019813
370980 2.052e-05
370990 5.70789e-07
371000 5.85e-08
371010 3.01135e-10
371020 1.37213e-11
371030 1.5686e-12
380830 0.0
380840 1.74e-14
380850 2.71e-12
380860 2.86e-10
380870 1.581e-08
380880 6.35e-07
380890 1.057e-05
380900 0.00015332
380910 0.00104617
380920 0.00539542
380930 0.0147505
380940 0.0271403
380950 0.0315209
380960 0.0245447
380970 0.0120792
380980 0.00458644
380990 0.000878819
381000 0.00013449
381010 1.04497e-05
381020 6.49986e-07
381030 5.4432e-08
381040 4.91e-10
381050 7.4768e-12
381060 7.03371e-13
390850 0.0
390870 4.05e-13
390880 4.84e-11
390890 3.408e-09
390900 1.48e-07
390910 3.98e-06
390920 5.808e-05
390930 0.00059852
390940 0.00279651
390950 0.0106585
390960 0.01908945
390970 0.0294672
390980 0.0261292
390990 0.0166144
391000 0.00653283
391010 0.00183419
391020 0.00031427
391030 3.77156e-05
391040 2.5e-06
391050 1.16762e-07
391060 8.04647e-09
391070 1.35455e-11
391080 3.75754e-13
400870 0.0
400880 0.0
400890 8.05e-14
400900 1.5e-11
400910 1.2e-09
400920 7.36e-08
400930 2.24e-06
400940 4.181e-05
400950 0.00042656
400960 0.01255588
400980 0.0275145
400990 0.0382719
401000 0.0477838
401010 0.0310861
401020 0.0185158
401030 0.00565445
401040 0.00136851
401050 0.000179773
401060 1.6912e-05
401070 4.70043e-07
401080 1.77996e-08
401090 0.0
401100 0.0
401110 0.0
401120 0.0
401130 0.0
410890 0.0
410900 0.0
410910 0.0
410920 1.75e-12
410930 2.284e-10
410940 1.295e-08
410950 5.32e-07
410960 9.56e-06
410970 0.00012848
410980 0.00091528
410990 0.00417479
411000 0.01206386
411010 0.0239365
411020 0.0628149
411040 0.01756548
411050 0.00794566
411060 0.00230944
411080 2.455e-05
411090 8.44e-12
411100 7.6e-14
411110 4.95732e-16
411120 9.6921e-18
411130 1.43133e-17
411140 8.99276e-13
411150 4.10724e-14
420890 0.0
420910 0.0
420920 0.0
420930 4.09e-13
420950 5.04e-11
420960 3.73e-09
420970 1.42e-07
420980 3.92e-06
420990 4.706e-05
421000 0.0004943
421010 0.00238328
421020 0.0105579
421030 0.0225124
421040 0.0390467
421050 0.0390901
421060 0.0319599
421070 0.0133732
421080 0.00385408
421090 1.302e-05
421100 7.85e-07
421110 1.48e-08
421120 8.2232e-10
421140 4.25991e-08
421150 1.42526e-09
421160 2.35e-12
421170 2.55198e-14
430930 0.0
430950 0.0
430970 4.12e-12
430980 3.28e-10
430990 4.6419e-07
431010 8.05e-06
431020 9.54e-05
431030 0.00363187
431050 0.00926365
431060 0.0171026
431070 0.0228944
431080 0.0159992
431090 0.0061872
431100 0.00154379
431110 0.00016459
431120 1.855e-05
431130 2.40957e-06
431140 1.191e-05
431150 9.8755e-07
431160 1.4e-08
431170 3.98532e-10
431180 6.470815e-13
440950 0.0
440960 0.0
440970 0.0
440980 0.0
440990 3.59e-13
441000 4.29e-11
441010 2.14e-09
441020 1e-07
441030 2.02e-06
441040 3.072e-05
441050 0.00186441
441070 0.0053305
441080 0.0124978
441090 0.02787008
441110 0.00348026
441120 0.00159658
441130 0.00064231
441140 0.00042349
441150 7.7291e-05
441160 8.9e-06
441170 6.13601e-07
441180 2.97994e-08
441190 6.24982e-10
441200 4.69e-12
441210 3.26555e-14
441220 0.0
441240 0.0
450990 0.0
451010 1.17e-14
451020 1.978e-12
451030 1.551e-10
451040 6.56e-09
451050 2.024e-07
451060 3.64e-06
451070 4.635e-05
451080 0.0002975
451090 0.00012532
451100 0.00034252
451110 0.00034946
451120 0.00038155
451130 0.00045201
451140 0.00046662
451150 0.00050443
451170 4.07e-05
451180 6.76e-06
451190 7.198e-07
451210 5.09967e-10
451220 6.34e-12
451230 5.96e-14
451240 0.0
460990 0.0
461010 0.0
461020 0.0
461040 1.42e-13
461050 1.24e-11
461060 3.4291e-08
461080 8.87e-07
461090 1.222e-09
461100 2.14e-08
461110 8.98e-08
461120 5.37e-07
461130 2.18e-06
461140 9.603e-05
461150 0.00024115
461160 0.00033064
461170 0.00028742
461180 0.00019807
461190 6.573e-05
461200 9.05e-06
461210 8.791e-07
461230 1.76e-09
461240 0.0
461250 0.0
461270 0.0
461280 0.0
461290 0.0
461300 1.23e-14
471030 0.0
471050 0.0
471060 0.0
471070 6.207e-13
471080 5.1e-11
471090 0.0
471100 0.0
471110 0.0
471120 3.789e-12
471140 5.13e-07
471150 6.58e-06
471160 2.826e-05
471170 9.708e-05
471180 0.00018326
471190 0.00023551
471200 9.856e-05
471210 3.984e-05
471220 8.47e-06
471230 1.36e-06
471240 1.64e-11
471250 1.42e-12
471260 1.59e-13
471270 2.15e-14
471280 0.0
471290 2.41167e-16
471300 8.09e-10
471310 1.1179793e-11
481050 0.0
481060 0.0
481070 0.0
481080 0.0
481090 0.0
481100 0.0
481110 0.0
481120 0.0
481130 0.0
481140 3.1e-10
481150 1.611e-08
481160 3.44e-07
481170 3.883e-06
481180 0.00014667
481200 0.00018887
481210 0.00021169
481220 0.0002742
481240 4.22e-06
481250 9.97e-07
481260 4.65e-07
481270 1.88e-07
481280 4.46e-08
481290 7.2e-09
481300 5.34e-06
481310 3.77989e-07
481320 1.35997e-08
481330 9.86069e-11
481340 1.28e-12
481360 0.0
491070 0.0
491090 0.0
491110 0.0
491120 0.0
491130 0.0
491140 0.0
491150 1.059e-12
491160 8.58e-11
491170 4.851e-09
491180 1.36e-07
491190 2.309e-06
491200 1.203999e-05
491210 5.414e-05
491220 0.00012924
491230 0.00023831
491240 0.00031167
491250 0.00023662
491260 0.00028652
491270 0.00043698
491280 0.00054401
491300 0.000704661
491310 0.00020311
491320 2.47099e-05
491340 3.57e-08
491350 1.37456e-10
491360 3.14e-12
501110 0.0
501120 0.0
501130 0.0
501140 0.0
501150 0.0
501170 4.59e-13
501180 6.61e-11
501190 1.10051e-07
501210 1.59e-06
501220 1.646e-05
501230 8.602e-05
501240 0.00029036
501250 0.00036815
501260 0.00109185
501270 0.00305144
501280 0.00622496
501290 0.01106774
501300 0.0126401
501310 0.0095889
501320 0.00446882
501330 0.00093867
501340 0.00010659986
501360 1.45e-07
501370 2.43e-09
501380 2.9965917e-11
511130 0.0
511150 0.0
511170 0.0
511180 0.0
511190 1.88e-13
511200 1.879e-11
511210 5.292e-08
511230 1.22e-06
511240 3.80001e-07
511250 1.279e-05
511270 9.695e-05
511280 0.00043013
511290 0.00223615
511300 0.00747248
511310 0.018621
511320 0.02230102
511330 0.0182309
511340 0.00606322
511350 0.00127294
511360 0.00012583
511370 9.13e-06
511380 3.37e-07
511390 1.03993e-08
511400 5.53076e-11
511410 4.27388e-12
511420 4.79192e-14
521150 0.0
521170 0.0
521180 0.0
521190 0.0
521200 0.0
521210 9.48e-14
521220 1.78e-11
521230 1.482e-09
521240 6.2e-13
521250 7.08e-12
521260 2.05e-10
521270 5.13e-09
521280 9.68e-08
521290 1.607e-06
521300 0.0007871
521310 0.02569359
521330 0.0430858
521340 0.0531169
521350 0.0443795
521370 0.00270263
521380 0.00040699
521390 3.665e-05
521400 2.61994e-06
521410 1.48308e-07
521420 2.26995e-09
521430 1.38168e-11
521440 1.35229e-12
531210 0.0
531220 4.73e-14
531250 0.0
531260 0.0
531270 0.0
531280 0.0
531290 3.2e-13
531300 2e-06
531310 4.964e-05
531320 0.00060045
531330 0.00482368
531340 0.01601792
531350 0.0344744
531360 0.0358776
531370 0.0379606
531390 0.00365907
531400 0.00071129
531410 0.000109552
531430 2.15772e-07
531440 1.547e-08
531450 5.04293e-11
531460 1.37425e-12
531470 5.25882e-13
541240 0.0
541250 0.0
541260 0.0
541270 0.0
541280 0.0
541300 5.54e-10
541310 4.17e-08
541320 5.82e-05
541340 0.0007996
541350 0.00500102
541360 0.0192228
541370 0.0351416
541380 0.0461399
541390 0.037278
541400 0.0245879
541410 0.00911633
541420 0.0022343
541430 0.000332214
541440 3.25145e-05
541450 1.74995e-06
541460 6.50986e-08
541470 1.82646e-08
541490 5.13721e-13
541500 0.0
551270 0.0
551290 0.0
551310 9.08e-13
551320 1.58e-10
551330 1.86e-08
551340 2.6529e-05
551360 0.00029972
551370 0.00208135
551380 0.0247236
551400 0.0264298
551410 0.031019
551420 0.0180297
551430 0.00930267
551440 0.0024484
551450 0.0004964
551460 5.3e-05
551470 1.26444e-05
551480 1.51e-07
551490 8.02256e-09
551500 6.54e-11
551510 9.31523e-13
551520 1.08926e-14
561290 0.0
561310 0.0
561320 0.0
561330 4.54e-13
561340 1.07e-10
561350 1.06e-08
561360 5.65e-07
561370 1.187e-05
561380 0.00015348
561390 0.00105862
561400 0.00529778
561410 0.0144411
561420 0.0262526
561430 0.0304572
561440 0.0394904
561460 0.0050774
561470 0.000989617
561480 0.000164522
561500 7.57e-07
561510 3.23249e-08
561520 5.15989e-10
561530 3.5729e-12
561540 4.88e-14
571330 0.0
571350 1.11e-13
571370 1.87e-09
571380 7.33e-08
571390 2.02e-06
571400 2.748e-05
571410 0.00027318
571420 0.00124595
571430 0.00478891
571440 0.00974731
571450 0.0149433
571460 0.0135625
571470 0.00903804
571480 0.00341279
571490 0.00103419
571500 0.0001938377
571520 1.32e-06
571530 5.57964e-08
571540 1.40703128e-09
571560 1.47557e-13
571570 3.77499e-15
581350 0.0
581370 3.6213e-12
581390 2.971e-10
581400 1.61e-08
581410 8.341e-06
581430 8.124e-05
581440 0.00060862
581450 0.00228479
581460 0.0069001
581470 0.0106286
581480 0.0125326
581490 0.00900059
581500 0.00502201
581510 0.00167115
581520 0.00037452
581530 4.34e-05
581540 4.13e-06
581550 2.43993e-07
581560 6.98985e-09
581570 1.30996e-10
581580 1.77e-12
581590 2.15142e-14
581600 0.0
591390 0.0
591400 1.74e-13
591410 1.97e-11
591420 9.92e-10
591430 4.04e-08
591440 8.733e-07
591450 1.242e-05
591460 0.00010163
591470 0.00214879
591490 0.00371606
591500 0.0046464
591510 0.00751598
591530 0.00105491
591540 0.00025338
591550 5.596e-05
591560 4.45e-06
591570 3.29e-07
591580 1.27e-08
591590 3.35979e-10
591600 3.71e-12
591610 1.94513e-14
591620 6.43848e-17
601400 0.0
601410 0.0
601420 1.25e-14
601430 1.49e-12
601440 1.33e-10
601450 5.44e-09
601460 1.8e-07
601470 2.85e-06
601480 2.994e-05
601490 0.00018608
601500 0.00079437
601510 0.00194838
601520 0.0034002
601530 0.00304669
601540 0.00228142
601550 0.00121179
601560 0.00033907
601570 7.586e-05
601590 7.19e-07
601600 3.14e-08
601610 6.74981e-10
601620 3.04994e-12
601630 4.52e-14
601640 0.0
601650 3.19512e-18
611410 0.0
611430 0.0
611440 6.1e-14
611460 6.07e-12
611470 3.96e-10
611480 3.0787e-07
611500 3.45e-06
611510 3.106e-05
611520 0.0001406799
611530 0.00042048
611540 0.0007046
611550 0.00116727
611560 0.00073804
611570 0.00046862
611580 0.00016934
611590 4.493e-05
611600 5.27e-06
611610 4.22e-07
611620 5.38e-09
611630 3.123e-10
611650 4.98968e-14
611660 2.51206e-16
611670 4.55304e-18
621430 0.0
621440 0.0
621450 0.0
621460 0.0
621470 0.0
621480 4.83e-13
621490 3.61e-11
621500 4.428e-08
621520 7.67e-07
621530 6.17e-06
621540 0.00018426
621560 0.00030622
621570 0.00044047
621580 0.00049608
621590 0.0003012
621600 0.0001175
621610 2.297e-05
621620 1.07e-06
621630 1.61e-07
621640 8.47e-09
621650 2.71e-10
621660 1.18997e-11
621670 1.57995e-13
621680 0.0
621690 9.15635e-18
621700 0.0
631470 0.0
631490 0.0
631510 1.54e-12
631520 8.24001e-11
631530 2.63e-09
631540 4.19e-08
631550 6.54e-07
631560 3.59e-06
631570 1.823e-05
631580 4.964e-05
631590 9.673e-05
631600 0.00013536
631620 5.47e-06
631630 2.73e-06
631640 3.969e-07
631660 4.65e-09
631670 2.33e-10
631680 6.39e-12
631690 1.42991e-13
631700 0.0
631710 2.50129e-18
641470 0.0
641490 0.0
641510 0.0
641530 8.26e-14
641540 5.15e-12
641550 2.31e-10
641560 4.98e-09
641570 7.04e-08
641580 7.2e-07
641590 3.66e-06
641600 1.109e-05
641610 1.527e-05
641620 5.22e-06
641630 5.69e-06
641640 2.29e-06
641650 6.06e-07
641660 2.534e-07
641680 2.83e-09
641690 1.7e-10
641700 5.4167975e-12
641720 0.0
651510 0.0
651530 0.0
651550 0.0
651560 1.3e-13
651570 2.24e-10
651590 4.3e-09
651600 3.58e-08
651610 1.77e-07
651620 1.554e-07
651630 5.58e-07
651640 5.09e-07
651650 4.12e-07
651660 3.26e-07
651670 1.29e-07
651680 3e-08
651690 6.15e-09
651700 4.93e-10
651710 2.95e-11
651720 1.26e-12
661550 0.0
661560 0.0
661570 0.0
661580 0.0
661590 3.82e-13
661600 1.27e-11
661610 1.74e-10
661620 5.9e-10
661630 5.59e-09
661640 1.81e-08
661650 3.586e-08
661660 8.96e-08
661670 7.91e-08
661680 5.61e-08
661690 2.53e-08
661700 6.41e-09
661710 9.16e-10
661720 1.35e-10
671590 0.0
671610 0.0
671620 4.36e-14
671630 1.597e-12
671640 1.412e-11
671650 1.04e-10
671660 6.6e-10
671670 2.04e-09
671680 3.48e-09
671690 5.02e-09
671700 2.82e-09
671710 1.22e-09
671720 4e-10
681610 0.0
681620 0.0
681630 0.0
681640 0.0
681650 2.37e-14
681660 5.6e-13
681670 4.712e-12
681680 2.97e-11
681690 1.1e-10
681700 2.13e-10
681710 2.19e-10
681720 2.25e-10
691650 0.0
691660 0.0
691670 0.0
691680 0.0
691690 7.25e-14
691700 3.78e-13
691710 1.42e-12
691720 3.72e-12
701660 0.0
701670 0.0
701680 0.0
701690 0.0
701700 0.0
701710 0.0
701720 0.0
711690 0.0
711710 0.0
711720 0.0
721710 0.0
