230660 4.13545e-14
230670 7.50488e-15
240660 7.9842e-11
240670 1.44895e-11
240680 1.769924e-12
240700 0.0
250660 1.09977e-08
250670 4.72901e-09
250680 1.26973e-09
250690 2.70803e-10
250700 4.05915e-11
250710 4.64903e-12
250720 5.12402e-13
260650 1.70964e-07
260670 2.67944e-07
260690 5.11893e-08
260700 1.81962e-08
260710 5.02895e-09
260720 9.89281e-10
260730 1.19975e-10
260740 1.10977e-11
260750 1.50098e-12
260760 3.15934e-14
270660 3.39929e-07
270670 7.08852e-07
270680 9.578e-07
270690 1.06978e-06
270700 8.65819e-07
270710 5.53884e-07
270720 2.56946e-07
270730 9.12809e-08
270750 3.171833e-09
270770 1.75976e-11
270780 1.8581e-12
280660 9.29806e-08
280670 4.13914e-07
280680 1.18975e-06
280690 2.81941e-06
280700 4.93897e-06
280710 6.93855e-06
280720 7.24849e-06
280730 4.82899e-06
280740 2.49948e-06
280750 1.00979e-06
280760 2.28952e-07
280770 3.39753e-08
280780 3.58739e-09
280790 1.52685e-10
280800 1.05978e-11
280810 0.0
290660 3.14934e-09
290670 3.14934e-08
290680 1.2185485e-06
290700 1.5157811e-05
290720 2.53547e-05
290730 3.66623e-05
290740 4.20612e-05
290750 3.78721e-05
290760 1.97459e-05
290770 6.87856e-06
290780 1.72964e-06
290790 2.94786e-07
290800 3.18933e-08
290810 2.32951e-09
290820 1.05978e-10
290830 7.40136e-12
300660 1.14976e-11
300670 2.69944e-10
300680 3.98917e-09
300690 4.662023e-08
300700 3.87919e-07
300710 2.528472e-06
300720 1.21375e-05
300730 3.72922e-05
300740 9.0951e-05
300750 0.000172394
300760 0.000196459
300770 0.000152898
300780 0.0001231843
300800 9.48802e-06
300810 1.73964e-06
300820 2.03957e-07
300830 1.42896e-08
300840 6.34867e-10
300850 4.36836e-11
300860 4.54905e-13
310650 0.0
310670 8.645191e-12
310690 2.33951e-10
310700 4.56905e-09
310710 6.88856e-08
310720 7.43844e-07
310730 5.08894e-06
310740 2.69144e-05
310750 0.000106858
310760 0.000258486
310770 0.000428741
310780 0.000530919
310790 0.000484349
310800 0.000304236
310810 0.000134012
310820 3.95517e-05
310830 7.1885e-06
310840 8.45823e-07
310850 8.43387e-08
310860 4.423729e-09
320660 0.0
320670 0.0
320680 0.0
320690 1.17975e-13
320700 5.54884e-12
320710 1.999582e-10
320720 5.11893e-09
320730 1.07672515e-06
320750 5.4711595e-05
320770 0.0001647356
320780 0.000434359
320790 0.00085818
320800 0.00119714
320810 0.00119904
320820 0.000842344
320830 0.00038101
320840 0.000114016
320850 2.8814e-05
320860 3.79921e-06
320870 3.75727e-07
320880 2.31952e-08
320890 8.79882e-10
320900 1.29773e-10
330690 0.0
330710 5.7488e-14
330720 3.56925e-12
330730 1.4297e-10
330740 3.974171e-09
330750 7.98833e-08
330760 9.85794e-07
330770 8.02832e-06
330780 4.71702e-05
330790 0.000207507
330800 0.000648025
330810 0.00143162
330820 0.00226873
330830 0.00240294
330840 0.0017258
330850 0.0010523
330860 0.000349737
330870 8.71318e-05
330880 1.40771e-05
330890 1.69877e-06
330900 2.5055e-07
330910 3.34355e-09
330920 3.00195e-10
340720 0.0
340730 2.06957e-14
340740 1.57967e-12
340750 7.51843e-11
340760 2.22953e-09
340770 4.314098e-08
340780 5.93876e-07
340790 6.15971e-06
340800 4.53105e-05
340810 0.0002302922
340820 0.000837635
340830 0.002046613
340840 0.00328939
340850 0.00467908
340860 0.00369451
340870 0.00220293
340880 0.000889874
340890 0.000261665
340900 4.85091e-05
340910 6.45531e-06
340920 5.79579e-07
340930 1.06362e-08
340940 1.31972e-09
340950 1.89378e-10
340960 7.21849e-13
350750 0.0
350770 2.324512e-11
350780 7.73838e-10
350790 1.964593e-08
350800 3.575258e-07
350810 4.41908e-06
350820 3.910183e-05
350830 0.000231692
350840 0.000904391
350850 0.00285095
350860 0.00516653
350870 0.00691246
350880 0.00661637
350890 0.00450032
350900 0.00202969
350910 0.000680148
350920 0.000154168
350930 2.05351e-05
350940 2.32951e-06
350950 3.65627e-07
350960 8.28827e-09
350970 4.19238e-10
360770 0.0
360780 9.74797e-14
360790 6.17872e-12
360800 2.8594e-10
360810 8.90114e-09
360820 2.00958e-07
360830 3.05536e-06
360840 2.99138e-05
360850 0.0002263228
360860 0.000980065
360870 0.00288515
360880 0.00627936
360890 0.0098292
360900 0.0101941
360910 0.00814964
360920 0.00443471
360930 0.00145073
360940 0.000411564
360950 7.07893e-05
360960 9.16809e-06
360970 8.09412e-07
360980 5.39887e-08
360990 1.69863e-09
361000 7.41845e-11
370790 0.0
370810 1.74963e-12
370830 4.15913e-09
370840 1.06978e-07
370850 2.03957e-06
370860 2.23954e-05
370870 0.000167145
370880 0.000885075
370890 0.00293372
370900 0.007001129
370910 0.0129186
370920 0.0158282
370930 0.0119654
370940 0.00804432
370950 0.00330509
370960 0.00103311
370970 0.000220234
370980 3.59125e-05
370990 3.2795e-06
371000 3.02937e-07
371010 8.25019e-09
371020 6.9873e-10
380830 5.49885e-13
380840 3.77921e-11
380850 1.879608e-09
380860 5.42887e-08
380870 1.028785e-06
380880 1.39171e-05
380890 0.000112906
380900 0.000630188
380910 0.0027242
380920 0.00764263
380930 0.0129296
380940 0.0199406
380950 0.0184032
380960 0.0131999
380970 0.0064745
380980 0.00248013
380990 0.000634946
381000 0.000121355
381010 1.59284e-05
381020 1.34902e-06
381030 2.18884e-08
381040 2.29952e-09
381050 2.57764e-10
390850 1.65965e-13
390870 6.37867e-10
390880 2.27952e-08
390890 4.650033e-07
390900 6.76858e-06
390910 7.31448e-05
390920 0.000505694
390930 0.001909552
390940 0.00681201
390950 0.013932
390960 0.02206658
390970 0.0235876
390980 0.0200474
390990 0.0117041
391000 0.00516421
391010 0.00160565
391020 0.00033406
391030 4.22593e-05
391040 3.86919e-06
391050 4.97658e-07
391060 4.60126e-09
391070 4.31043e-10
400870 3.77921e-14
400880 3.63924e-12
400890 1.88961e-10
400900 7.1485e-09
400910 2.02958e-07
400920 3.47927e-06
400930 3.42828e-05
400940 0.000292019
400950 0.00139134
400960 0.01676173
400980 0.0216102
400990 0.0273972
401000 0.026559
401010 0.0184968
401020 0.00901025
401030 0.00285583
401040 0.000653354
401050 9.63519e-05
401060 8.88354e-06
401070 8.32204e-07
401080 3.24932e-08
401090 2.33428e-09
401100 5.59883e-10
401110 8.10252e-11
410890 0.0
410900 7.29848e-13
410910 5.54884e-11
410920 2.47948e-09
410930 6.302685e-08
410940 1.365716e-06
410950 1.619663e-05
410960 8.42224e-05
410970 0.0007732082
410980 0.003139522
410990 0.008790873
411000 0.01854378
411010 0.0279599
411020 0.0528857
411040 0.01223914
411050 0.00440115
411060 0.001162714
411080 2.10856e-05
411090 4.50672e-06
411100 1.05978e-06
411110 1.56433e-07
411120 2.1376e-09
411130 2.81659e-10
411140 1.25254e-11
420890 0.0
420910 0.0
420920 1.68965e-13
420930 6.5316364e-10
420950 1.9196e-08
420960 3.32931e-07
420970 5.56884e-06
420980 5.39287e-05
420990 0.000353146
421000 0.0017041
421010 0.00574655
421020 0.013924
421030 0.0239281
421040 0.0292195
421050 0.0240624
421060 0.0128157
421070 0.00476238
421080 0.00142391
421090 0.000531579
421100 0.000199758
421110 3.02871e-05
421120 4.670791e-06
421140 2.41824e-08
421150 6.0717e-10
421160 5.59883e-11
430930 0.0
430950 2.202539e-12
430970 4.05916e-09
430980 9.68798e-08
430990 1.9515875e-05
431010 0.0001433
431020 0.000821808
431030 0.01297035
431050 0.0167224
431060 0.0213918
431070 0.0173459
431080 0.011274
431090 0.00709441
431100 0.0041637
431110 0.00144552
431120 0.000435039
431130 0.000105284
431140 1.36871e-05
431150 1.17225e-06
431160 1.64966e-07
431170 3.96464e-09
431180 7.323728e-10
440950 0.0
440960 0.0
440970 2.83941e-13
440980 1.69965e-11
440990 6.75859e-10
441000 1.9396e-08
441010 3.79921e-07
441020 5.40887e-06
441030 5.71381e-05
441040 0.000392758
441050 0.00719468
441070 0.00864
441080 0.0119298
441090 0.02331208
441110 0.00823394
441120 0.00522631
441130 0.00285451
441140 0.000809591
441150 0.00022696
441160 4.792e-05
441170 7.65444e-06
441180 1.26908e-06
441190 1.44895e-07
441200 1.20975e-08
441210 5.74511e-10
441220 3.12935e-11
441240 1.98958e-14
450990 2.80941e-14
451010 9.92793e-11
451020 3.59924e-09
451030 1.0062902e-07
451040 1.763635e-06
451050 1.784624e-05
451060 0.0001309126
451070 0.000555094
451080 0.001695806
451090 0.0029171
451100 0.00397776
451110 0.00634786
451120 0.00821157
451130 0.00958633
451140 0.00566304
451150 0.00488725
451170 0.000494617
451180 0.000175553
451190 5.119932e-05
451210 1.10919e-06
451220 1.10977e-07
451230 7.75838e-09
451240 4.03916e-10
451250 3.42636e-11
460990 0.0
461010 0.0
461020 1.7425352e-11
461040 7.87836e-10
461050 1.99958e-08
461060 4.389084e-06
461080 2.84941e-05
461090 8.48023e-05
461100 0.000181742
461110 0.000647565
461120 0.00176177
461130 0.0043654
461140 0.00532181
461150 0.00655931
461160 0.00581946
461170 0.0037576
461180 0.0027163
461190 0.00138289
461200 0.000557204
461210 0.0002100959
461230 6.34867e-06
461240 7.79837e-07
461250 7.070095e-08
461270 3.22451e-10
461280 4.54905e-11
461300 2.77942e-14
471030 0.0
471050 2.239532e-12
471060 1.143761e-10
471070 2.912391e-09
471080 4.99896e-08
471090 2.60946e-07
471100 5.142926e-06
471110 7.629402e-06
471120 0.0003052463
471140 0.000668251
471150 0.001701984
471160 0.00307704
471170 0.00382575
471180 0.005423
471190 0.0054611
471200 0.00450412
471210 0.00294828
471220 0.001445918
471230 0.000535588
471240 0.000150859
471250 2.97438e-05
471260 4.91897e-06
471270 6.22548e-07
471280 1.76963e-07
471290 6.04531e-09
471300 6.33868e-10
471310 4.94287e-11
481050 0.0
481060 0.0
481070 2.03957e-13
481080 8.56821e-12
481090 8.03832e-11
481100 4.58904e-10
481110 9.26807e-09
481120 1.24974e-07
481130 1.70964e-06
481140 9.83795e-06
481150 5.508849e-05
481160 0.000210646
481170 0.0005213108
481180 0.00442607
481200 0.00486291
481210 0.00650268
481220 0.01179975
481240 0.00321254
481250 0.00141242
481260 0.000541717
481270 0.000141131
481280 6.79058e-05
481290 1.16715e-05
481300 1.37971e-06
481310 9.54306e-08
481320 3.51927e-09
481330 2.07031e-10
481340 1.76963e-12
481360 0.0
491070 0.0
491090 0.0
491110 1.08977e-12
491120 3.415292e-11
491130 1.134764e-09
491140 1.505683e-08
491150 1.954595e-07
491160 1.62366e-06
491170 8.515224e-06
491180 5.004954e-05
491190 0.0002059573
491200 0.000705432
491210 0.001963665
491220 0.00407935
491230 0.006733035
491240 0.00865418
491250 0.00804536
491260 0.00678726
491270 0.00349234
491280 0.003795746
491300 0.0002979678
491310 5.2769e-05
491320 5.428659e-06
491340 1.75963e-08
491350 6.62499e-10
491360 1.12976e-11
501110 0.0
501120 0.0
501130 7.24848e-14
501140 2.23953e-12
501150 1.3373159e-09
501170 1.429702e-08
501180 1.82962e-07
501190 1.3744163e-05
501210 7.39445e-05
501220 0.000330551
501230 0.001175265
501240 0.00319457
501250 0.00600716
501260 0.0110169
501270 0.01310618
501280 0.01132534
501290 0.01046029
501300 0.00706294
501310 0.0030537
501320 0.000725069
501330 0.000149539
501340 1.821557e-05
501360 7.34847e-08
501370 2.21954e-09
501380 6.38867e-11
511130 0.0
511150 0.0
511170 2.32951e-12
511180 6.61862e-11
511190 1.29973e-09
511200 2.175542e-08
511210 3.347306e-06
511230 2.46049e-05
511240 0.0001491288
511250 0.002868398
511270 0.003003
511280 0.01419538
511290 0.0140405
511300 0.02503352
511310 0.0209254
511320 0.01170468
511330 0.0059595
511340 0.001669202
511350 0.000317544
511360 4.66703e-05
511370 3.63924e-06
511380 2.66944e-07
511390 1.26973e-08
511400 4.93251e-10
521150 0.0
521170 0.0
521180 0.0
521190 9.98792e-14
521200 3.8192e-12
521210 1.229744e-10
521220 2.8694e-09
521230 5.439861e-08
521240 7.6584e-07
521250 7.62841e-06
521260 6.08273e-05
521270 0.0002823414
521280 0.000807681
521290 0.00299784
521300 0.00858194
521310 0.04224317
521330 0.02883461
521340 0.0188121
521350 0.01164358
521370 0.000600985
521380 0.000109457
521390 1.28073e-05
521400 9.52308e-07
521410 1.65055e-08
521420 2.22953e-09
521430 2.02044e-10
531210 0.0
531220 1.17975e-11
531250 9.26807e-09
531260 1.76963e-07
531270 1.69965e-06
531280 8.1483e-06
531290 6.40066e-05
531300 0.0021075932
531310 0.00260308
531320 0.0088304
531330 0.01896976
531340 0.027904
531350 0.0287564
531360 0.0239048
531370 0.01577941
531390 0.00131993
531400 0.000236531
531410 3.535607e-05
531430 3.90081e-07
531440 3.63857e-09
531450 2.63965e-10
541240 0.0
541250 1.089772e-12
541260 5.07894e-11
541270 1.029786e-09
541280 1.5637744e-07
541300 2.55947e-06
541310 3.426281e-05
541320 0.001891888
541340 0.00561955
541350 0.01498553
541360 0.0248097
541370 0.025749
541380 0.0249518
541390 0.0155205
541400 0.0063774
541410 0.00205985
541420 0.000550675
541430 7.55238e-05
541440 7.02489e-06
541450 5.0963e-07
541460 1.9296e-08
541470 4.9548511e-10
541500 0.0
551270 5.95876e-14
551290 3.3593e-11
551310 5.11893e-08
551320 1.75963e-05
551330 1.57867e-05
551340 0.00142956
551360 0.00505966
551370 0.00824167
551380 0.04700319
551400 0.0214349
551410 0.015649
551420 0.00967686
551430 0.00316061
551440 0.000740795
551450 0.000138631
551460 1.37371e-05
551470 9.39113e-07
551480 4.56905e-08
551490 9.88573e-10
551500 2.67944e-11
561290 0.0
561310 7.43845e-12
561320 3.52926e-09
561330 1.58967e-08
561340 1.01979e-06
561350 5.14892e-06
561360 7.02854e-05
561370 0.0003482669
561380 0.0016701
561390 0.00502261
561400 0.009856
561410 0.0159208
561420 0.0217622
561430 0.0159205
561440 0.01296931
561460 0.00101343
561470 0.000181822
561480 2.443391e-05
561500 9.49802e-08
561510 1.46992e-09
561520 7.73838e-11
561540 1.55967e-14
571330 1.54968e-12
571350 3.41929e-09
571370 1.52968e-06
571380 1.80062e-05
571390 0.000125014
571400 0.000619881
571410 0.00217583
571420 0.00670547
571430 0.0109026
571440 0.0140024
571450 0.0148477
571460 0.0087177
571470 0.00380952
571480 0.00116757
571490 0.000257336
571500 3.602104e-05
571520 1.84961e-07
571530 8.98812e-09
571540 2.586267e-10
581350 2.17955e-13
581370 2.0562661e-08
581390 3.390292e-07
581400 4.07915e-06
581410 0.0002779917
581430 0.000981115
581440 0.00299159
581450 0.00734381
581460 0.00998557
581470 0.0100586
581480 0.00721812
581490 0.00389826
581500 0.00123883
581510 0.000267754
581520 4.37709e-05
581530 5.44886e-06
581540 3.8092e-07
581550 1.86864e-08
581560 8.6282e-10
581570 2.71943e-11
581580 5.43886e-13
581600 0.0
591390 9.0781e-11
591400 2.70943e-09
591410 5.99875e-08
591420 1.019788e-06
591430 1.01479e-05
591440 8.029319e-05
591450 0.000475151
591460 0.00154117
591470 0.00966163
591490 0.00731681
591500 0.00563845
591510 0.00402747
591530 0.000344448
591540 5.88377e-05
591550 7.1685e-06
591560 7.91835e-07
591570 5.88877e-08
591580 2.8794e-09
591590 9.30806e-11
591600 2.54947e-12
601400 1.72964e-13
601410 9.79795e-12
601420 4.24911e-10
601430 1.06978e-08
601440 2.22953e-07
601450 3.25932e-06
601460 2.82741e-05
601470 0.000166285
601480 0.000667911
601490 0.00213893
601500 0.00349506
601510 0.00413001
601520 0.00364959
601530 0.0025632
601540 0.0010123
601550 0.000291979
601560 7.46844e-05
601570 1.424699e-05
601590 1.15976e-07
601600 7.6584e-09
601610 3.14934e-10
601620 9.51801e-12
601630 2.10956e-13
601640 0.0
611410 0.0
611430 1.08977e-12
611440 2.4405872e-09
611460 5.44886e-08
611470 8.29827e-07
611480 7.192501e-05
611500 0.000283211
611510 0.000797643
611520 0.001612902
611530 0.00254332
611540 0.00223282
611550 0.00144162
611560 0.000807901
611570 0.000302607
611580 8.03832e-05
611590 1.4567e-05
611600 2.27952e-06
611610 2.23953e-07
611620 1.63966e-08
611630 9.134096e-10
611650 8.22828e-13
611660 4.50293e-14
621430 0.0
621440 0.0
621450 1.65965e-13
621460 1.01979e-11
621470 4.16913e-10
621480 1.14976e-08
621490 2.24953e-07
621500 2.139556e-05
621520 9.1231e-05
621530 0.000341509
621540 0.001641657
621560 0.00114949
621570 0.000901172
621580 0.000517852
621590 0.000207087
621600 7.31747e-05
621610 1.65465e-05
621620 2.82941e-06
621630 3.61924e-07
621640 3.01937e-08
621650 1.95959e-09
621660 8.69368e-11
621670 2.70943e-12
621680 6.07873e-14
621700 0.0
631470 1.99958e-14
631490 7.97833e-11
631510 4.65903e-08
631520 5.73879e-07
631530 4.99896e-06
631540 2.53848e-05
631550 8.52522e-05
631560 0.000222474
631570 0.000367683
631580 0.000449606
631590 0.00038181
631600 0.00043131
631620 5.40887e-05
631630 1.57467e-05
631640 3.504273e-06
631660 4.91897e-08
631670 3.68923e-09
631680 2.00958e-10
631690 8.27827e-12
631700 2.31952e-13
631710 1.1956e-14
641470 0.0
641490 0.0
641510 3.752216e-10
641530 8.18829e-09
641540 1.03978e-07
641550 8.82816e-07
641560 5.09894e-06
641570 1.88661e-05
641580 5.19592e-05
641590 9.61399e-05
641600 0.000155867
641610 0.000163016
641620 0.000131832
641630 8.26727e-05
641640 3.50227e-05
641650 1.20175e-05
641660 3.418284e-06
641680 6.55863e-08
641690 6.31868e-09
641700 4.499942e-10
641720 8.6382e-13
651510 0.0
651530 1.30973e-12
651550 9.1181e-10
651560 1.2655342e-08
651570 8.088312e-07
651590 3.12935e-06
651600 1.52968e-06
651610 2.51647e-05
651620 4.40308e-05
651630 5.88777e-05
651640 5.29389e-05
651650 3.87819e-05
651660 2.03558e-05
651670 7.87836e-06
651680 2.28952e-06
651690 4.98896e-07
651700 7.89835e-08
651710 1.01979e-08
651720 9.1181e-10
661550 9.0781e-14
661560 3.07936e-12
661570 6.26869e-11
661580 9.75796e-10
661590 1.03978e-08
661600 4.89898e-08
661610 4.63903e-07
661620 1.84961e-06
661630 5.52885e-06
661640 1.08777e-05
661650 1.713645e-05
661660 1.9136e-05
661670 1.57367e-05
661680 9.82795e-06
661690 4.55905e-06
661700 1.60966e-06
661710 4.71901e-07
661720 9.82795e-08
671590 3.44028e-12
671610 8.93314e-10
671620 8.45823e-09
671630 5.955753e-08
671640 2.717428e-07
671650 9.69798e-07
671660 2.4025e-06
671670 4.2991e-06
671680 5.7388e-06
671690 5.54884e-06
671700 4.17912e-06
671710 2.62945e-06
671720 1.20975e-06
681610 1.67965e-13
681620 3.87919e-12
681630 6.59862e-11
681640 7.1985e-10
681650 6.09873e-09
681660 3.53926e-08
681670 1.451699e-07
681680 4.36909e-07
681690 9.1081e-07
681700 1.47969e-06
681710 1.98958e-06
681720 1.9296e-06
691650 3.86919e-12
691660 5.40887e-11
691670 5.30889e-10
691680 3.75922e-09
691690 1.73964e-08
691700 6.61862e-08
691710 1.98958e-07
691720 4.22912e-07
701660 0.0
701670 1.9196e-13
701680 3.30931e-12
701690 3.601247e-11
701700 3.24932e-10
701710 2.28952e-09
701720 1.12976e-08
711690 0.0
711710 2.71944e-12
711720 3.19934e-11
721710 0.0
