230660 1.53605e-13
230670 2.67949e-14
240660 2.22846e-10
240670 3.88732e-11
240680 4.021627e-12
240700 1.32e-14
250660 3.63e-08
250670 1.45e-08
250680 3.17e-09
250690 5.24638e-10
250700 6.26e-11
250710 4.56e-12
250720 5.99268e-13
260650 7.08e-07
260670 9.32e-07
260690 1.16e-07
260700 3.18e-08
260710 5.52e-09
260720 8.69401e-10
260730 8.6e-11
260740 6.21e-12
260750 7.0259e-13
260760 0.0
270660 1.88e-06
270670 3.49e-06
270680 3.66e-06
270690 3.02e-06
270700 1.84e-06
270710 7.38e-07
270720 2.67e-07
270730 7.13e-08
270750 1.1018e-09
270770 7.92136e-12
280660 7.28e-07
280670 2.81e-06
280680 6.12e-06
280690 1.051e-05
280700 1.359e-05
280710 1.196e-05
280720 9.5e-06
280730 4.86e-06
280740 1.86e-06
280750 4.24e-07
280760 7.98e-08
280770 1.14921e-08
280780 9.72e-10
280790 6.17177e-11
280800 3.67e-12
280810 0.0
290660 3.85e-08
290670 3.21e-07
290680 6.827e-06
290700 4.098e-05
290720 4.439e-05
290730 4.842e-05
290740 4.026e-05
290750 2.032e-05
290760 8.6e-06
290770 2.82e-06
290780 5.64e-07
290790 8.95383e-08
290800 1.19e-08
290810 9.21e-10
290820 4.74e-11
300660 2.44e-10
300670 4.63e-09
300680 4.77e-08
300690 3.764e-07
300700 2.17e-06
300710 8.675e-06
300720 3.01e-05
300730 6.802e-05
300740 0.00011771
300750 0.00012518
300760 0.0001137
300770 8.155e-05
300780 5.049e-05
300800 4.16e-06
300810 7.63e-07
300820 9.61e-08
300830 7.84e-09
300840 3.52e-10
300850 3.017e-11
300860 2.39e-13
310650 1.71e-13
310670 1.8653e-10
310690 3.23e-09
310700 4.2e-08
310710 3.81e-07
310720 2.87e-06
310730 1.385e-05
310740 5.027e-05
310750 0.000111
310760 0.00020902
310770 0.00031324
310780 0.00030853
310790 0.00023997
310800 0.00016816
310810 7.067e-05
310820 2.119e-05
310830 4.17e-06
310840 4.76e-07
310850 4.37698e-08
310860 2.259165e-09
320660 0.0
320670 0.0
320680 7.32e-14
320690 3.09e-12
320700 9.32e-11
320710 1.988e-09
320720 3.41e-08
320730 3.3085e-06
320750 7.002e-05
320770 0.00017523
320780 0.0003647
320790 0.00058926
320800 0.00088443
320810 0.00081049
320820 0.00055202
320830 0.00025188
320840 7.093e-05
320850 1.634e-05
320860 2.03e-06
320870 1.72881e-07
320880 9.6e-09
320890 4.86303e-10
320900 9.24272e-11
330690 0.0
330710 1.13e-12
330720 4.54e-11
330730 1.14e-09
330740 2.085e-08
330750 2.25e-07
330760 2e-06
330770 1.365e-05
330780 6.214e-05
330790 0.00021139
330800 0.00067275
330810 0.00130178
330820 0.00192292
330830 0.00193091
330840 0.00127323
330850 0.00070349
330860 0.00021378
330870 4.534e-05
330880 6.37e-06
330890 7.05514e-07
330900 1.34091e-07
330910 1.70826e-09
330920 1.15721e-10
340720 0.0
340730 3.786e-13
340740 1.63e-11
340750 4.08e-10
340760 8.38e-09
340770 1.305e-07
340780 1.37e-06
340790 1.028e-05
340800 7.244e-05
340810 0.00030418
340820 0.00097694
340830 0.0021151
340840 0.00305687
340850 0.00391693
340860 0.00276331
340870 0.00139571
340880 0.0004764
340890 0.0001308
340900 2.14058e-05
340910 2.47829e-06
340920 1.67884e-07
340930 4.78037e-09
340940 2.71e-10
340960 1.04e-13
350750 7.92e-14
350770 1.395e-10
350780 3.46e-09
350790 5.988e-08
350800 9.78e-07
350810 9.37e-06
350820 6.876e-05
350830 0.00033292
350840 0.00112233
350850 0.00316232
350860 0.00499158
350870 0.00568366
350880 0.00446219
350890 0.00288658
350900 0.00114582
350910 0.000324
350920 5.619e-05
350930 6.93522e-06
350940 5.86e-07
350950 1.57394e-08
350960 1.47e-09
350970 1.05389e-10
360770 1.57e-14
360780 9.42e-13
360790 3.82e-11
360800 1.49e-09
360810 3.376e-08
360820 5.91e-07
360830 6.731e-06
360840 5.461e-05
360850 0.00036175
360860 0.00131179
360870 0.00323303
360880 0.00572552
360890 0.00853592
360900 0.00778062
360910 0.00513827
360920 0.00217738
360930 0.00065679
360940 0.00013803
360950 2.28343e-05
360960 2.18e-06
360970 1.52895e-07
360980 7.68e-09
360990 7.84859e-10
361000 7.11e-12
370790 0.0
370810 1.31e-11
370830 1.56e-08
370840 3.18e-07
370850 5.21e-06
370860 1.92e-05
370870 0.00029493
370880 0.0013251
370890 0.00374224
370900 0.00761051
370910 0.0112559
370920 0.0110082
370930 0.00768398
370940 0.00382759
370950 0.00150346
370960 0.00035439
370970 6.119e-05
370980 7.61e-06
370990 1.13865e-06
371000 4.24e-08
371010 1.9149e-09
371020 1.46029e-10
380830 3.88e-12
380840 2.03e-10
380850 8.47e-09
380860 1.88e-07
380870 3.011e-06
380880 3.224e-05
380890 0.00022394
380900 0.00106311
380910 0.00360435
380920 0.00798505
380930 0.0125273
380940 0.014106
380950 0.0124772
380960 0.00690636
380970 0.00280695
380980 0.00083746
380990 0.000181771
381000 2.692e-05
381010 2.77808e-06
381020 2.11854e-07
381030 7.11545e-09
381040 3.73e-10
390850 1.47e-12
390870 3.44e-09
390880 9.32e-08
390890 1.618e-06
390900 1.893e-05
390910 0.00015662
390920 0.00083093
390930 0.00299696
390940 0.00758562
390950 0.0147559
390960 0.01833947
390970 0.01662542
390980 0.01129775
390990 0.00563045
391000 0.00192939
391010 0.00047252
391020 8.447e-05
391030 1.03229e-05
391040 8.64e-07
391050 2.2538e-08
391060 2.25242e-09
391070 3.74515e-10
400870 4.14e-13
400880 2.9e-11
400890 1.29e-09
400900 3.84e-08
400910 7.89e-07
400920 1.075e-05
400930 9.433e-05
400940 0.00058965
400950 0.00251759
400960 0.02129082
400980 0.0211558
400990 0.0229292
401000 0.0173712
401010 0.00960364
401020 0.00387565
401030 0.00111342
401040 0.00021714
401050 3.26975e-05
401060 3.26775e-06
401070 5.43335e-07
401080 1.4e-08
401090 7.7836e-10
401100 1.91e-11
410890 1.08e-13
410900 8.34e-12
410910 4.41e-10
410920 1.57e-08
410930 3.472e-07
410940 5.41e-06
410950 5.427e-05
410960 0.00015246
410970 0.00176047
410980 0.00578348
410990 0.01359068
411000 0.0221708
411010 0.0264893
411020 0.0376706
411040 0.00641082
411050 0.00219988
411060 0.0005841963
411080 1.134e-05
411090 1.12922e-06
411100 8.11e-08
411110 5.95135e-09
411120 1.79092e-09
411130 6.84193e-10
411140 1.02633e-10
420890 0.0
420910 2.57e-14
420920 2.42e-12
420930 5.658e-09
420950 1.37e-07
420960 1.68e-06
420970 2.699e-05
420980 0.00021054
420990 0.00112538
421000 0.00408868
421010 0.0106744
421020 0.0195874
421030 0.0270578
421040 0.0250974
421050 0.0186481
421060 0.00912123
421070 0.0035286
421080 0.00102901
421090 0.00022856
421100 3.692e-05
421110 8.63405e-06
421120 3.5908171e-06
421140 1.48897e-07
421150 4.38836e-09
421160 7.77e-09
421170 3.08648e-10
430930 0.0
430950 3.741e-11
430970 4.69e-08
430980 9.03e-07
430990 0.00010939
431010 0.00058765
431020 0.00237894
431030 0.02155924
431050 0.0224714
431060 0.0228356
431070 0.0185591
431080 0.0115645
431090 0.00548096
431100 0.00192292
431110 0.00075043
431120 0.00035532
431130 0.000158457
431140 4.887e-05
431150 6.36651e-06
431160 5.89e-06
431170 4.47778e-07
431180 2.2031067e-09
440950 0.0
440960 0.0
440970 8.7e-12
440980 4.21e-10
440990 1.31e-08
441000 2.71e-07
441010 3.9e-06
441020 3.65e-05
441030 0.0002584
441040 0.00117601
441050 0.01225321
441070 0.0141258
441080 0.0182282
441090 0.0304864
441110 0.00809951
441120 0.00587954
441130 0.00398563
441140 0.00185493
441150 0.00101633
441160 0.00050118
441170 7.14819e-05
441180 3.13784e-06
441190 5.83598e-08
441200 4.49e-10
441220 1.11e-14
441240 0.0
450990 1.58e-12
451010 2.843e-09
451020 6.34e-08
451030 1.0793e-06
451040 1.151e-05
451050 8.777e-05
451060 0.0004276
451070 0.00151872
451080 0.00417495
451090 0.00830527
451100 0.01228194
451110 0.0122861
451120 0.0133631
451130 0.0133527
451140 0.0091957
451150 0.01268961
451170 0.00207987
451180 0.00033133
451190 2.4533e-05
451210 8.06e-09
451220 2.19e-10
451230 3.87e-11
451240 6.42e-12
460990 0.0
461010 2.18e-13
461020 5.038e-10
461040 1.26e-08
461050 2.23e-07
461060 2.338e-05
461080 0.00012594
461090 0.00053877
461100 0.0016817
461110 0.00209788
461120 0.00443578
461130 0.00673579
461140 0.00660358
461150 0.00763691
461160 0.00788827
461170 0.00798843
461180 0.0042917
461190 0.00111494
461200 0.00013461
461210 6.564e-06
461230 1.26e-07
461240 3.34e-08
461250 9.33e-09
461270 3.32008e-10
461280 6.97e-12
461300 0.0
471030 2.34e-14
471050 6.217e-11
471060 1.659e-09
471070 3.174e-08
471080 4.44e-07
471090 4.25e-06
471100 2.932e-05
471110 7.826e-05
471120 0.00063524
471140 0.00066938
471150 0.00113246
471160 0.00170322
471170 0.00446872
471180 0.00773962
471190 0.0067351
471200 0.00291072
471210 0.00051948
471220 0.00010244
471230 4.396e-05
471240 1.858e-05
471250 6.42e-06
471260 2.66e-06
471270 4.81668e-07
471280 2.96e-08
471290 3.80225e-09
471300 1.87e-10
481050 0.0
481060 1.14e-13
481070 5.13e-12
481080 1.69e-10
481090 3.71e-09
481100 5.82e-08
481110 2.639e-07
481120 1.04e-06
481130 3.628e-06
481140 8.47e-06
481150 2.149e-05
481160 4.825e-05
481170 0.00034821
481180 0.0078921
481200 0.00850994
481210 0.0054947
481220 0.00450217
481240 0.00117146
481250 0.0006207
481260 0.0004053
481270 0.00011596
481280 1.349e-05
481290 5.5162e-06
481300 4.95e-07
481310 2.84e-08
481320 5.88e-10
481340 2.46e-13
481360 0.0
491070 0.0
491090 3.41e-13
491110 9.61e-11
491120 6.045e-10
491130 3.315e-09
491140 1.211e-08
491150 4.663e-08
491160 1.592001e-07
491170 3.337e-06
491180 7.099e-05
491190 0.00072597
491200 0.00363411
491210 0.00817642
491220 0.00968012
491230 0.00934656
491240 0.00935202
491250 0.00741272
491260 0.0074315
491270 0.00328374
491280 0.00136591
491300 0.00014184
491310 2.011e-05
491320 1.1742e-06
491340 3.18e-09
491350 1.20542e-10
491360 1.46e-12
501110 0.0
501120 3.69e-14
501130 3.19e-13
501140 1.83e-12
501150 6.75e-11
501170 3.56e-09
501180 2.91e-07
501190 0.00022416
501210 0.00176543
501220 0.00501368
501230 0.00710954
501240 0.010639
501250 0.01237806
501260 0.0186159
501270 0.01236804
501280 0.00468174
501290 0.00970357
501300 0.00474712
501310 0.00160435
501320 0.00021998
501330 4.378e-05
501340 4.474879e-06
501360 1.31e-08
501370 3.19e-10
501380 7.57e-12
511130 0.0
511150 0.0
511170 4.01e-13
511180 1.3e-10
511190 2.02e-08
511200 1.502e-06
511210 0.00041015
511230 0.00076552
511240 0.001742301
511250 0.01193493
511270 0.00678677
511280 0.02154744
511290 0.0196446
511300 0.02091421
511310 0.0159734
511320 0.00527524
511330 0.00258997
511340 0.00064043
511350 6.547e-05
511360 1.243e-05
511370 7.57e-07
511380 4.42e-08
511390 1.67e-09
511400 1.21231e-10
521150 0.0
521170 0.0
521180 0.0
521190 3.84e-12
521200 1.18e-09
521210 1.65e-07
521220 3.16e-06
521230 1.034e-05
521240 3.676e-05
521250 9.657e-05
521260 0.000383
521270 0.00066165
521280 0.00209536
521290 0.00580188
521300 0.0133847
521310 0.03943682
521330 0.01947439
521340 0.0115001
521350 0.00412899
521370 0.00019444
521380 2.743e-05
521390 2.53e-06
521400 1.75879e-07
521410 5.44163e-09
521420 2.86e-10
531210 5.88e-11
531220 1.57e-08
531250 3.63e-07
531260 2.28e-06
531270 6.22e-06
531280 3.653e-05
531290 0.0002295
531300 0.00675141
531310 0.00456718
531320 0.01433642
531330 0.0209166
531340 0.0282487
531350 0.015726
531360 0.01697486
531370 0.00778545
531390 0.0004201
531400 6.711e-05
531410 8.52856e-06
531430 1.28808e-08
531440 1.14343e-09
531450 6.24754e-11
541240 0.0
541250 1.48e-10
541260 1.49e-09
541270 6.49e-09
541280 1.1426e-06
541300 1.338e-05
541310 0.00011887
541320 0.00404047
541340 0.01013405
541350 0.0262834
541360 0.030617
541370 0.0233845
541380 0.0169679
541390 0.00836176
541400 0.00295125
541410 0.00079745
541420 0.00015264
541430 1.868712e-05
541440 1.65886e-06
541450 9.06375e-08
541460 3.66e-09
541470 2.87846e-10
541500 0.0
551270 7.14e-13
551290 5.48e-10
551310 3.67e-07
551320 6.853e-05
551330 6.567e-05
551340 0.00475194
551360 0.01248634
551370 0.0135989
551380 0.0438863
551400 0.0168024
551410 0.00991774
551420 0.00432246
551430 0.00125717
551440 0.00027052
551450 3.7e-05
551460 3.7e-06
551470 4.15407e-07
551480 1.01e-08
551490 3.58872e-10
551500 6.15e-12
561290 2.92e-14
561310 1.22e-10
561320 3.89e-08
561330 1.49e-07
561340 8.03e-06
561350 3.288e-05
561360 0.00035886
561370 0.00117265
561380 0.00384416
561390 0.00894272
561400 0.0137986
561410 0.0172113
561420 0.0162759
561430 0.0106552
561440 0.00700802
561460 0.00041635
561470 6.63143e-05
561480 7.680641e-06
561500 2.8e-08
561510 7.0259e-10
561520 1.99e-11
561540 0.0
571330 3.62e-11
571350 5.35e-08
571370 1.172e-05
571380 9.012e-05
571390 0.00047826
571400 0.00167888
571410 0.00435478
571420 0.00892999
571430 0.0128416
571440 0.0139986
571450 0.010474
571460 0.00573236
571470 0.00218711
571480 0.00057074
571490 0.00010072
571500 1.46393e-05
571520 6.18e-08
571530 2.48e-09
571540 7.1e-11
581350 9.27e-12
581370 2.571e-07
581390 3.099e-06
581400 2.461e-05
581410 0.00082684
581430 0.00223155
581440 0.00542666
581450 0.00911156
581460 0.0109524
581470 0.00944814
581480 0.0056821
581490 0.00231717
581500 0.00075604
581510 0.00013654
581520 2.068e-05
581530 2.05e-06
581540 1.44e-07
581550 5.76e-09
581560 2.01e-10
581570 3.97e-12
581580 8.02e-14
581600 0.0
591390 2.22e-09
591400 4.09e-08
591410 5.8e-07
591420 6.38e-06
591430 5.021e-05
591440 0.00028338
591450 0.00112899
591460 0.0030508
591470 0.01390732
591490 0.00718216
591500 0.00535424
591510 0.00301504
591530 0.00019023
591540 3.17e-05
591550 3.06e-06
591560 2.61e-07
591570 1.26e-08
591580 6.14e-10
591590 2.13e-11
591600 4.1e-13
601400 7.25e-12
601410 2.47e-10
601420 6.66e-09
601430 1.3e-07
601440 1.8e-06
601450 1.77e-05
601460 0.00011338
601470 0.00052201
601480 0.00162474
601490 0.00325532
601500 0.00542945
601510 0.0049438
601520 0.00405234
601530 0.00218158
601540 0.000826
601550 0.00018502
601560 3.718e-05
601570 4.807e-06
601590 4.11e-08
601600 1.91e-09
601610 6.74e-11
601620 1.46e-12
601630 2.56e-14
601640 0.0
611410 1.1e-14
611430 3.62e-11
611440 3.276e-08
611460 4.97e-07
611470 5.64e-06
611480 0.00024556
611500 0.00078922
611510 0.00160385
611520 0.00296643
611530 0.00349896
611540 0.00287732
611550 0.00141915
611560 0.00064101
611570 0.00017055
611580 4.51e-05
611590 8.68e-06
611600 9.49e-07
611610 7.79e-08
611620 3.96e-09
611630 1.7354e-10
611650 1.08e-13
621430 0.0
621440 9.2e-14
621450 5.96e-12
621460 2.37e-10
621470 6.88e-09
621480 1.33e-07
621490 1.56e-06
621500 8.783e-05
621520 0.00030681
621530 0.00081877
621540 0.00302236
621560 0.00151433
621570 0.00087951
621580 0.00050687
621590 0.00021709
621600 5.381e-05
621610 9.98e-06
621620 1.16e-06
621630 1.16e-07
621640 8.96e-09
621650 4.11e-10
621660 1.64e-11
621670 3.84e-13
621680 0.0
621700 0.0
631470 8.88e-13
631490 1.3e-09
631510 3.82e-07
631520 3.96e-06
631530 2.446e-05
631540 0.00010289
631550 0.00024455
631560 0.00052024
631570 0.0006563
631580 0.00079897
631590 0.00072729
631600 0.00054406
631620 3.971e-05
631630 9.07e-06
631640 1.758e-06
631660 1.55e-08
631670 8.51e-10
631680 4.3e-11
631690 1.31e-12
631700 2.85e-14
641470 0.0
641490 1.14e-13
641510 5.998e-09
641530 8.81e-08
641540 8.85e-07
641550 5.24e-06
641560 2.461e-05
641570 8.11e-05
641580 0.00018299
641590 0.00035553
641600 0.00040181
641610 0.00033317
641620 0.00017841
641630 8.85e-05
641640 3.365e-05
641650 7.85e-06
641660 1.835e-06
641680 2.39e-08
641690 1.73e-09
641700 9.201e-11
641720 1.05e-13
651510 1.3e-14
651530 3.43e-11
651550 1.22e-08
651560 1.3723e-07
651570 6.591e-06
651590 2.218e-05
651600 3.03e-05
651610 0.00010432
651620 0.0001164
651630 0.00012196
651640 9.65e-05
651650 4.743e-05
651660 2.116e-05
651670 5.8e-06
651680 1.51e-06
651690 2.53e-07
651700 2.96e-08
651710 2.79e-09
651720 1.91e-10
661550 3.02e-12
661560 8.37e-11
661570 1.6e-09
661580 1.94e-08
661590 1.83e-07
661600 8.48e-07
661610 4.37e-06
661620 1.067e-05
661630 2.434e-05
661640 4.042e-05
661650 4.126e-05
661660 3.815e-05
661670 2.185e-05
661680 1.204e-05
661690 4.45e-06
661700 1.15e-06
661710 2.43e-07
661720 3.77e-08
671590 1.667e-10
671610 2.183e-08
671620 1.213e-07
671630 6.344e-07
671640 2.317e-06
671650 5.11e-06
671660 1.002e-05
671670 1.199e-05
671680 1.37e-05
671690 1.071e-05
671700 5.8e-06
671710 2.62e-06
671720 8.85e-07
681610 1.19e-11
681620 1.55e-10
681630 1.91e-09
681640 1.61e-08
681650 8.01e-08
681660 3.5e-07
681670 9.151e-07
681680 2.24e-06
681690 3.77e-06
681700 4.24e-06
681710 3.98e-06
681720 2.8e-06
691650 1.43e-10
691660 1.44e-09
691670 8.58e-09
691680 4.73e-08
691690 1.8e-07
691700 4.39e-07
691710 8.76e-07
691720 1.29e-06
701660 6.41e-13
701670 8.95e-12
701680 1.15e-10
701690 1.0226e-09
701700 5.67e-09
701710 2.53e-08
701720 8.2e-08
711690 6.387e-13
711710 8.54e-11
711720 6.34e-10
721710 3.11e-14
