230660 3.0676e-17
230670 2.82263e-18
240660 7.44969e-13
240670 5.67972e-14
240680 1.03826e-16
240700 0.0
250660 5.15e-10
250670 1.21e-10
250680 1.41e-11
250690 1.4099e-12
250700 7.63e-14
250710 0.0
250720 1.44116e-16
260650 2.03e-08
260670 1.87e-08
260690 1.47e-09
260700 2.48e-10
260710 3.27e-11
260720 3.49986e-12
260730 1.93e-13
260740 0.0
260750 4.33713e-16
260760 0.0
270660 5.95e-08
270670 1.06e-07
270680 9.89e-08
270690 8.58e-08
270700 4.24e-08
270710 1.68e-08
270720 5.55e-09
270730 1.055e-09
270750 6.16657e-12
270770 8.39832e-15
280660 1.51e-08
280670 6.83e-08
280680 1.61e-07
280690 3.55e-07
280700 4.63e-07
280710 5.06e-07
280720 4.78e-07
280730 2.45e-07
280740 7.54e-08
280750 1.42e-08
280760 2.1e-09
280770 1.68992e-10
280780 1.04e-11
280790 2.70242e-13
280800 0.0
280810 0.0
290660 2.75e-10
290670 3.5e-09
290680 1.5029e-07
290700 1.58e-06
290720 2.82e-06
290730 3.86e-06
290740 3.33e-06
290750 1.82e-06
290760 8.05e-07
290770 2e-07
290780 3.8e-08
290790 3.66973e-09
290800 2.23e-10
290810 7.39e-12
290820 1.88e-13
290830 1.08333e-14
300660 2.8e-13
300670 1.09e-11
300680 2.07e-10
300690 3.421e-09
300700 3.13e-08
300710 2.295e-07
300720 1.43e-06
300730 4.93e-06
300740 1.074e-05
300750 1.532e-05
300760 1.846e-05
300770 1.299e-05
300780 9.41e-06
300800 4.11e-07
300810 4.39e-08
300820 3.65e-09
300830 2.17989e-10
300840 5.45e-12
300850 2.15015e-13
300860 0.0
310650 0.0
310670 1.03e-13
310690 5.27e-12
310700 1.46e-10
310710 3.15e-09
310720 5.6e-08
310730 5.28e-07
310740 3.02e-06
310750 1.092e-05
310760 3.307e-05
310770 5.945e-05
310780 8.828e-05
310790 7.13e-05
310800 4.078e-05
310810 1.335e-05
310820 3.49e-06
310830 6.87e-07
310840 5.75e-08
310850 2.91978e-09
310860 7.662248e-11
310880 4.027e-14
320660 0.0
320670 0.0
320680 0.0
320690 0.0
320700 3.53e-14
320710 2.38e-12
320720 1.3e-10
320730 6.508e-08
320750 5.7041e-06
320770 2.36e-05
320780 8.835e-05
320790 0.00017988
320800 0.0002728
320810 0.00024701
320820 0.00018694
320830 0.00011389
320840 3.049e-05
320850 4.91e-06
320860 4.22e-07
320870 2.45988e-08
320880 9.7796e-10
320890 1.78934e-11
320900 1.18701e-12
330690 0.0
330710 0.0
330720 1.52e-14
330730 1.36e-12
330740 7.03e-11
330750 2.18e-09
330760 5.27e-08
330770 7.05e-07
330780 7.3e-06
330790 3.936e-05
330800 0.00015627
330810 0.00036431
330820 0.0007182
330830 0.00121097
330840 0.00094157
330850 0.00044818
330860 0.00012104
330870 2.216e-05
330880 2.91e-06
330890 2.42982e-07
330900 1.33557e-08
330910 6.41055e-11
330920 2.64349e-12
330930 3.4071e-13
340720 0.0
340730 0.0
340740 0.0
340750 3.9e-13
340760 2.96e-11
340770 1.219e-09
340780 3.82e-08
340790 6.058e-07
340800 7.01e-06
340810 4.56e-05
340820 0.00023995
340830 0.00107412
340840 0.00225754
340850 0.00277237
340860 0.00212031
340870 0.00112227
340880 0.00045513
340890 0.00011822
340900 1.61066e-05
340910 1.28994e-06
340920 6.41974e-08
340930 6.8558e-09
340940 5.75e-11
340950 3.00308e-12
340960 0.0
350750 0.0
350770 1.057e-13
350780 1.04e-11
350790 5.16e-10
350800 1.881e-08
350810 3.77e-07
350820 5.92e-06
350830 7.785e-05
350840 0.00044791
350850 0.00143301
350860 0.00297665
350870 0.00410116
350880 0.00459311
350890 0.00336415
350900 0.00138914
350910 0.00034936
350920 5.623e-05
350930 4.62314e-06
350940 5.54e-07
350950 4.07801e-08
350960 6.64e-10
350970 1.01873e-11
350980 2.92761e-13
360770 0.0
360780 0.0
360790 2.15e-14
360800 2.57e-12
360810 1.666e-10
360820 8.33e-09
360830 3.556e-07
360840 6.34e-06
360850 6.122e-05
360860 0.00035465
360870 0.00129418
360880 0.00372453
360890 0.00712091
360900 0.00813886
360910 0.00579391
360920 0.0027695
360930 0.00070445
360940 0.00026908
360950 4.07492e-05
360960 3.39e-06
360970 2.0499e-07
360980 7.10971e-09
360990 4.41392e-11
361000 1.76e-12
370790 0.0
370810 0.0
370830 8.36e-11
370840 4.93e-09
370850 1.51e-07
370860 2.77e-06
370870 3.046e-05
370880 0.00025691
370890 0.00144827
370900 0.0043622
370910 0.0101709
370920 0.0132019
370930 0.0121101
370940 0.00765746
370950 0.00341774
370960 0.0008922
370970 0.00016905
370980 1.873e-05
370990 5.99385e-07
371000 5.23e-08
371010 3.35933e-10
371020 1.5441e-11
371030 2.12668e-12
380830 0.0
380840 1.88e-13
380850 1.88e-11
380860 1.15e-09
380870 4.038e-08
380880 1.1e-06
380890 1.843e-05
380900 0.00017066
380910 0.00120989
380920 0.00472956
380930 0.0116015
380940 0.0166163
380950 0.0195913
380960 0.014436
380970 0.00787941
380980 0.00261637
380990 0.000598931
381000 7.578e-05
381010 6.75966e-06
381020 3.74985e-07
381030 4.27932e-08
381040 1.78e-10
381050 5.94579e-12
390850 0.0
390870 2.66e-12
390880 2.43e-10
390890 1.309e-08
390900 3.96e-07
390910 8.26e-06
390920 9.714e-05
390930 0.00074831
390940 0.00313721
390950 0.00969687
390960 0.0188781
390970 0.0267362
390980 0.0238166
390990 0.0157304
391000 0.00600175
391010 0.00163075
391020 0.00029136
391030 2.88572e-05
391040 1.61e-06
391050 8.07404e-08
391060 2.05879e-10
391070 1.33311e-11
391080 1.48645e-13
400870 0.0
400880 0.0
400890 4.56e-13
400900 4.65e-11
400910 3.23e-09
400920 1.25e-07
400930 3.11e-06
400940 4.083e-05
400950 0.00037082
400960 0.00995911
400980 0.0182316
400990 0.0318249
401000 0.032766
401010 0.024396
401020 0.0128515
401030 0.00403638
401040 0.00073836
401050 8.06793e-05
401060 4.99979e-06
401070 2.6825e-07
401080 3.60985e-09
401090 3.74068e-11
401100 2.08e-13
410890 0.0
410900 0.0
410910 6.11e-14
410920 8e-12
410930 6.67e-10
410940 2.9e-08
410950 8.36e-07
410960 1.49e-05
410970 0.00016962
410980 0.00112927
410990 0.00555244
411000 0.0154411
411010 0.0296351
411020 0.0782373
411040 0.01990478
411050 0.00696034
411060 0.001574472
411080 1.139e-05
411090 5.07963e-07
411100 8.64e-09
411110 0.0
411120 0.0
411130 0.0
411150 0.0
420890 0.0
420910 0.0
420920 0.0
420930 1.01e-12
420950 9.51e-11
420960 5.66e-09
420970 2.06e-07
420980 4.3e-06
420990 6.639e-05
421000 0.00055842
421010 0.00301711
421020 0.0116559
421030 0.0281684
421040 0.0412467
421050 0.0409946
421060 0.0238032
421070 0.009176
421080 0.00188831
421090 0.00028556
421100 1.74e-05
421110 4.16e-12
421120 3.2577122e-14
421140 0.0
421150 1.31859e-17
421160 2.07e-12
421170 1.75223e-14
430930 0.0
430950 0.0
430970 1.24e-11
430980 8.43e-10
430990 1.23321e-06
431010 1.986e-05
431020 0.000237
431030 0.00912636
431050 0.0208312
431060 0.0326414
431070 0.0335414
431080 0.020085
431090 0.00931275
431100 0.00188012
431110 6.27e-06
431120 2.54e-07
431130 7.85e-09
431140 2.18e-10
431150 2.16945e-10
431160 1.52e-08
431170 2.37942e-10
431180 2.4497923e-13
440950 0.0
440960 0.0
440970 0.0
440980 0.0
440990 1.37e-12
441000 1.27e-10
441010 6.9e-09
441020 2.71e-07
441030 6.63e-06
441040 9.082e-05
441050 0.00459756
441070 0.0106656
441080 0.0178074
441090 0.0365023
441110 0.0047964
441120 0.00088962
441130 0.0001226
441140 1.453e-05
441150 2.21978e-06
441160 5.68e-06
441170 2.37762e-07
441180 5.83976e-09
441190 9.07955e-11
441200 9.09e-13
441210 1.05299e-14
441220 0.0
441240 0.0
450990 0.0
451010 1.153e-13
451020 1.536e-11
451030 1.299e-09
451040 6.09e-08
451050 1.954e-06
451060 2.872e-05
451070 0.00024901
451080 0.00129064
451090 0.00489253
451100 0.0083666
451110 0.010409
451120 0.00529442
451130 0.00210532
451140 0.00076892
451150 0.00052662
451170 2.429e-05
451180 2.76e-06
451190 1.8431e-07
451210 1.42989e-10
451220 2.66e-12
451230 1.78e-14
451240 0.0
460990 0.0
461010 0.0
461020 1.21e-14
461040 1.99e-12
461050 2.17e-10
461060 3.426e-07
461080 5.85e-06
461090 7.323e-05
461100 0.00040704
461110 0.00013549
461120 0.00024558
461130 0.00029072
461140 0.00026886
461150 0.00033432
461160 0.00022174
461170 0.00016666
461180 7.633e-05
461190 1.864e-05
461200 2.98e-06
461210 2.433e-07
461230 4.97e-10
461240 0.0
461250 0.0
461280 0.0
461290 0.0
461300 0.0
471030 0.0
471050 0.0
471060 2.257e-13
471070 2.183e-11
471080 1.37e-09
471090 6.05e-08
471100 1.193e-06
471110 1.287e-09
471120 7.377e-08
471140 2.3e-07
471150 1.088e-06
471160 3.32e-05
471170 9.782e-05
471180 0.00016222
471190 0.00013121
471200 7.204e-05
471210 1.952e-05
471220 5.74e-06
471230 6.79e-07
471240 6.7e-12
471250 8.26e-13
471260 7.16e-14
471270 0.0
471280 0.0
471290 1.25103e-16
471300 3.91e-10
471310 7.823368e-12
481050 0.0
481060 0.0
481070 0.0
481080 1.54e-14
481090 2.45e-12
481100 1.78e-10
481110 0.0
481120 0.0
481130 0.0
481140 9.57e-14
481150 2.013e-12
481160 3.35e-07
481170 4.51e-06
481180 0.00010866
481200 0.00013551
481210 0.00011496
481220 0.00016597
481240 1.8e-06
481250 7.76e-07
481260 2.38e-07
481270 5.75e-08
481280 1.06e-08
481290 3.05e-09
481300 1.88e-06
481310 1.53992e-07
481320 4.13983e-09
481330 4.69058e-11
481340 3.69e-13
481360 0.0
491070 0.0
491090 0.0
491110 0.0
491120 0.0
491130 0.0
491140 0.0
491150 0.0
491160 1.824e-10
491170 1.247e-08
491180 3.761e-07
491190 3.74e-06
491200 2.19e-05
491210 5.83e-05
491220 0.0001826799
491230 0.00026378
491240 0.00030308
491250 0.00038918
491260 0.00037178
491270 0.00029136
491280 0.00038218
491300 0.000466791
491310 0.00013072
491320 1.3706953e-05
491340 1.73e-08
491350 8.99465e-11
491360 1.82e-12
501110 0.0
501120 0.0
501130 0.0
501140 0.0
501150 0.0
501170 1.75e-12
501180 2.6e-10
501190 2.5164e-07
501210 2.283e-06
501220 2.47e-05
501230 0.00011837
501240 0.00024225
501250 0.00064093
501260 0.00128702
501270 0.00223828
501280 0.0032625
501290 0.01075221
501300 0.00716978
501310 0.0062639
501320 0.00216781
501330 0.00039115
501340 4.108991e-05
501360 5.59e-08
501370 1.27e-09
501380 1.7914856e-11
511130 0.0
511150 0.0
511170 0.0
511180 0.0
511190 1.54e-12
511200 1.432e-10
511210 2.283e-07
511230 4.05e-06
511240 7.35999e-07
511250 3.693e-05
511270 0.00013777
511280 0.00069251
511290 0.00376
511300 0.01147369
511310 0.0217872
511320 0.0230581
511330 0.0138448
511340 0.0047565
511350 0.00076067
511360 8.344e-05
511370 6.3e-06
511380 2.88e-07
511390 8.34938e-09
511400 5.59992e-11
511410 4.6132e-12
521150 0.0
521170 0.0
521180 0.0
521190 0.0
521200 0.0
521210 6.22e-13
521220 1.07e-10
521230 8.13e-09
521240 1.26e-12
521250 3.388e-11
521260 6.41e-10
521270 9.56e-09
521280 1.59e-07
521290 2.646e-06
521300 0.0009324
521310 0.02695752
521330 0.0366962
521340 0.0380246
521350 0.02569691
521370 0.00161131
521380 0.00023735
521390 2.202e-05
521400 1.35994e-06
521410 9.28272e-08
521420 1.13e-09
521430 1.13586e-11
521440 2.1693e-12
531210 0.0
531220 8.19e-13
531250 0.0
531260 0.0
531270 0.0
531280 1.59e-14
531290 1.1e-12
531300 6.31e-06
531310 0.00014319
531320 0.00244748
531330 0.00844312
531340 0.0256799
531350 0.0363895
531360 0.0380405
531370 0.0364739
531390 0.00307543
531400 0.00058559
531410 6.75772e-05
531430 1.54243e-07
531440 2.44082e-08
531450 4.17928e-11
531460 9.47046e-13
541240 0.0
541250 0.0
541260 0.0
541270 0.0
541280 0.0
541300 2.26e-09
541310 1.86e-07
541320 0.00044619
541340 0.00139943
541350 0.01044359
541360 0.0183807
541370 0.0321754
541380 0.0374578
541390 0.0279607
541400 0.0149462
541410 0.00456342
541420 0.0011332
541430 0.0001541258
541440 2.94356e-05
541450 8.40958e-07
541460 2.29991e-08
541470 4.95107e-11
541490 4.5499e-13
541500 0.0
551270 0.0
551290 0.0
551310 1.15e-11
551320 1.61e-09
551330 1.24e-07
551340 8.475e-05
551360 0.00040951
551370 0.00345049
551380 0.03596524
551400 0.0300806
551410 0.0323554
551420 0.0186895
551430 0.00846607
551440 0.00261351
551450 0.00037403
551460 3.542e-05
551470 6.05923e-07
551480 8.65e-08
551490 6.1785e-09
551500 3.32e-11
551510 1.03906e-12
561290 0.0
561310 0.0
561320 1.81e-14
561330 5.51e-12
561340 7.77e-10
561350 4.91e-08
561360 8.96e-07
561370 2.422e-05
561380 0.00023815
561390 0.00197193
561400 0.00513483
561410 0.0149818
561420 0.0227383
561430 0.029393
561440 0.03302885
561460 0.00296788
561470 0.000605464
561480 8.189382e-05
561500 3.2e-07
561510 2.0908e-08
561520 1.69e-10
561530 2.47415e-12
561540 1.21e-14
571330 0.0
571350 1.47e-12
571370 8.93e-09
571380 2.89e-07
571390 5.73e-06
571400 0.00336622
571410 0.00048826
571420 0.00220869
571430 0.00826316
571440 0.0173805
571450 0.0198622
571460 0.01704404
571470 0.00981657
571480 0.00373044
571490 0.00091451
571500 0.0001692691
571520 8.91e-07
571530 3.35975e-08
571540 7.0716934e-10
571560 1.28469e-13
581350 0.0
581370 1.7559e-11
581390 1.124e-09
581400 3.85e-08
581410 1.491e-05
581430 0.00015978
581440 0.00104674
581450 0.00346426
581460 0.00843438
581470 0.0128241
581480 0.0132989
581490 0.00876705
581500 0.00441642
581510 0.00121732
581520 0.00024133
581530 2.944e-05
581540 1.97e-06
581550 8.38958e-08
581560 3.11987e-09
581570 3.83e-11
581580 3.93e-13
581590 9.94078e-15
581600 0.0
591390 1.05e-14
591400 1.19e-12
591410 9.29e-11
591420 4.57e-09
591430 1.78e-07
591440 3.867e-06
591450 4.142e-05
591460 0.00032201
591470 0.00553714
591490 0.00705538
591500 0.00961873
591510 0.0111844
591530 0.00145019
591540 0.00029085
591550 3.842e-05
591560 4.53e-06
591570 1.79e-07
591580 5.8e-09
591590 1.3499e-10
591600 2.28e-12
591610 2.07722e-14
591620 3.5576e-16
601400 0.0
601410 0.0
601420 7.18e-14
601430 9.75e-12
601440 7.37e-10
601450 2.7e-08
601460 7.26e-07
601470 1.012e-05
601480 9.371e-05
601490 0.00046009
601500 0.00180987
601510 0.00363601
601520 0.00537254
601530 0.00517078
601540 0.00278831
601550 0.00103566
601560 0.00035844
601570 4.732e-05
601590 3.07e-07
601600 1.62e-08
601610 4.17979e-10
601620 8.63964e-12
601630 8.83e-14
601640 0.0
611410 0.0
611430 0.0
611440 8.56e-13
611460 8.26e-11
611470 3.85e-09
611480 1.9807e-06
611500 2.355e-05
611510 0.00014262
611520 0.000606639
611530 0.00160402
611540 0.0022439
611550 0.00214796
611560 0.0019569
611570 0.00064434
611580 0.00017743
611590 3.712e-05
611600 5.87e-06
611610 4.64e-07
611620 2.98e-08
611630 9.744e-10
611650 1.76e-13
611660 1.07881e-15
611670 1.85359e-17
621430 0.0
621440 0.0
621450 0.0
621460 0.0
621470 7.05e-14
621480 7.72e-12
621490 3.87e-10
621500 3.478e-07
621520 4.48e-06
621530 3.643e-05
621540 0.00053056
621560 0.00092219
621570 0.00078272
621580 0.00054521
621590 0.00029704
621600 0.00012759
621610 2.854e-05
621620 5.4e-06
621630 5.25e-07
621640 2.25e-08
621650 9.28e-10
621660 2.61989e-11
621670 3.72981e-13
621680 0.0
621690 9.49897e-17
621700 0.0
631470 0.0
631490 0.0
631510 3.88e-11
631520 1.754001e-09
631530 4.69e-08
631540 5.9e-07
631550 4.73e-06
631560 3.335e-05
631570 7.969e-05
631580 0.00014572
631590 0.00020171
631600 0.00034195
631620 6.206e-05
631630 1.666e-05
631640 2.311e-06
631660 2.16e-08
631670 9.53e-10
631680 3.44e-11
631690 1.2899e-12
631700 1.95e-14
631710 1.16284e-16
631720 1.92291e-18
641470 0.0
641490 0.0
641510 3.31e-14
641530 3e-12
641540 1.23e-10
641550 3.17e-09
641560 7.09e-08
641570 5.25e-07
641580 2.8e-06
641590 1.092e-05
641600 3.178e-05
641610 4.695e-05
641620 5.917e-05
641630 4.002e-05
641640 1.274e-05
641650 4.18e-06
641660 1.139e-06
641680 1.4e-08
641690 1.61e-09
641700 7.843988e-11
641720 4.66981e-14
651510 0.0
651530 0.0
651550 1.04e-13
651560 7.589e-12
651570 3.204e-09
651590 3.6e-08
651600 3.12e-07
651610 1.33e-06
651620 4.64e-06
651630 8.33e-06
651640 6.78e-06
651650 5.6e-06
651660 3.41e-06
651670 1.15e-06
651680 3.39e-07
651690 1.11e-07
651700 1.54e-08
651710 1.44e-09
651720 8.87e-11
661550 0.0
661560 0.0
661570 0.0
661580 1.61e-13
661590 6.06e-12
661600 1.65e-10
661610 2.17e-09
661620 2.29e-08
661630 1.21e-07
661640 2.81e-07
661650 6.321e-07
661660 1.01e-06
661670 8.59e-07
661680 6.37e-07
661690 5.33e-07
661700 1.97e-07
661710 5.09e-08
661720 9.05e-09
671590 0.0
671610 1.77e-13
671620 5.9e-12
671630 9.72e-11
671640 6.91e-10
671650 4.66e-09
671660 2.17e-08
671670 5.17e-08
671680 1.03e-07
671690 2.22e-07
671700 2.08e-07
671710 1.35e-07
671720 6.21e-08
681610 0.0
681620 0.0
681630 0.0
681640 8.61e-14
681650 1.83e-12
681660 2.63e-11
681670 1.909e-10
681680 1.13e-09
681690 7.02e-09
681700 1.8e-08
681710 3.1e-08
681720 3.65e-08
691650 0.0
691660 0.0
691670 3.64e-14
691680 6.74e-13
691690 1.29e-11
691700 9.99e-11
691710 5.05e-10
691720 1.68e-09
701660 0.0
701670 0.0
701680 0.0
701690 0.0
701700 2.9e-14
701710 4.56e-13
701720 4.65e-12
711690 0.0
711710 0.0
711720 0.0
721710 0.0
