230660 6.93654e-19
240660 1.71993e-14
240670 0.0
240680 3.54917e-18
240700 0.0
250660 1.99e-11
250670 3.87e-12
250680 7.50001e-13
250690 4.60965e-14
250700 0.0
250710 0.0
250720 7.38016e-18
260650 1.27e-09
260670 1.155001e-09
260690 8.34001e-11
260700 1.52e-11
260710 1.3e-12
260720 1.82993e-13
260730 1.06e-14
260740 0.0
260760 0.0
270660 5.74001e-09
270670 8.69001e-09
270680 1.41e-08
270690 8.14001e-09
270700 4.43e-09
270710 1.15e-09
270720 5.04001e-10
270730 9.979011e-11
270750 4.528e-13
270770 1.30232e-15
280660 2.24e-09
280670 8.57001e-09
280680 3.5e-08
280690 5.36001e-08
280700 7.85001e-08
280710 5.75001e-08
280720 7.33001e-08
280730 4e-08
280740 1.1e-08
280750 1.86e-09
280760 2.98e-10
280770 2.73987e-11
280780 1.44e-12
280790 6.84427e-14
280800 0.0
280810 0.0
290660 6.60001e-11
290670 6.97001e-10
290680 3.783001e-08
290700 3.183001e-07
290720 6.92001e-07
290730 1.03e-06
290740 8.10001e-07
290750 4.16e-07
290760 2.02e-07
290770 5.75001e-08
290780 9.45001e-09
290790 8.88933e-10
290800 5.20001e-11
290810 1.53e-12
290820 3.38e-14
300660 1.12e-13
300670 3.58e-12
300680 1.14e-10
300690 1.337e-09
300700 1.34e-08
300710 6.49001e-08
300720 5.49001e-07
300730 2.06e-06
300740 4.14e-06
300750 5.81001e-06
300760 7.85001e-06
300770 6.46001e-06
300780 4.093001e-06
300800 1.66e-07
300810 1.58e-08
300820 1.11e-09
300830 4.58001e-11
300840 1.06e-12
300850 5.9974e-14
300860 0.0
310650 0.0
310670 9.53001e-14
310690 3.53e-12
310700 1.06e-10
310710 1.49e-09
310720 3.52e-08
310730 3.54e-07
310740 1.830002e-06
310750 6.63001e-06
310760 2.262e-05
310770 4.83701e-05
310780 6.43401e-05
310790 5.22601e-05
310800 2.787e-05
310810 8.26001e-06
310820 1.79e-06
310830 2.3e-07
310840 1.72e-08
310850 7.78941e-10
310860 1.7752197e-11
320660 0.0
320670 0.0
320680 0.0
320690 0.0
320700 4.45e-14
320710 1.942002e-12
320720 1.4e-10
320730 6.5857101e-08
320750 6.3007111e-06
320770 3.084e-05
320780 0.00010306
320790 0.00021315
320800 0.00029958
320810 0.00025079
320820 0.00015562
320830 5.94601e-05
320840 1.398e-05
320850 2.08e-06
320860 1.55e-07
320870 7.40966e-09
320880 2.25e-10
320890 3.82632e-12
320900 3.68185e-13
330690 0.0
330710 0.0
330720 2.86e-14
330730 2.66e-12
330740 1.214001e-10
330750 3.85e-09
330760 1.01e-07
330770 1.56e-06
330780 1.408e-05
330790 7.55501e-05
330800 0.00026819
330810 0.000579231
330820 0.000925922
330830 0.000947801
330840 0.00064086
330850 0.00029343
330860 6.99301e-05
330870 1.12e-05
330880 1.16e-06
330890 4.96962e-08
330900 4.05743e-09
330910 1.44016e-11
330920 5.36372e-13
340720 0.0
340730 0.0
340740 1.2e-14
340750 1.24e-12
340760 1.01e-10
340770 4.751001e-09
340780 1.28e-07
340790 1.989e-06
340800 1.964e-05
340810 0.00011578
340820 0.000474111
340830 0.0012202
340840 0.00210483
340850 0.00269564
340860 0.00185319
340870 0.000922881
340880 0.00030952
340890 4.537e-05
340900 4.99595e-06
340910 3.02986e-07
340920 1.32995e-08
340930 1.10093e-10
340940 3.28e-12
340960 0.0
350750 0.0
350770 7.42001e-13
350780 6.27001e-11
350790 3.012001e-09
350800 9.00001e-08
350810 1.61e-06
350820 1.880001e-05
350830 0.00013219
350840 0.00062299
350850 0.00211784
350860 0.00378932
350870 0.00521822
350880 0.00506561
350890 0.00232321
350900 0.000814561
350910 0.00016728
350920 2.469e-05
350930 1.42989e-06
350940 7.49001e-08
350950 3.23204e-10
350960 3.54e-11
350970 6.27395e-13
360770 0.0
360780 0.0
360790 2.27e-13
360800 2.14e-11
360810 1.228e-09
360820 4.41e-08
360830 9.32001e-07
360840 1.317e-05
360850 0.00013057
360860 0.000667791
360870 0.00213161
360880 0.00662495
360890 0.00852329
360900 0.0085195
360910 0.00536308
360920 0.00247887
360930 0.000479791
360940 8.40501e-05
360950 6.79968e-06
360960 4.54e-07
360970 1.31994e-08
360980 3.43e-10
360990 9.48159e-12
361000 5.83001e-14
370790 0.0
370810 4.61001e-14
370830 3.48e-10
370840 1.57e-08
370850 5.03001e-07
370860 8.07e-06
370870 8.00701e-05
370880 0.000655851
370890 0.00275195
370900 0.0074526
370910 0.0129907
370920 0.0167483
370930 0.00971932
370940 0.00523073
370950 0.00135502
370960 0.00029085
370970 2.865e-05
370980 2.4e-06
370990 1.23147e-07
371000 4.12e-09
371010 4.45356e-11
371020 1.58089e-12
380830 0.0
380840 9.28001e-13
380850 9.98002e-11
380860 5.32001e-09
380870 1.771e-07
380880 4.76001e-06
380890 6.50201e-05
380900 0.000531651
380910 0.00272241
380920 0.00960724
380930 0.0154616
380940 0.022966
380950 0.0170228
380960 0.0106955
380970 0.003315
380980 0.000855191
380990 0.000128657
381000 1.398e-05
381010 9.36956e-07
381020 3.91985e-08
381030 4.20357e-10
381040 1.65e-11
381050 1.56677e-12
390850 0.0
390870 1.98e-11
390880 1.83e-09
390890 8.73001e-08
390900 2.37e-06
390910 3.998e-05
390920 0.00040335
390930 0.00211776
390940 0.00877549
390950 0.0176931
390960 0.02934526
390970 0.0254584
390980 0.01828115
390990 0.00779358
391000 0.00248458
391010 0.000502511
391020 6.47301e-05
391030 5.45959e-06
391040 2.79e-07
391050 2.03491e-08
391060 5.08142e-11
391070 5.71664e-12
400870 0.0
400880 3.39e-14
400890 5.83001e-12
400900 5.46e-10
400910 3.17e-08
400920 1.1e-06
400930 1.938e-05
400940 0.00025111
400950 0.00150461
400960 0.02361237
400980 0.0307182
400990 0.0334133
401000 0.0281326
401010 0.0156871
401020 0.00580379
401030 0.00149591
401040 0.00023258
401050 2.12597e-05
401060 1.25995e-06
401070 1.20269e-07
401080 1.08e-09
401090 1.06244e-11
401100 6.28001e-14
410890 0.0
410900 0.0
410910 1.26e-12
410920 1.51e-10
410930 9.47001e-09
410940 4.14e-07
410950 8.89001e-06
410960 9.94601e-05
410970 0.000944041
410980 0.004418741
410990 0.012443721
411000 0.0264352
411010 0.0371311
411020 0.0605662
411040 0.01096134
411050 0.00300554
411060 0.0006291508
411080 4.94001e-06
411090 1.3799e-07
411100 3.37e-09
411110 0.0
411120 0.0
411130 0.0
420890 0.0
420910 0.0
420920 0.0
420930 3.4424e-11
420950 2.53e-09
420960 1.11e-07
420970 2.97e-06
420980 4.262e-05
420990 0.00034639
421000 0.00204061
421010 0.00761138
421020 0.0185845
421030 0.0339701
421040 0.0375428
421050 0.0276412
421060 0.0142386
421070 0.00588215
421080 0.00117177
421090 0.00010531
421100 8.73001e-06
421110 5.83001e-13
421120 1.32815e-16
421140 0.0
421150 0.0
421160 6.16001e-13
421170 1.83329e-14
430930 0.0
430950 2.87e-14
430970 4.77e-10
430980 2.21e-08
430990 1.04554111e-05
431010 0.00010893
431020 0.00075706
431030 0.01506374
431050 0.0214093
431060 0.0284206
431070 0.0308396
431080 0.0172529
431090 0.00456839
431100 0.00119815
431110 1.7e-06
431120 1.06e-07
431130 2.09e-09
431140 4.80001e-11
431150 7.33619e-14
431160 8.39001e-09
431170 2.38108e-10
431180 2.4204357e-13
440950 0.0
440960 0.0
440970 0.0
440980 5.57001e-13
440990 4.44e-11
441000 2.5e-09
441010 8.58001e-08
441020 1.83e-06
441030 2.894e-05
441040 0.00024331
441050 0.00620529
441070 0.0139747
441080 0.0206541
441090 0.0252689
441110 0.00237525
441120 0.000689091
441130 7.19101e-05
441140 7.72001e-06
441150 1.87e-06
441160 5.69001e-06
441170 2.48762e-07
441180 5.92977e-09
441190 6.08972e-11
441200 3.36e-13
441210 4.56541e-15
441220 0.0
441240 0.0
450990 0.0
451010 3.313001e-12
451020 2.24e-10
451030 1.108001e-08
451040 2.988001e-07
451050 5.148001e-06
451060 6.086e-05
451070 0.000483881
451080 0.00207022
451090 0.00406367
451100 0.0081135
451110 0.00747169
451120 0.00627707
451130 0.00225994
451140 0.000841991
451150 0.000900951
451170 4.185e-05
451180 4.4e-06
451190 2.1116001e-07
451210 5.92955e-11
451220 3.41e-13
451230 0.0
451240 0.0
460990 0.0
461010 0.0
461020 2.12e-13
461040 1.82e-11
461050 1.06e-09
461060 1.019901e-06
461080 1.34e-05
461090 8.04201e-05
461100 0.000493831
461110 0.0001678001
461120 0.000469521
461130 0.000523201
461140 0.000498891
461150 0.000908461
461160 0.000637491
461170 0.00044983
461180 0.00018556
461190 3.669e-05
461200 3.94e-06
461210 2.1241001e-07
461230 0.0
461240 0.0
461250 0.0
461280 0.0
461290 0.0
461300 0.0
471030 0.0
471050 0.0
471060 1.212001e-12
471070 1.001001e-10
471080 4.57e-09
471090 1.050002e-07
471100 1.849001e-06
471110 3.045e-09
471120 2.764e-07
471140 9.59001e-07
471150 5.96e-06
471160 0.0001596802
471170 0.0004027
471180 0.00057584
471190 0.0004154
471200 0.0001710902
471210 3.789e-05
471220 4.25e-06
471230 1.11e-11
471240 9.32001e-13
471250 9.21001e-14
471260 0.0
471270 0.0
471280 0.0
471290 1.03177e-17
471300 5.73001e-11
471310 1.62077e-12
481050 0.0
481060 0.0
481070 0.0
481080 7.50001e-14
481090 5.84001e-12
481100 3.56e-10
481110 0.0
481120 0.0
481130 5.06e-14
481140 9.78001e-13
481150 2.481001e-11
481160 2.86e-06
481170 2.949001e-05
481180 0.00054578
481200 0.000544251
481210 0.00044034
481220 0.00019303
481240 9.04001e-07
481250 2.91e-07
481260 6.85001e-08
481270 1.47e-08
481280 2.51e-09
481290 2.63e-10
481300 4.95001e-07
481310 3.40984e-08
481320 5.59001e-10
481330 1.13173e-11
481340 3.27e-14
481360 0.0
491070 0.0
491090 0.0
491110 0.0
491120 0.0
491130 0.0
491140 0.0
491150 0.0
491160 2.860002e-09
491170 1.35e-07
491180 3.025e-06
491190 3.013001e-05
491200 0.0001506201
491210 0.0004239201
491220 0.000618582
491230 0.000615251
491240 0.00046591
491250 0.0004363
491260 0.0003082
491270 0.00020282
491280 0.0001670802
491300 0.0002162403
491310 5.157e-05
491320 3.316989e-06
491340 2.87e-09
491350 1.49244e-11
491360 1.22e-13
501110 0.0
501120 0.0
501130 0.0
501140 0.0
501150 1.41e-13
501170 3.21e-11
501180 3.3e-09
501190 3.1567e-06
501210 3.359001e-05
501220 0.00017549
501230 0.0005238
501240 0.000781331
501250 0.00146099
501260 0.00218514
501270 0.003197831
501280 0.00469774
501290 0.00613761
501300 0.00558178
501310 0.00424874
501320 0.000919391
501330 0.00016074
501340 1.2323985e-05
501360 7.62001e-09
501370 8.21001e-11
501380 6.96001e-13
511130 0.0
511150 0.0
511170 0.0
511180 1.779001e-13
511190 3.69e-11
511200 3.38e-09
511210 3.778e-06
511230 1.75e-06
511240 7.10001e-06
511250 0.0001570201
511270 0.00040483
511280 0.001319962
511290 0.00398367
511300 0.01093917
511310 0.0240309
511320 0.01629885
511330 0.00972791
511340 0.00261044
511350 0.00025449
511360 2.293e-05
511370 9.05001e-07
511380 2.75e-08
511390 5.83001e-10
511400 5.16208e-12
511410 8.21182e-13
521150 0.0
521170 0.0
521180 0.0
521190 0.0
521200 1.88e-13
521210 4.37e-11
521220 4.18e-09
521230 3.342001e-12
521240 4.37e-11
521250 6.14001e-10
521260 7.54001e-09
521270 7.68001e-08
521280 8.11001e-07
521290 8.80001e-06
521300 0.00191231
521310 0.03603352
521330 0.0417146
521340 0.0354861
521350 0.01529721
521370 0.000499761
521380 5.28101e-05
521390 3.72e-06
521400 1.27995e-07
521410 1.72764e-08
521420 7.02001e-11
521430 2.55262e-12
531210 0.0
531220 0.0
531250 0.0
531260 0.0
531270 0.0
531280 2.34e-13
531290 1.05e-11
531300 2.248001e-05
531310 0.00044016
531320 0.00285216
531330 0.00639708
531340 0.0368803
531350 0.0389739
531360 0.0370512
531370 0.0214853
531390 0.00121475
531400 0.00013128
531410 1.1915701e-05
531430 3.31534e-08
531440 9.3966e-11
531450 4.99065e-12
531460 1.09291e-13
541240 0.0
541250 0.0
541260 0.0
541270 0.0
541280 0.0
541300 1.44e-08
541310 8.81001e-07
541320 0.00019907
541340 0.003232641
541350 0.0139191
541360 0.0316065
541370 0.0352648
541380 0.0377735
541390 0.0239575
541400 0.00751313
541410 0.001983
541420 0.00042712
541430 3.46368e-05
541440 2.32991e-06
541450 1.04995e-07
541460 2.70989e-09
541470 1.46926e-11
541500 0.0
551270 0.0
551290 0.0
551310 9.85001e-11
551320 9.90001e-09
551330 2.79e-07
551340 0.00026399002
551360 0.00452446
551370 0.00733598
551380 0.0598034
551400 0.030648
551410 0.0224531
551420 0.0137019
551430 0.00338388
551440 0.000696721
551450 0.00010209
551460 8.41001e-06
551470 1.86126e-07
551480 1.23e-08
551490 6.32148e-11
551500 3.04e-12
551510 2.43559e-13
561290 0.0
561310 0.0
561320 2.01e-13
561330 2.23e-11
561340 5.98001e-09
561350 2.92e-07
561360 9.50002e-06
561370 0.0001136401
561380 0.0010443
561390 0.00500644
561400 0.0109152
561410 0.021104
561420 0.0332257
561430 0.0222838
561440 0.01820682
561460 0.00137082
561470 0.000194454
561480 2.163994e-05
561500 5.28001e-08
561510 5.12408e-09
561520 1.99e-11
561530 4.45763e-13
561540 0.0
571330 0.0
571350 1.73e-11
571370 9.22001e-08
571380 2.92e-06
571390 4.149e-05
571400 0.00020392
571410 0.00163026
571420 0.00698663
571430 0.0126587
571440 0.0184973
571450 0.0214458
571460 0.0143542
571470 0.00575412
571480 0.00182087
571490 0.0003642
571500 4.873488e-05
571520 1.83e-07
571530 5.78956e-09
571540 1.0203615e-10
571560 1.91158e-14
581350 0.0
581370 4.1967e-10
581390 1.972001e-08
581400 4.4e-07
581410 0.00011074001
581430 0.000555711
581440 0.00225604
581450 0.0072358
581460 0.0125428
581470 0.0129723
581480 0.0111117
581490 0.00612189
581500 0.00220101
581510 0.000495701
581520 8.47201e-05
581530 8.50001e-06
581540 4.78001e-07
581550 2.1799e-08
581560 4.73981e-10
581570 4.91001e-12
581580 3.75e-14
581600 0.0
591390 4.52e-13
591400 3.31e-11
591410 2.04e-09
591420 8.34e-08
591430 1.71e-06
591440 2.042e-05
591450 0.00018047
591460 0.000894721
591470 0.0083686
591490 0.00827065
591500 0.00773137
591510 0.00711016
591530 0.000681021
591540 0.0001166
591550 1.714e-05
591560 1.19e-06
591570 4.12e-08
591580 1.06e-09
591590 2.3e-11
591600 2.67e-13
591610 4.25868e-15
601400 0.0
601410 2.47e-14
601420 3.32e-12
601430 2.3e-10
601440 8.85001e-09
601450 2.57e-07
601460 3.98e-06
601470 3.42e-05
601480 0.00023752
601490 0.000943831
601500 0.00236284
601510 0.00390491
601520 0.00483494
601530 0.00375343
601540 0.00176285
601550 0.000764181
601560 0.0001589
601570 1.895e-05
601590 1.02e-07
601600 3.99e-09
601610 8.95958e-11
601620 4.49e-13
601630 0.0
601640 0.0
611410 0.0
611430 0.0
611440 1.8386e-11
611460 9.19001e-10
611470 2.63e-08
611480 7.62401e-06
611500 5.27801e-05
611510 0.00025711
611520 0.000873642
611530 0.0017836
611540 0.00216218
611550 0.00248197
611560 0.00138781
611570 0.00043915
611580 0.000111
611590 2.352e-05
611600 2.96e-06
611610 2.06e-07
611620 3.33e-09
611630 4.3942001e-11
611650 0.0
611660 4.75879e-17
621430 0.0
621440 0.0
621450 0.0
621460 1.01e-14
621470 9.54001e-13
621480 7.03001e-11
621490 2.77e-09
621500 1.1268001e-06
621520 1.086e-05
621530 6.53301e-05
621540 0.000929321
621560 0.00101589
621570 0.000854731
621580 0.000581981
621590 0.0003373
621600 0.00012482
621610 2.521e-05
621620 1.26e-06
621630 5.18001e-08
621640 2.01e-09
621650 7.49001e-11
621660 1.17995e-12
621670 1.35e-14
621680 0.0
621690 1.38579e-18
621700 0.0
631470 0.0
631490 5.30001e-14
631510 2.24e-10
631520 7.38e-09
631530 1.35e-07
631540 1.480002e-06
631550 1.453e-05
631560 6.06601e-05
631570 0.00014314
631580 0.00026372
631590 0.00039413
631600 0.00059117
631620 2.838e-05
631630 3.41e-06
631640 4.339e-07
631660 2.14e-09
631670 7.63001e-11
631680 1.5e-12
631690 1.79986e-14
631700 0.0
631710 2.54761e-18
641470 0.0
641490 0.0
641510 2.44e-13
641530 1.47e-11
641540 5.21001e-10
641550 1.5e-08
641560 1.99e-07
641570 1.64e-06
641580 9.13001e-06
641590 3.849e-05
641600 0.00010456
641610 0.00013976
641620 5.01101e-05
641630 1.575e-05
641640 4.78001e-06
641650 1.49e-06
641660 2.302e-07
641680 1.37e-09
641690 5.10001e-11
641700 2.0835975e-12
641720 0.0
651510 0.0
651530 0.0
651550 8.58001e-13
651560 3.714e-11
651570 1.949e-08
651590 2.08e-07
651600 1.053e-05
651610 7.65001e-06
651620 7.58e-06
651630 6.31001e-06
651640 4.83001e-06
651650 3.79e-06
651660 1.37e-06
651670 3.93e-07
651680 7.02001e-08
651690 7.63001e-09
651700 9.12001e-10
651710 7.41001e-11
651720 2.72e-12
661550 0.0
661560 0.0
661570 3.07e-14
661580 1.89e-12
661590 6.88001e-11
661600 2.22e-09
661610 2.55e-08
661620 7.74001e-08
661630 1.91e-07
661640 4.03e-07
661650 8.37001e-07
661660 7.75001e-07
661670 5.57001e-07
661680 2.59e-07
661690 7.39001e-08
661700 2.42e-08
661710 5.61001e-09
661720 6.09001e-10
671590 0.0
671610 4.352001e-12
671620 4.26e-11
671630 3.341e-10
671640 2.136001e-09
671650 1.3e-08
671660 3.424001e-08
671670 6.70001e-08
671680 8.32001e-08
671690 6.01001e-08
671700 4.94e-08
671710 2.94e-08
671720 8.51001e-09
681610 0.0
681620 0.0
681630 2.93e-14
681640 5.90001e-13
681650 1.12e-11
681660 9.03001e-11
681670 5.295011e-10
681680 1.97e-09
681690 3.96e-09
681700 8.71001e-09
681710 1.33e-08
681720 9.71001e-09
691650 0.0
691660 1.21e-14
691670 2.23e-13
691680 2.64e-12
691690 1.62e-11
691700 1.05e-10
691710 4.61001e-10
691720 9.24001e-10
701660 0.0
701670 0.0
701680 0.0
701690 0.0
701700 6.93001e-14
701710 9.36001e-13
701720 5.64001e-12
711690 0.0
711710 0.0
711720 0.0
721710 0.0
