230660 2.2847e-17
230670 2.32549e-18
240660 1.67977e-13
240670 1.70977e-14
240680 1.33461e-16
240700 0.0
250660 5.16e-11
250670 1.43e-11
250680 3.96e-12
250690 6.56867e-13
250700 1.04e-13
250710 0.0
250720 3.08706e-16
260650 1.25e-09
260670 1.527e-09
260690 2.84e-10
260700 1.23e-10
260710 1.79e-11
260720 2.26969e-12
260730 2.35e-13
260740 1.76e-14
260750 2.29545e-15
260760 0.0
270660 2.94e-09
270670 4.97e-09
270680 8.41e-09
270690 9.48e-09
270700 1.07e-08
270710 4.13e-09
270720 1.42e-09
270730 4.846e-10
270750 1.20907e-11
270770 4.14781e-14
270780 3.44064e-15
280660 7.36e-10
280670 2.93e-09
280680 1.13e-08
280690 2.98e-08
280700 8.04e-08
280710 7.67e-08
280720 6.72e-08
280730 5e-08
280740 2.64e-08
280750 9.99e-09
280760 1.93e-09
280770 3.04959e-10
280780 2.52966e-11
280790 2.25483e-12
280800 1.41e-13
280810 0.0
290660 1.7e-11
290670 1.72e-10
290680 1.159e-08
290700 2.043e-07
290720 2.9e-07
290730 5.23e-07
290740 6.73e-07
290750 6.55e-07
290760 3.34e-07
290770 1.43e-07
290780 3.23e-08
290790 1.10977e-08
290800 1.39e-09
290810 1.07e-10
290820 4.69e-12
290830 2.69268e-13
300660 2.99e-14
300670 8.19e-13
300680 1.96e-11
300690 3.204e-10
300700 5.08e-09
300710 2.746e-08
300720 1.34e-07
300730 5.62e-07
300740 1.65e-06
300750 3.82e-06
300760 4.77e-06
300770 5.13e-06
300780 5.8e-06
300800 9.43e-07
300810 1.94e-07
300820 2.37e-08
300830 1.97973e-09
300840 8.01e-11
300850 4.52997e-12
300860 3.74e-14
310650 0.0
310670 1.78e-14
310690 7.92e-13
310700 3.38e-11
310710 4.81e-10
310720 6.02e-09
310730 6.27e-08
310740 4.33e-07
310750 2.36e-06
310760 6.84e-06
310770 1.726e-05
310780 2.442e-05
310790 5.523e-05
310800 4.809e-05
310810 2.525e-05
310820 8.28e-06
310830 1.95e-06
310840 2.29e-07
310850 2.22955e-08
310860 9.793592e-10
310880 9.83235e-13
320660 0.0
320670 0.0
320680 0.0
320690 0.0
320700 1.61e-14
320710 6.32e-13
320720 2.15e-11
320730 1.1099e-08
320750 1.1754e-06
320770 6.216e-06
320780 2.057e-05
320790 0.00010831
320800 0.00022266
320810 0.00027683
320820 0.00022708
320830 0.00014117
320840 4.638e-05
320850 1.285e-05
320860 1.65e-06
320870 1.34982e-07
320880 7.22902e-09
320890 1.55807e-10
320900 1.29578e-11
330690 0.0
330710 0.0
330720 0.0
330730 4.15e-13
330740 1.946e-11
330750 7.27e-10
330760 1.37e-08
330770 2.14e-07
330780 1.77e-06
330790 2.262e-05
330800 0.00010989
330810 0.00031119
330820 0.00059606
330830 0.00090263
330840 0.00076324
330850 0.00056416
330860 0.00020449
330870 4.982e-05
330880 7.89e-06
330890 7.66844e-07
330900 6.37752e-08
330910 5.20856e-10
330920 3.48144e-11
330930 6.14013e-12
340720 0.0
340730 0.0
340740 0.0
340750 2.58e-13
340760 1.35e-11
340770 5.716e-10
340780 1.27e-08
340790 4.273e-07
340800 5.31e-06
340810 3.639e-05
340820 0.00016751
340830 0.00060875
340840 0.00120961
340850 0.0022686
340860 0.00213222
340870 0.00143517
340880 0.00063313
340890 0.00018149
340900 3.24462e-05
340910 3.82948e-06
340920 2.55965e-07
340930 4.51439e-08
340940 3.61e-10
340950 2.5234e-11
340960 8.37e-14
350750 0.0
350770 1.062e-13
350780 6.58e-12
350790 6.09e-10
350800 2.051e-08
350810 3.65e-07
350820 4.38e-06
350830 4.125e-05
350840 0.00021753
350850 0.00098255
350860 0.00229157
350870 0.00392246
350880 0.00443872
350890 0.00345174
350900 0.00169956
350910 0.00056759
350920 0.00011336
350930 1.53749e-05
350940 1.43e-06
350950 1.24196e-07
350960 2.99e-09
350970 6.22852e-11
350980 2.93747e-12
360770 0.0
360780 0.0
360790 5.9e-14
360800 5.56e-12
360810 2.671e-10
360820 8.79e-09
360830 2.29e-07
360840 3.36e-06
360850 4.104e-05
360860 0.00025655
360870 0.00114247
360880 0.00323603
360890 0.00638962
360900 0.00802249
360910 0.0069926
360920 0.00387976
360930 0.00147954
360940 0.0003951
360950 6.31858e-05
360960 7.08e-06
360970 4.57938e-07
360980 2.15971e-08
360990 2.90165e-10
361000 1.44e-11
370790 0.0
370810 1.31e-14
370830 9.06e-11
370840 3.87e-09
370850 1.36e-07
370860 2.45e-06
370870 3.191e-05
370880 0.00024423
370890 0.00129021
370900 0.00406305
370910 0.00880028
370920 0.0124748
370930 0.012219
370940 0.00869401
370950 0.00384921
370960 0.00119457
370970 0.00021955
370980 2.923e-05
370990 1.42813e-06
371000 1.55e-07
371010 1.86991e-09
371020 1.33818e-10
371030 2.03556e-11
380830 0.0
380840 3.02e-13
380850 3.12e-11
380860 1.7e-09
380870 6.75e-08
380880 1.51e-06
380890 2.323e-05
380900 0.00020127
380910 0.00115729
380920 0.00429346
380930 0.0104286
380940 0.0185788
380950 0.020885
380960 0.0165996
380970 0.00809472
380980 0.00287687
380990 0.000726572
381000 0.00011354
381010 1.37481e-05
381020 9.83866e-07
381030 1.4966e-07
381040 1.58e-09
381050 7.02374e-11
390850 0.0
390870 9.82e-12
390880 6.62e-10
390890 3.133e-08
390900 7.98e-07
390910 1.32e-05
390920 0.00014051
390930 0.00092763
390940 0.00426715
390950 0.0120752
390960 0.02332932
390970 0.0278696
390980 0.0243355
390990 0.0152612
391000 0.00624203
391010 0.00198824
391020 0.00039263
391030 5.09703e-05
391040 4.91e-06
391050 3.45693e-07
391060 2.73756e-09
391070 1.88715e-10
391080 8.52681e-12
400870 0.0
400880 1.94e-14
400890 2.88e-12
400900 2.22e-10
400910 1.1e-08
400920 3.57e-07
400930 6.85e-06
400940 8.922e-05
400950 0.00069169
400960 0.01371892
400980 0.0213975
400990 0.0312852
401000 0.0309603
401010 0.0239712
401020 0.0121774
401030 0.00421054
401040 0.00107489
401050 0.000175874
401060 2.01273e-05
401070 1.38749e-06
401080 6.26915e-08
401090 6.74417e-10
401100 1.02e-11
410890 0.0
410900 0.0
410910 6.21e-13
410920 6.28e-11
410930 3.638e-09
410940 1.411e-07
410950 3.205e-06
410960 4.463e-05
410970 0.00036142
410980 0.00193318
410990 0.00684344
411000 0.01633958
411010 0.0294497
411020 0.0660183
411040 0.01901718
411050 0.00812986
411060 0.002904122
411080 5.985e-05
411090 3.31933e-06
411100 1.02e-07
411110 3.76703e-10
411120 0.0
411130 0.0
420890 0.0
420910 0.0
420920 0.0
420930 1.5329e-11
420950 1.05e-09
420960 4.26e-08
420970 9.939999e-07
420980 1.464e-05
420990 0.00013605
421000 0.00084937
421010 0.00378227
421020 0.0112612
421030 0.0227925
421040 0.0333179
421050 0.0343435
421060 0.0248325
421070 0.0123756
421080 0.0042339
421090 0.00070774
421100 6.871e-05
421110 2.76962e-06
421120 3.0089345e-14
421140 0.0
421150 0.0
421160 0.0
421170 4.11333e-12
421180 3.09297e-13
430930 0.0
430950 1.88e-14
430970 1.9e-10
430980 7.98e-09
430990 3.7537e-06
431010 4.205e-05
431020 0.00033336
431030 0.00795064
431050 0.0154999
431060 0.026116
431070 0.0310561
431080 0.0264503
431090 0.0122231
431100 0.00350356
431110 0.0004677
431120 2.81e-07
431130 6.38e-09
431140 1.76e-10
431150 7.88444e-14
431160 3.11e-13
431170 2.02449e-08
431180 1.52562185e-09
431200 4.93658e-14
440950 0.0
440960 0.0
440970 0.0
440980 2.9e-13
440990 2.09e-11
441000 1.04e-09
441010 3.42e-08
441020 7.63e-07
441030 1.101e-05
441040 0.00010355
441050 0.00352592
441070 0.00833972
441080 0.017445
441090 0.0371837
441110 0.00650668
441120 0.00115846
441130 0.00014834
441140 1.895e-05
441150 1.93e-06
441160 4.42e-07
441170 1.02998e-05
441180 7.74477e-07
441190 2.44967e-08
441200 3.62951e-10
441210 3.04706e-12
441220 1.02e-14
441240 0.0
450990 0.0
451010 1.879e-12
451020 1.204e-10
451030 4.977e-09
451040 1.294e-07
451050 2.364e-06
451060 2.646e-05
451070 0.00020754
451080 0.00115424
451090 0.00381456
451100 0.00800582
451110 0.00913408
451120 0.00772257
451130 0.00344728
451140 0.00148277
451150 0.00081311
451170 0.00025046
451180 6.555e-05
451190 8.61e-06
451210 1.4997e-08
451220 2.41e-10
451230 1.71e-12
451240 0.0
460990 0.0
461010 0.0
461020 1.49e-13
461040 1.09e-11
461050 5.75e-10
461060 4.119e-07
461080 6.25e-06
461090 6.203e-05
461100 0.00038695
461110 0.00134923
461120 0.00040695
461130 0.00061829
461140 0.00069343
461150 0.0005223
461160 0.0006696
461170 0.00058756
461180 0.00048187
461190 0.00021207
461200 4.825e-05
461210 6.203e-06
461230 1.13e-08
461240 0.0
461250 0.0
461270 0.0
461280 0.0
461290 0.0
461300 1.49e-13
471030 0.0
471050 0.0
471060 8.08e-13
471070 5.159e-11
471080 2.4e-09
471090 7.52e-08
471100 1.494e-06
471110 1.748e-05
471120 2.172e-07
471140 9.27e-07
471150 2.42e-06
471160 8.32e-06
471170 0.00014736
471180 0.00037136
471190 0.00053218
471200 0.00040814
471210 0.0001762
471220 4.39e-05
471230 5.15e-06
471240 5.12e-11
471250 3.36e-12
471260 2.88e-13
471270 1.66e-14
471280 0.0
471290 1.04173e-16
471300 3.72e-09
471310 9.990109e-11
481050 0.0
481060 0.0
481070 0.0
481080 6.13e-14
481090 6.2e-12
481100 4.05e-10
481110 1.67e-08
481120 0.0
481130 2.15e-14
481140 6.3e-13
481150 6.76e-12
481160 7.43e-11
481170 3.405e-06
481180 0.00017195
481200 0.00035938
481210 0.00050613
481220 0.00060834
481240 7.53e-06
481250 1.86e-06
481260 6.06e-07
481270 1.34e-07
481280 2.24e-08
481290 2.55e-09
481300 6.21e-06
481310 7.00905e-07
481320 3.35954e-08
481330 5.07844e-10
481340 6.24e-12
481360 0.0
491070 0.0
491090 0.0
491110 1.08e-12
491120 0.0
491130 0.0
491140 0.0
491150 0.0
491160 0.0
491170 5.99e-09
491180 1.885e-07
491190 3.555e-06
491200 3.24201e-05
491210 0.00015575
491220 0.000430221
491230 0.00059439
491240 0.00076091
491250 0.00058422
491260 0.00062688
491270 0.00047808
491280 0.00045418
491300 0.000750669
491310 0.00025189
491320 4.111949e-05
491340 8.58e-08
491350 7.08528e-10
491360 1.73e-11
501110 0.0
501120 0.0
501130 0.0
501140 0.0
501150 0.0
501170 7.2e-13
501180 8.75e-11
501190 2.5277e-07
501210 4.5e-06
501220 4.473e-05
501230 0.00020946
501240 0.0004276
501250 0.00070824
501260 0.00165266
501270 0.00287955
501280 0.0047741
501290 0.00705271
501300 0.00766502
501310 0.00707918
501320 0.00326242
501330 0.0006917
501340 8.498929e-05
501360 1.91e-07
501370 4.46e-09
501380 7.217679e-11
511130 0.0
511150 0.0
511170 0.0
511180 0.0
511190 8.84e-13
511200 1.338e-10
511210 4.05e-07
511230 7.01e-06
511240 7.58001e-07
511250 3.217e-05
511270 0.0001354
511280 0.00059948
511290 0.00227013
511300 0.00806228
511310 0.0190071
511320 0.0239838
511330 0.0152197
511340 0.00550242
511350 0.00117079
511360 0.00014359
511370 1.087e-05
511380 5.18e-07
511390 1.80963e-08
511400 2.69268e-10
511410 2.97928e-11
521150 0.0
521170 0.0
521180 0.0
521190 0.0
521200 0.0
521210 1.54e-12
521220 2.53e-10
521230 1.834e-08
521240 7.05e-13
521250 1.531e-11
521260 3.7e-10
521270 6.55e-09
521280 1.12e-07
521290 1.715e-06
521300 0.00087868
521310 0.02394788
521330 0.03264914
521340 0.0335271
521350 0.0293015
521370 0.00188243
521380 0.00026897
521390 2.722e-05
521400 1.97973e-06
521410 2.19045e-07
521420 2.92e-09
521430 8.4088e-11
521440 7.10665e-12
531210 0.0
531220 3.31e-12
531250 0.0
531260 0.0
531270 0.0
531280 0.0
531290 6.2e-13
531300 8.18e-06
531310 0.0001465
531320 0.00144584
531330 0.00747396
531340 0.0216643
531350 0.0380389
531360 0.0410593
531370 0.0375021
531390 0.00296779
531400 0.00059219
531410 8.19009e-05
531430 4.13862e-07
531440 3.49773e-08
531450 1.26474e-10
531460 4.24301e-12
541240 0.0
541250 0.0
541260 0.0
541270 0.0
541280 0.0
541300 5.52e-09
541310 3.014e-07
541320 0.00016558
541340 0.00139941
541350 0.00725069
541360 0.0221725
541370 0.0383643
541380 0.0392981
541390 0.0275622
541400 0.014017
541410 0.00478356
541420 0.00129705
541430 0.000210556
541440 1.7795e-05
541450 9.29874e-07
541460 3.11958e-08
541470 1.84758e-10
541500 0.0
551270 0.0
551290 0.0
551310 4.27e-11
551320 4.35e-09
551330 2.47e-07
551340 0.00013138
551360 0.00118083
551370 0.005819
551380 0.04206674
551400 0.0321642
551410 0.0272432
551420 0.018928
551430 0.00838124
551440 0.00199454
551450 0.00030885
551460 3.142e-05
551470 8.58641e-07
551480 9.18e-08
551490 6.29651e-10
551500 4.73e-11
551510 3.52798e-12
561290 0.0
561310 0.0
561320 1.34e-13
561330 2.67e-11
561340 2.76e-09
561350 1.59e-07
561360 5.06e-06
561370 7.732e-05
561380 0.00058807
561390 0.00263217
561400 0.00788526
561410 0.0164373
561420 0.0277553
561430 0.0308704
561440 0.02702716
561460 0.00233798
561470 0.000436841
561480 6.048937e-05
561500 2.52e-07
561510 2.59387e-08
561520 1.92e-10
561530 5.03781e-12
561540 2.84e-14
571330 0.0
571350 1.38e-11
571370 7.58e-08
571380 1.75e-06
571390 2.209e-05
571400 0.00017762
571410 0.00098781
571420 0.00429867
571430 0.0121807
571440 0.01867
571450 0.0202381
571460 0.01529974
571470 0.00755943
571480 0.00257726
571490 0.0006046
571500 0.00010168406
571520 6.13e-07
571530 2.4795e-08
571540 7.6091395e-10
571560 3.78063e-13
581350 0.0
581370 3.6702e-10
581390 1.34e-08
581400 3.04e-07
581410 6.339e-05
581430 0.00046127
581440 0.00189604
581450 0.00543478
581460 0.0105506
581470 0.0129666
581480 0.0108875
581490 0.00662868
581500 0.00267464
581510 0.00071141
581520 0.00013762
581530 1.59e-05
581540 1.33e-06
581550 7.28901e-08
581560 2.77962e-09
581570 7.6e-11
581580 1.21e-12
581590 5.0175e-14
581600 0.0
591390 5.44e-13
591400 3.56e-11
591410 1.67e-09
591420 5.9e-08
591430 1.37e-06
591440 1.633e-05
591450 0.00013525
591460 0.00073232
591470 0.00727285
591490 0.00745153
591500 0.00734415
591510 0.00748621
591530 0.000771
591540 0.00016858
591550 2.55e-05
591560 2.66e-06
591570 1.95e-07
591580 8.67e-09
591590 2.4695e-10
591600 4.77e-12
591610 8.35002e-14
601400 0.0
601410 3.81e-14
601420 4.02e-12
601430 2.84e-10
601440 1.02e-08
601450 2.57e-07
601460 4.18e-06
601470 3.836e-05
601480 0.00021547
601490 0.00087142
601500 0.00215973
601510 0.00367976
601520 0.00447388
601530 0.00340995
601540 0.00180501
601550 0.00069928
601560 0.00018812
601570 3.987e-05
601590 3.34e-07
601600 1.79e-08
601610 6.13917e-10
601620 1.07e-11
601630 1.24e-13
601640 0.0
611410 0.0
611430 0.0
611440 3.4024e-11
611460 1.69e-09
611470 4.65e-08
611480 9.499e-06
611500 5.936e-05
611510 0.00027442
611520 0.000852381
611530 0.00160925
611540 0.0019845
611550 0.00183554
611560 0.00117523
611570 0.00053224
611580 0.00016153
611590 3.285e-05
611600 4.69e-06
611610 4.38e-07
611620 2.1e-08
611630 6.77e-10
611650 2.31e-13
611660 2.93747e-15
611670 4.4742e-17
621430 0.0
621440 0.0
621450 0.0
621460 4.56e-14
621470 3.83e-12
621480 1.82e-10
621490 6.4e-09
621500 1.815e-06
621520 1.457e-05
621530 7.409e-05
621540 0.00074253
621560 0.00077515
621570 0.00079873
621580 0.0005688
621590 0.00027792
621600 9.834e-05
621610 2.346e-05
621620 2.95e-06
621630 2.44e-07
621640 1.51e-08
621650 6.42e-10
621660 2.15971e-11
621670 3.28955e-13
621680 0.0
621690 1.2757e-16
621700 0.0
631470 0.0
631490 3.14e-13
631510 7.44e-10
631520 1.863999e-08
631530 2.72e-07
631540 2.22e-06
631550 1.349e-05
631560 5.128e-05
631570 0.0001265
631580 0.00021446
631590 0.00024472
631600 0.00031543
631620 3.476e-05
631630 7.03e-06
631640 1.257e-06
631660 1.15e-08
631670 4.82e-10
631680 2.32e-11
631690 6.27872e-13
631700 1.36e-14
631710 7.79245e-17
631720 2.05351e-18
641470 0.0
641490 0.0
641510 1.6417e-12
641530 6.98e-11
641540 1.58e-09
641550 2.71e-08
641560 2.78e-07
641570 1.77e-06
641580 7.73e-06
641590 2.208e-05
641600 4.41e-05
641610 5.87e-05
641620 4.177e-05
641630 1.931e-05
641640 7.37e-06
641650 2.03e-06
641660 5.202e-07
641680 6.58e-09
641690 4.73e-10
641700 2.8872922e-11
641720 1.50979e-14
651510 0.0
651530 0.0
651550 3.73e-12
651560 1.0681e-10
651570 2.369e-08
651590 1.67e-07
651600 8.77e-07
651610 2.98e-06
651620 5.24e-06
651630 5.68e-06
651640 5.08e-06
651650 3.26e-06
651660 1.77e-06
651670 4.65e-07
651680 1.48e-07
651690 2.66e-08
651700 4.19e-09
651710 2.28e-10
651720 1.64e-11
661550 0.0
661560 0.0
661570 1.28e-13
661580 4.28e-12
661590 9.11e-11
661600 1.31e-09
661610 1.21e-08
661620 5.68e-08
661630 1.56e-07
661640 3.53e-07
661650 5.535e-07
661660 7.13e-07
661670 4.37e-07
661680 3.25e-07
661690 1.35e-07
661700 5.18e-08
661710 7.09e-09
661720 1.32e-09
671590 0.0
671610 3.466e-12
671620 4.51e-11
671630 3.296e-10
671640 2.014e-09
671650 8.35e-09
671660 2.767e-08
671670 4.24e-08
671680 7.62e-08
671690 7.3e-08
671700 6.5e-08
671710 2.08e-08
671720 9.26e-09
681610 0.0
681620 0.0
681630 4.8e-14
681640 8.17e-13
681650 9.35e-12
681660 8.45e-11
681670 3.466e-10
681680 1.63e-09
681690 3.89e-09
681700 8.55e-09
681710 6.55e-09
681720 6.83e-09
691650 0.0
691660 1.8e-14
691670 2.05e-13
691680 2.65e-12
691690 1.67e-11
691700 9.75e-11
691710 1.94e-10
691720 5.09e-10
701660 0.0
701670 0.0
701680 0.0
701690 0.0
701700 8.15e-14
701710 4.44e-13
701720 3.14e-12
711690 0.0
711710 0.0
711720 0.0
721710 0.0
