240660 0.0
240670 0.0
240680 0.0
240700 0.0
250660 3.69001e-12
250670 6.81002e-13
250680 1.01e-13
250690 0.0
250700 0.0
250710 0.0
250720 7.23024e-19
260650 2.15e-10
260670 1.733001e-10
260690 1.45e-11
260700 4.38001e-12
260710 3.53001e-13
260720 1.78993e-14
260730 0.0
260740 0.0
260750 6.45772e-18
260760 0.0
270660 8.53002e-10
270670 1.26e-09
270680 1.61e-09
270690 1.3e-09
270700 1.19e-09
270710 2.99001e-10
270720 4.81001e-11
270730 1.522e-11
270750 1.15994e-13
270770 6.17291e-16
280660 2.82001e-10
280670 1.07e-09
280680 3.50001e-09
280690 7.54002e-09
280700 1.88e-08
280710 1.35e-08
280720 6.46001e-09
280730 5.67001e-09
280740 1.83e-09
280750 4.79001e-10
280760 5.59001e-11
280770 1.40994e-11
280780 7.33002e-13
280790 2.2769e-14
280800 0.0
280810 0.0
290660 6.55001e-12
290670 7.08002e-11
290680 4.260011e-09
290700 6.579011e-08
290720 5.41001e-08
290730 1.31e-07
290740 1.23e-07
290750 9.68002e-08
290760 3.61001e-08
290770 2.88001e-08
290780 4.81001e-09
290790 4.08978e-10
290800 2.44001e-11
290810 1.02e-12
290820 1.77e-14
300660 0.0
300670 2.74001e-13
300680 7.39002e-12
300690 1.283001e-10
300700 2.28001e-09
300710 1.122002e-08
300720 3.68001e-08
300730 2.28001e-07
300740 5.55001e-07
300750 1.17e-06
300760 1.27e-06
300770 2.97001e-06
300780 1.913001e-06
300800 7.66002e-08
300810 1.03e-08
300820 6.01001e-10
300830 4.55001e-11
300840 1.22e-12
300850 4.40907e-14
300860 0.0
310650 0.0
310670 0.0
310690 2.50001e-13
310700 1.37e-11
310710 2.02e-10
310720 1.910004e-09
310730 3.25001e-08
310740 2.08e-07
310750 1.13e-06
310760 3.19001e-06
310770 1.968e-05
310780 2.74601e-05
310790 2.096e-05
310800 1.189e-05
310810 4.94001e-06
310820 9.32002e-07
310830 2.26001e-07
310840 1.96e-08
310850 7.91958e-10
310860 2.1820976e-11
310880 1.30871e-14
320660 0.0
320670 0.0
320680 0.0
320690 0.0
320700 0.0
320710 1.916004e-13
320720 5.65001e-12
320730 5.8539111e-09
320750 7.542012e-07
320770 1.071002e-05
320780 3.81501e-05
320790 7.50402e-05
320800 0.00011348
320810 0.00013156
320820 7.43802e-05
320830 5.45501e-05
320840 1.469e-05
320850 1.94e-06
320860 1.73e-07
320870 1.18995e-08
320880 3.23988e-10
320890 5.17731e-12
320900 4.54577e-13
330690 0.0
330710 0.0
330720 0.0
330730 1.34e-13
330740 8.04002e-12
330750 3.82001e-10
330760 9.32002e-09
330770 4.34001e-07
330780 4.29001e-06
330790 2.244e-05
330800 8.73202e-05
330810 0.000258391
330820 0.0003902
330830 0.000775942
330840 0.000593452
330850 0.000239031
330860 6.72501e-05
330870 1.498e-05
330880 1.38e-06
330890 9.2995e-08
330900 7.53339e-09
330910 3.05581e-11
330920 9.89614e-13
340720 0.0
340730 0.0
340740 0.0
340750 8.37002e-14
340760 6.73001e-12
340770 9.84002e-10
340780 2.99001e-08
340790 4.655011e-07
340800 5.18001e-06
340810 4.189011e-05
340820 0.00016993
340830 0.000863742
340840 0.0016404
340850 0.001849044
340860 0.0014744
340870 0.000978592
340880 0.000287511
340890 6.37401e-05
340900 8.66249e-06
340910 6.97971e-07
340920 2.44991e-08
340930 1.89278e-10
340940 9.27002e-12
340950 8.34641e-13
340960 0.0
350750 0.0
350770 1.060003e-13
350780 1.04e-11
350790 5.13001e-10
350800 1.786001e-08
350810 4.38001e-07
350820 5.37001e-06
350830 7.66302e-05
350840 0.000403441
350850 0.00114921
350860 0.00242491
350870 0.0042915
350880 0.00357594
350890 0.00236664
350900 0.00103602
350910 0.000278791
350920 3.46601e-05
350930 3.39982e-06
350940 1.69e-07
350950 1.49918e-08
350960 8.96002e-11
350970 1.65486e-12
360770 0.0
360780 0.0
360790 2.63e-14
360800 2.96001e-12
360810 2.333001e-10
360820 9.30002e-09
360830 4.100012e-07
360840 6.49001e-06
360850 5.57501e-05
360860 0.000329571
360870 0.0015509
360880 0.00344954
360890 0.00614808
360900 0.00779233
360910 0.00628541
360920 0.00253735
360930 0.000820752
360940 0.00014287
360950 1.5905e-05
360960 9.34002e-07
360970 3.77984e-08
360980 7.39002e-10
360990 1.11434e-11
361000 6.05001e-14
370790 0.0
370810 0.0
370830 1.08e-10
370840 5.45001e-09
370850 1.51e-07
370860 2.82e-06
370870 4.07701e-05
370880 0.000273411
370890 0.00137105
370900 0.004811482
370910 0.0103032
370920 0.0123227
370930 0.0116728
370940 0.0064558
370950 0.00233188
370960 0.000460081
370970 6.42601e-05
370980 4.55001e-06
370990 2.00158e-07
371000 4.77001e-09
371010 3.89637e-11
371020 1.24813e-12
380830 0.0
380840 2.11e-13
380850 1.960004e-11
380860 1.21e-09
380870 5.73001e-08
380880 1.26e-06
380890 2.041e-05
380900 0.00022352
380910 0.00163279
380920 0.0048972
380930 0.0127445
380940 0.0203263
380950 0.0210908
380960 0.0125786
380970 0.00558882
380980 0.00135157
380990 0.00021235
381000 1.689e-05
381010 8.89963e-07
381020 3.08988e-08
381030 2.49958e-10
381040 1e-11
381050 1.15707e-12
390850 0.0
390870 3.75001e-12
390880 2.85001e-10
390890 1.532001e-08
390900 5.84002e-07
390910 1.212002e-05
390920 0.00014342
390930 0.001141932
390940 0.00536939
390950 0.0156038
390960 0.02533667
390970 0.0316714
390980 0.0232213
390990 0.0113781
391000 0.00294899
391010 0.000509371
391020 5.93001e-05
391030 4.48976e-06
391040 2.13e-07
391050 2.07833e-08
391060 4.88748e-11
391070 3.36916e-12
400870 0.0
400880 0.0
400890 5.41001e-13
400900 7.34002e-11
400910 5.11001e-09
400920 2.29001e-07
400930 6.19001e-06
400940 9.67402e-05
400950 0.000869162
400960 0.01906757
400980 0.0306776
400990 0.0417742
401000 0.0312811
401010 0.0160022
401020 0.0057871
401030 0.0013742
401040 0.00020976
401050 2.20493e-05
401060 1.20995e-06
401070 7.69543e-08
401080 5.94001e-10
401090 5.19401e-12
401100 2.12e-14
410890 0.0
410900 0.0
410910 1.03e-13
410920 1.7e-11
410930 1.630001e-09
410940 9.17002e-08
410950 2.962011e-06
410960 4.53701e-05
410970 0.0005034212
410980 0.003279062
410990 0.01281481
411000 0.0265624
411010 0.0364819
411020 0.0606199
411040 0.01091516
411050 0.00353029
411060 0.0006774342
411080 3.55001e-06
411090 9.3295e-08
411100 1.52e-09
411110 0.0
411120 0.0
411130 0.0
411150 0.0
420890 0.0
420910 0.0
420920 0.0
420930 4.03931004e-12
420950 4.61001e-10
420960 2.49001e-08
420970 9.54002e-07
420980 2.155e-05
420990 0.000273491
421000 0.00175584
421010 0.00690299
421020 0.0188435
421030 0.0329913
421040 0.0390608
421050 0.0345887
421060 0.0172435
421070 0.0055903
421080 0.00102362
421090 8.91102e-05
421100 4.91001e-06
421110 1.39e-12
421120 2.7022384e-14
421140 0.0
421150 1.48489e-17
421160 5.56001e-12
421170 2.03942e-14
430930 0.0
430950 0.0
430970 8.53002e-11
430980 7.03002e-09
430990 7.0951211e-06
431010 8.58002e-05
431020 0.000722242
431030 0.01532819
431050 0.0266406
431060 0.0355897
431070 0.0316786
431080 0.0171173
431090 0.00450793
431100 0.000785582
431110 2.72001e-06
431120 2.16e-07
431130 7.50002e-09
431140 5.32001e-10
431150 2.63725e-10
431160 3.32001e-08
431170 3.66321e-10
431180 3.7452571e-13
440950 0.0
440960 0.0
440970 0.0
440980 1.03e-13
440990 1.56e-11
441000 1.28e-09
441010 5.48001e-08
441020 1.54e-06
441030 2.44001e-05
441040 0.000242511
441050 0.00780587
441070 0.0148651
441080 0.0220871
441090 0.02343352
441110 0.0026384
441120 0.000774932
441130 0.00010322
441140 2.67601e-05
441150 2.49974e-06
441160 9.58002e-06
441170 3.88635e-07
441180 9.19965e-09
441190 6.65972e-11
441200 3.52001e-13
441210 3.82453e-15
441220 0.0
441240 0.0
450990 0.0
451010 1.604001e-12
451020 1.562004e-10
451030 8.37002e-09
451040 2.678001e-07
451050 5.840012e-06
451060 6.73202e-05
451070 0.000510141
451080 0.00229702
451090 0.00451908
451100 0.00607068
451110 0.00676303
451120 0.0046019
451130 0.00165815
451140 0.00113026
451150 0.000468791
451170 3.38201e-05
451180 4.27001e-06
451190 1.6715001e-07
451210 6.86963e-11
451220 6.87002e-13
451230 0.0
451240 0.0
460990 0.0
461010 0.0
461020 1.27e-13
461040 1.37e-11
461050 9.47002e-10
461060 1.0041021e-06
461080 1.466e-05
461090 9.25702e-05
461100 0.000370091
461110 0.0001072303
461120 0.00022152
461130 0.00020438
461140 0.000331961
461150 0.00019964
461160 0.00020661
461170 0.00019163
461180 0.00011049
461190 2.009e-05
461200 2.31001e-06
461210 1.6994002e-07
461230 1.51e-10
461240 0.0
461250 0.0
461280 0.0
461290 3.4602e-13
461300 0.0
471030 0.0
471050 0.0
471060 9.82003e-13
471070 8.64002e-11
471080 4.64002e-09
471090 9.31002e-08
471100 1.311003e-06
471110 1.311e-09
471120 4.764013e-08
471140 2.18e-07
471150 4.38e-07
471160 2.148e-05
471170 8.99202e-05
471180 0.00021168
471190 0.00015543
471200 7.04502e-05
471210 1.953e-05
471220 3.32e-06
471230 3.18001e-07
471240 2.54001e-12
471250 2.51001e-13
471260 2.59001e-14
471270 0.0
471280 0.0
471290 6.21521e-09
471300 7.22002e-11
471310 1.45786e-12
481050 0.0
481060 0.0
481070 0.0
481080 6.61001e-14
481090 4.62001e-12
481100 2.24e-10
481110 0.0
481120 0.0
481130 0.0
481140 6.78002e-14
481150 5.21001e-13
481160 1.37e-07
481170 3.090012e-06
481180 0.0001316203
481200 0.00015667
481210 0.0001471804
481220 0.0001221903
481240 1.03e-06
481250 3.58001e-07
481260 1.31e-07
481270 5.72001e-08
481280 9.13002e-09
481290 6.5938e-06
481300 6.64001e-07
481310 3.32986e-08
481320 7.42002e-10
481330 8.9072e-12
481340 4.18001e-14
481360 0.0
491070 0.0
491090 0.0
491110 0.0
491120 0.0
491130 0.0
491140 0.0
491150 0.0
491160 4.34001e-11
491170 5.85001e-09
491180 3.400012e-07
491190 4.691012e-06
491200 2.890005e-05
491210 9.07002e-05
491220 0.0001734603
491230 0.0002300001
491240 0.0002488
491250 0.00026088
491260 0.00030115
491270 0.000464362
491280 0.001154262
491300 0.0002904207
491310 5.16102e-05
491320 4.460001e-06
491340 3.73001e-09
491350 2.41663e-11
491360 3.38001e-13
501110 0.0
501120 0.0
501130 0.0
501140 0.0
501150 0.0
501170 5.23002e-13
501180 1.75e-10
501190 3.6171103e-07
501210 4.21001e-06
501220 2.81201e-05
501230 0.0001283903
501240 0.000252831
501250 0.000548301
501260 0.00135313
501270 0.00496012
501280 0.00745856
501290 0.00741098
501300 0.00711448
501310 0.00411812
501320 0.00120319
501330 0.00016682
501340 1.5481977e-05
501360 1.83e-08
501370 2.34001e-10
501380 2.73001e-12
511130 0.0
511150 0.0
511170 0.0
511180 0.0
511190 1.65e-12
511200 2.167002e-10
511210 3.051e-07
511230 5.34001e-06
511240 1.104003e-06
511250 5.190002e-05
511270 0.000433311
511280 0.001560673
511290 0.00504284
511300 0.01297198
511310 0.0216041
511320 0.01958342
511330 0.00918623
511340 0.00293272
511350 0.000378541
511360 4.48801e-05
511370 2.09e-06
511380 8.44002e-08
511390 1.91e-09
511400 1.5955e-11
511410 1.22229e-12
521150 0.0
521170 0.0
521180 0.0
521190 0.0
521200 0.0
521210 1.390004e-12
521220 1.56e-10
521230 1.249003e-08
521240 2.86001e-12
521250 6.16001e-11
521260 1.39e-09
521270 3.75001e-08
521280 6.16001e-07
521290 0.0002803402
521300 0.00194574
521310 0.03421742
521330 0.0345994
521340 0.0345746
521350 0.01957282
521370 0.000885342
521380 0.00011952
521390 9.21002e-06
521400 3.94985e-07
521410 2.79181e-08
521420 1.89e-10
521430 3.72023e-12
531210 0.0
531220 1.39e-12
531250 0.0
531260 0.0
531270 0.0
531280 1.1e-13
531290 8.32002e-07
531300 1.866001e-05
531310 0.000297101
531320 0.00229086
531330 0.01088294
531340 0.0324115
531350 0.0371737
531360 0.0427028
531370 0.02984904
531390 0.00215751
531400 0.000305591
531410 2.49221e-05
531430 6.6823e-08
531440 2.20946e-10
531450 1.23896e-11
531460 3.0779e-13
541240 0.0
541250 0.0
541260 0.0
541270 0.0
541280 1.180002e-10
541300 9.06002e-09
541310 5.24001e-07
541320 0.0002525902
541340 0.002385932
541350 0.01836723
541360 0.0269823
541370 0.0377877
541380 0.0425652
541390 0.0298692
541400 0.0126906
541410 0.00304109
541420 0.000671711
541430 7.08934e-05
541440 5.46979e-06
541450 2.82988e-07
541460 7.61971e-09
541470 1.96476e-11
541490 1.70388e-13
541500 0.0
551270 0.0
551290 0.0
551310 4.27001e-11
551320 4.51001e-09
551330 2.79001e-07
551340 0.00015647042
551360 0.00256594
551370 0.00540335
551380 0.04959611
551400 0.0371511
551410 0.0247878
551420 0.0155753
551430 0.00490636
551440 0.00120877
551450 0.00019982
551460 1.758e-05
551470 3.26506e-07
551480 3.76001e-08
551490 3.06052e-09
551500 1.26e-11
551510 4.48138e-13
561290 0.0
561310 0.0
561320 6.23001e-14
561330 1.52e-11
561340 2.21e-09
561350 1.100002e-07
561360 5.01002e-06
561370 5.38001e-05
561380 0.000499031
561390 0.00290084
561400 0.00907294
561410 0.0192363
561420 0.0270119
561430 0.0226364
561440 0.02348663
561460 0.00204056
561470 0.000346394
561480 4.768705e-05
561500 1.58e-07
561510 1.02358e-08
561520 9.11002e-11
561530 1.25814e-12
561540 0.0
571330 0.0
571350 3.86001e-12
571370 2.53001e-08
571380 7.90002e-07
571390 1.39e-05
571400 0.00015295
571410 0.000829392
571420 0.00384715
571430 0.00890103
571440 0.016482
571450 0.0207159
571460 0.0149827
571470 0.0072062
571480 0.00274166
571490 0.000601221
571500 0.00010145998
571520 5.61001e-07
571530 2.25988e-08
571540 4.6820566e-10
571560 6.58396e-14
581350 0.0
581370 5.9242101e-11
581390 3.55001e-09
581400 1.3e-07
581410 3.748011e-05
581430 0.000239171
581440 0.00133455
581450 0.00453988
581460 0.00900803
581470 0.0113127
581480 0.0114269
581490 0.00672482
581500 0.00300125
581510 0.000811062
581520 0.00016669
581530 2.16e-05
581540 1.41e-06
581550 7.3197e-08
581560 1.62994e-09
581570 3.12001e-11
581580 2.19e-13
581590 5.5169e-15
581600 0.0
591390 4.06001e-14
591400 5.20001e-12
591410 3.83001e-10
591420 1.590004e-08
591430 3.60001e-07
591440 6.845012e-06
591450 7.12002e-05
591460 0.000407131
591470 0.00542121
591490 0.00658165
591500 0.00701483
591510 0.00783091
591530 0.00109278
591540 0.0002132
591550 3.50001e-05
591560 2.61001e-06
591570 1.7e-07
591580 4.11001e-09
591590 9.90947e-11
591600 7.27002e-13
591610 6.96094e-15
601400 0.0
601410 0.0
601420 3.30001e-13
601430 2.61001e-11
601440 1.64e-09
601450 5.31001e-08
601460 1.04e-06
601470 1.171e-05
601480 9.76302e-05
601490 0.000418441
601500 0.00136183
601510 0.0025143
601520 0.00378761
601530 0.00378266
601540 0.00198167
601550 0.000931292
601560 0.0002144
601570 4.836011e-05
601590 2.92001e-07
601600 7.58002e-09
601610 1.58993e-10
601620 1.46e-12
601630 0.0
601640 0.0
611410 0.0
611430 0.0
611440 1.9477e-12
611460 1.27e-10
611470 4.66001e-09
611480 1.9890003e-06
611500 1.742e-05
611510 9.36002e-05
611520 0.000404421
611530 0.00110436
611540 0.001487764
611550 0.00181123
611560 0.00115401
611570 0.000690372
611580 0.00016676
611590 4.27801e-05
611600 3.73001e-06
611610 2.70001e-07
611620 8.74002e-09
611630 1.05364001e-10
611650 0.0
611660 2.57704e-17
621430 0.0
621440 0.0
621450 0.0
621460 0.0
621470 8.52002e-14
621480 7.95002e-12
621490 3.49001e-10
621500 2.065e-07
621520 2.66001e-06
621530 2.244e-05
621540 0.0003824312
621560 0.000515241
621570 0.000827392
621580 0.000539741
621590 0.000387301
621600 0.00010209
621610 2.34401e-05
621620 2.52001e-06
621630 1.01e-07
621640 1.14e-09
621650 2.37001e-11
621660 6.37976e-13
621670 0.0
621680 0.0
621690 8.57318e-19
621700 0.0
631470 0.0
631490 0.0
631510 1.92e-11
631520 8.68002e-10
631530 2.23e-08
631540 2.87e-07
631550 3.10001e-06
631560 2.51201e-05
631570 7.94902e-05
631580 0.00014592
631590 0.000283691
631600 0.00033839
631620 4.21301e-05
631630 5.09001e-06
631640 1.883e-07
631660 9.90002e-10
631670 3.87001e-11
631680 9.83002e-13
631690 1.53992e-14
631700 0.0
641470 0.0
641490 0.0
641510 1.28e-14
641530 1.11e-12
641540 4.62001e-11
641550 1.55e-09
641560 4.54001e-08
641570 4.29001e-07
641580 2.70001e-06
641590 1.595e-05
641600 3.41901e-05
641610 6.23301e-05
641620 5.43701e-05
641630 1.779e-05
641640 1.69e-06
641650 3.02001e-07
641660 8.835022e-08
641680 7.38002e-10
641690 3.66001e-11
641700 7.82002e-13
641720 0.0
651510 0.0
651530 0.0
651550 3.76001e-14
651560 3.811011e-12
651570 2.768011e-09
651590 4.79001e-08
651600 3.68001e-07
651610 2.14e-06
651620 5.66002e-06
651630 5.19001e-06
651640 1.3e-06
651650 5.92001e-07
651660 4.14001e-07
651670 1.33e-07
651680 2.98001e-08
651690 4.37001e-09
651700 2.86001e-10
651710 7.89002e-12
651720 2.47001e-13
661550 0.0
661560 0.0
661570 0.0
661580 1.19e-13
661590 7.47002e-12
661600 2.02e-10
661610 3.12001e-09
661620 3.61001e-08
661630 1.05e-07
661640 7.72002e-08
661650 9.60002e-08
661660 1.81e-07
661670 1.48e-07
661680 8.50002e-08
661690 3.30001e-08
661700 5.94001e-09
661710 4.87001e-10
661720 4.58001e-11
671590 0.0
671610 2.792011e-13
671620 1.142003e-11
671630 1.120002e-10
671640 2.656002e-10
671650 1e-09
671660 5.70001e-09
671670 1.31e-08
671680 2.03e-08
671690 2.03e-08
671700 9.34002e-09
671710 2.03e-09
671720 5.12001e-10
681610 0.0
681620 0.0
681630 0.0
681640 4.40001e-14
681650 5.34001e-13
681660 9.87002e-12
681670 7.035012e-11
681680 3.26001e-10
681690 9.44002e-10
681700 1.2e-09
681710 7.06002e-10
681720 4.57001e-10
691650 0.0
691660 0.0
691670 1.85e-14
691680 2.73001e-13
691690 2.48001e-12
691700 9.65002e-12
691710 1.73e-11
691720 3.19001e-11
701660 0.0
701670 0.0
701680 0.0
701690 0.0
701700 0.0
701710 2.29001e-14
701720 1.31e-13
711690 0.0
711710 0.0
711720 0.0
721710 0.0
