230660 1.60612e-16
230670 1.56056e-17
240660 1.40984e-12
240670 1.36984e-13
240680 4.15769e-16
240700 0.0
250660 4.61e-10
250670 1.27e-10
250680 2.56e-11
250690 3.64958e-12
250700 3.31e-13
250710 1.97e-14
250720 1.17327e-15
250730 9.86455e-17
260650 1.16e-08
260670 1.308e-08
260690 1.84e-09
260700 4.78e-10
260710 8.23e-11
260720 1.02988e-11
260730 8.65901e-13
260740 4.39e-14
260750 2.68826e-15
260760 0.0
270660 2.38e-08
270670 4.27e-08
270680 5.67e-08
270690 5.93e-08
270700 4.16e-08
270710 1.99e-08
270720 7.01e-09
270730 1.905e-09
270750 2.51273e-11
270770 6.84595e-14
270780 5.46765e-15
280660 5.23e-09
280670 2.29e-08
280680 7.11e-08
280690 1.79e-07
280700 3.1e-07
280710 3.77e-07
280720 3.52e-07
280730 2.21e-07
280740 9.12e-08
280750 2.51e-08
280760 4.71e-09
280770 6.00932e-10
280780 4.79945e-11
280790 1.13226e-12
280800 8.12e-14
280810 0.0
290660 8.74e-11
290670 1.02e-09
290680 5.731e-08
290700 8.1e-07
290720 1.36e-06
290730 2.08e-06
290740 2.22e-06
290750 1.63e-06
290760 8.44e-07
290770 2.95e-07
290780 6.75e-08
290790 9.93887e-09
290800 9.71e-10
290810 6.08e-11
290820 2.76e-12
290830 1.48082e-13
300660 1.06e-13
300670 3.5e-12
300680 7.4e-11
300690 1.258e-09
300700 1.38e-08
300710 1.02e-07
300720 5.66e-07
300730 2.03e-06
300740 5.19e-06
300750 9.33e-06
300760 1.218e-05
300770 1.087e-05
300780 9.46e-06
300800 7.6e-07
300810 1.37e-07
300820 1.76e-08
300830 1.29985e-09
300840 6.12e-11
300850 2.46044e-12
300860 4.57e-14
310650 0.0
310670 4.13e-14
310690 2.01e-12
310700 6.23e-11
310710 1.28e-09
310720 1.9e-08
310730 1.73e-07
310740 1.11e-06
310750 4.83e-06
310760 1.511e-05
310770 3.176e-05
310780 4.844e-05
310790 5.061e-05
310800 3.711e-05
310810 1.828e-05
310820 6.4e-06
310830 1.35e-06
310840 1.83e-07
310850 2.15975e-08
310860 1.2047183e-09
310880 1.72003e-12
320660 0.0
320670 0.0
320680 0.0
320690 0.0
320700 1.93e-14
320710 1.14e-12
320720 4.85e-11
320730 2.2302e-08
320750 2.2045e-06
320770 9.957e-06
320780 3.664e-05
320790 9.174e-05
320800 0.00016331
320810 0.00020099
320820 0.00017768
320830 0.00010049
320840 3.761e-05
320850 1.251e-05
320860 1.95e-06
320870 2.16975e-07
320880 1.50983e-08
320890 1.81116e-10
320900 1.33493e-11
320910 1.835e-12
330690 0.0
330710 0.0
330720 0.0
330730 4.93e-13
330740 2.489e-11
330750 8.2e-10
330760 1.83e-08
330770 2.46e-07
330780 2.37e-06
330790 1.502e-05
330800 6.55e-05
330810 0.00019364
330820 0.00040172
330830 0.00055625
330840 0.00052644
330850 0.00045899
330860 0.00019387
330870 6.173e-05
330880 1.254e-05
330890 1.58982e-06
330900 1.17179e-07
330910 1.61075e-08
330920 8.32678e-11
330930 7.47987e-12
340720 0.0
340730 0.0
340740 0.0
340750 1.86e-13
340760 1.2e-11
340770 4.5e-10
340780 1.23e-08
340790 2.15e-07
340800 2.51e-06
340810 1.919e-05
340820 9.713e-05
340830 0.00032662
340840 0.00074069
340850 0.00155864
340860 0.00162214
340870 0.00136345
340880 0.00075554
340890 0.00027669
340900 6.28828e-05
340910 8.64389e-06
340920 7.30917e-07
340930 6.56576e-08
340940 1.32e-09
340950 2.57748e-11
340960 3.79e-13
350750 0.0
350770 4e-14
350780 3.7e-12
350790 1.872e-10
350800 6.236e-09
350810 1.34e-07
350820 1.804e-06
350830 1.605e-05
350840 9.304e-05
350850 0.0004837
350860 0.00121926
350870 0.002501
350880 0.00345018
350890 0.0033354
350900 0.00208451
350910 0.00083871
350920 0.00021365
350930 3.52343e-05
350940 3.65e-06
350950 2.26249e-07
350960 1e-08
350970 1.60612e-10
350980 7.84836e-12
360770 0.0
360780 0.0
360790 1.06e-14
360800 1.04e-12
360810 6.463e-11
360820 2.44e-09
360830 6.168e-08
360840 9.93e-07
360850 1.397e-05
360860 9.209e-05
360870 0.00048847
360880 0.00166841
360890 0.00401555
360900 0.00640705
360910 0.00685223
360920 0.0048371
360930 0.0022417
360940 0.00068974
360950 0.000121414
360960 1.712e-05
360970 1.40984e-06
360980 6.88922e-08
360990 2.6743e-10
361000 4.33e-11
361010 5.94999e-12
370790 0.0
370810 0.0
370830 1.36e-11
370840 6.38e-10
370850 2.57e-08
370860 4.77e-07
370870 7.16e-06
370880 6.767e-05
370890 0.00044411
370900 0.0018203
370910 0.00502808
370920 0.00907614
370930 0.0107418
370940 0.00895798
370950 0.00434984
370960 0.00174825
370970 0.00042422
370980 6.392e-05
370990 2.34747e-06
371000 3.9e-07
371010 5.22285e-08
371020 2.52879e-10
371030 2.29142e-11
380830 0.0
380840 2.64e-14
380850 3.13e-12
380860 1.7e-10
380870 7.551e-09
380880 2.09e-07
380890 4.04e-06
380900 4.744e-05
380910 0.00037069
380920 0.00181563
380930 0.00544516
380940 0.0117112
380950 0.0143691
380960 0.0150195
380970 0.00985364
380980 0.00427764
380990 0.00125974
381000 0.00023147
381010 2.80278e-05
381020 2.21975e-06
381030 2.01139e-07
381040 3.89e-09
381050 7.91022e-11
381060 8.71309e-12
390850 0.0
390870 4.42e-13
390880 3.69e-11
390890 2.191e-09
390900 7.82e-08
390910 1.87e-06
390920 2.733e-05
390930 0.00023201
390940 0.00137354
390950 0.00445383
390960 0.01152693
390970 0.01894622
390980 0.0215182
390990 0.0168086
391000 0.00871574
391010 0.00302333
391020 0.00070377
391030 0.000107939
391040 1.072e-05
391050 6.94352e-07
391060 7.64827e-08
391070 1.7584e-10
391080 1.13909e-11
400870 0.0
400880 0.0
400890 7.66e-14
400900 8.5e-12
400910 6.46e-10
400920 2.97e-08
400930 7.57e-07
400940 1.355e-05
400950 0.00012308
400960 0.00477127
400980 0.0115018
400990 0.0225719
401000 0.0302996
401010 0.0273337
401020 0.0172018
401030 0.00723675
401040 0.00202623
401050 0.000372616
401060 4.10435e-05
401070 1.54351e-06
401080 9.99886e-08
401090 6.57257e-10
401100 1.59e-11
410890 0.0
410900 0.0
410910 1.21e-14
410920 1.79e-12
410930 1.416e-10
410940 8e-09
410950 2.359e-07
410960 4.75e-06
410970 5.989e-05
410980 0.00051159
410990 0.0027026
411000 0.0096258
411010 0.0219132
411020 0.0710377
411040 0.0263226
411050 0.0130094
411060 0.004916376
411080 9.293e-05
411090 5.76934e-06
411100 1.75e-07
411110 8.14452e-10
411120 2.5174e-11
411130 1.59344e-12
420890 0.0
420910 0.0
420920 0.0
420930 3.04e-13
420950 2.79e-11
420960 1.74e-09
420970 6.68e-08
420980 1.76e-06
420990 2.736e-05
421000 0.00028516
421010 0.00178294
421020 0.00743666
421030 0.0194881
421040 0.0345111
421050 0.0421449
421060 0.0343591
421070 0.0187992
421080 0.0062183
421090 0.00121589
421100 0.00012579
421110 7.14919e-06
421120 2.349621e-07
421140 0.0
421150 0.0
421160 0.0
421170 0.0
421180 0.0
430930 0.0
430950 0.0
430970 4.14e-12
430980 3.49e-10
430990 5.5563e-07
431010 1.002e-05
431020 0.00012098
431030 0.00490249
431050 0.0124828
431060 0.0257101
431070 0.0353104
431080 0.0312812
431090 0.0174481
431100 0.00567894
431110 0.00106159
431120 0.00011148
431130 7.50601e-06
431140 8.61e-13
431150 6.99024e-15
431160 0.0
431170 1.64271e-17
431180 7.83905e-19
431200 7.18768e-13
440950 0.0
440960 0.0
440970 0.0
440980 0.0
440990 6.5e-13
441000 6.75e-11
441010 3.87e-09
441020 1.43e-07
441030 2.98e-06
441040 3.98e-05
441050 0.0022842
441070 0.00705911
441080 0.0167451
441090 0.0483925
441110 0.0128796
441120 0.00420872
441130 0.00087672
441140 2.18e-06
441150 1.4e-07
441160 7.17e-09
441170 3.29e-10
441180 1.57e-11
441190 6.62e-13
441200 6.30928e-09
441210 6.52701e-12
441220 2.05e-14
441240 0.0
450990 0.0
451010 7.24e-14
451020 9.36e-12
451030 5.892e-10
451040 2.353e-08
451050 5.957e-07
451060 1.006e-05
451070 0.00010615
451080 0.00074368
451090 0.00323288
451100 0.00870792
451110 0.0136023
451120 0.0125889
451130 0.00731692
451140 0.00247276
451150 0.00083148
451170 2.673e-05
451180 4.4e-06
451190 4.021e-06
451210 5.72935e-08
451220 4.21e-10
451230 1.26e-12
451240 0.0
460990 0.0
461010 0.0
461020 0.0
461040 8.93e-13
461050 6.86e-11
461060 1.1878e-07
461080 2.56e-06
461090 3.544e-05
461100 0.00030874
461110 0.00148686
461120 0.00403847
461130 0.00635452
461140 0.0074131
461150 0.00549932
461160 0.00332218
461170 0.00178409
461180 0.00082859
461190 0.00036642
461200 0.00013386
461210 1.3658e-05
461230 9.84e-09
461240 0.0
461250 0.0
461270 0.0
461280 0.0
461290 0.0
461300 1.32e-13
471030 0.0
471050 0.0
471060 6.89e-14
471070 6.935e-12
471080 5.07e-10
471090 2.34e-08
471100 7.07e-07
471110 1.1532e-05
471120 0.00057949
471140 0.00013585
471150 0.0003268
471160 0.00054042
471170 0.00069264
471180 0.00066832
471190 0.00060924
471200 0.00041961
471210 0.00020253
471220 4.49e-05
471230 4.33e-06
471240 5.95e-11
471250 7.14e-12
471260 9.28e-13
471270 7.89e-14
471280 0.0
471290 3.35531e-16
471300 3.71e-09
471310 6.685344e-11
481050 0.0
481060 0.0
481070 0.0
481080 0.0
481090 9.96e-13
481100 1.08e-10
481110 6.233e-09
481120 1.93e-07
481130 2.907e-06
481140 2.15e-09
481150 2.373e-08
481160 1.63e-07
481170 7.7e-07
481180 8.3e-06
481200 0.00014107
481210 0.00031243
481220 0.00045473
481240 7.13e-06
481250 2.75e-06
481260 1.16e-06
481270 3.48e-07
481280 6.34e-08
481290 6.72e-09
481300 6.69e-06
481310 5.61936e-07
481320 2.48972e-08
481330 2.46044e-10
481340 6.12e-12
481360 0.0
491070 0.0
491090 0.0
491110 1.84e-13
491120 2.045e-11
491130 1.037e-09
491140 0.0
491150 0.0
491160 0.0
491170 3.922e-13
491180 4.071e-12
491190 3.753e-11
491200 3.75999e-06
491210 4.324e-05
491220 0.00019356
491230 0.00038261
491240 0.000566
491250 0.00058428
491260 0.00069213
491270 0.00065428
491280 0.00066862
491300 0.000720921
491310 0.00019339
491320 3.098975e-05
491340 8.92e-08
491350 8.24704e-10
491360 3.34e-11
491370 1.45804e-12
501110 0.0
501120 0.0
501130 2.36e-14
501140 0.0
501150 0.0
501170 0.0
501180 0.0
501190 7.49e-09
501210 5.134e-07
501220 1.198e-05
501230 0.00010913
501240 0.0002865
501250 0.00058445
501260 0.0013655
501270 0.00274087
501280 0.00471046
501290 0.00697564
501300 0.00651688
501310 0.00510082
501320 0.00238145
501330 0.00059555
501340 9.203918e-05
501360 3.65e-07
501370 1.27985e-08
501380 2.9288493e-10
511130 0.0
511150 0.0
511170 0.0
511180 0.0
511190 0.0
511200 8.42e-13
511210 5.0368e-08
511230 2.43e-06
511240 3.9e-07
511250 1.644e-05
511270 7.686e-05
511280 0.00036869
511290 0.00152897
511300 0.00522517
511310 0.0110106
511320 0.01451029
511330 0.0109744
511340 0.00497054
511350 0.00137029
511360 0.00022367
511370 2.458e-05
511380 1.67e-06
511390 7.79911e-08
511400 8.97606e-10
511410 5.46179e-11
511420 1.74281e-12
521150 0.0
521170 0.0
521180 0.0
521190 0.0
521200 0.0
521210 1.71e-14
521220 1.42e-11
521230 3.988e-09
521240 2.95e-13
521250 5.861e-12
521260 1.12e-10
521270 2.074e-09
521280 3.91e-08
521290 7.15e-07
521300 0.00042515
521310 0.01188268
521330 0.01990009
521340 0.0257592
521350 0.0308741
521370 0.00327759
521380 0.00065896
521390 8.999e-05
521400 7.8791e-06
521410 4.79431e-07
521420 1.52983e-08
521430 1.27762e-10
521440 1.63604e-11
531210 0.0
531220 3.68e-13
531250 0.0
531260 0.0
531270 0.0
531280 0.0
531290 1.41e-13
531300 2.39e-06
531310 4.468e-05
531320 0.00050758
531330 0.00325868
531340 0.01218469
531350 0.0269608
531360 0.0356316
531370 0.0477752
531390 0.00634052
531400 0.00157408
531410 0.000283441
531430 1.12148e-06
531440 1.4361e-07
531450 6.23084e-10
531460 2.82495e-11
531470 9.04522e-12
541240 0.0
541250 0.0
541260 0.0
541270 0.0
541280 0.0
541300 9.23e-10
541310 5.73e-08
541320 4.872e-05
541340 0.00055729
541350 0.00367152
541360 0.0134806
541370 0.0298919
541380 0.0411832
541390 0.0388988
541400 0.0250693
541410 0.0107884
541420 0.00313393
541430 0.000601828
541440 7.70664e-05
541450 5.46938e-06
541460 2.47972e-07
541470 7.95211e-08
541490 6.03687e-12
541500 0.0
551270 0.0
551290 0.0
551310 4.09e-12
551320 5.38e-10
551330 4.06e-08
551340 3.787e-05
551360 0.00040856
551370 0.00254088
551380 0.03082622
551400 0.0341135
551410 0.0354439
551420 0.0267949
551430 0.0136031
551440 0.00489634
551450 0.00103436
551460 0.00014382
551470 4.2608e-05
551480 7.05e-07
551490 5.29911e-08
551500 5.22e-10
551510 1.20377e-11
551520 2.77939e-13
561290 0.0
561310 0.0
561320 0.0
561330 2.3e-12
561340 3.4e-10
561350 2.52e-08
561360 9.34e-07
561370 1.781e-05
561380 0.00018537
561390 0.00117886
561400 0.00487297
561410 0.0124873
561420 0.0237833
561430 0.0296378
561440 0.0429657
561460 0.00617786
561470 0.00157792
561480 0.000298637
561500 1.95e-06
561510 1.05666e-07
561520 2.43972e-09
561530 2.82495e-11
561540 4.88e-13
571330 0.0
571350 9.62e-13
571370 7.31e-09
571380 2.32e-07
571390 4.3e-06
571400 5.064e-05
571410 0.00035041
571420 0.00183345
571430 0.00588069
571440 0.0138038
571450 0.0203692
571460 0.020779
571470 0.0145523
571480 0.00674891
571490 0.00206085
571500 0.0004792243
571520 4.79e-06
571530 2.47972e-07
571540 9.0230399e-09
571560 3.36033e-12
571570 9.31779e-14
581350 0.0
581370 1.9192e-11
581390 1.06e-09
581400 3.72e-08
581410 1.2208e-05
581430 0.00010365
581440 0.0006819
581450 0.00277202
581460 0.00749347
581470 0.01354
581480 0.0161461
581490 0.0129647
581500 0.00725796
581510 0.00270723
581520 0.00065641
581530 0.00010049
581540 1.061e-05
581550 7.28917e-07
581560 2.94966e-08
581570 8.17907e-10
581580 1.39e-11
581590 3.23503e-13
581600 0.0
591390 1.41e-14
591400 1.51e-12
591410 8.89e-11
591420 4.21e-09
591430 1.13e-07
591440 2.181e-06
591450 2.732e-05
591460 0.00021574
591470 0.00461546
591490 0.00735942
591500 0.0105762
591510 0.01634832
591530 0.00264114
591540 0.00076723
591550 0.00015363
591560 1.808e-05
591570 1.48e-06
591580 7.53e-08
591590 2.83968e-09
591600 6.05e-11
591610 9.08997e-13
591620 2.80217e-14
601400 0.0
601410 0.0
601420 9.85e-14
601430 8.02e-12
601440 4.8e-10
601450 1.9e-08
601460 4.67e-07
601470 7.23e-06
601480 6.888e-05
601490 0.00041187
601500 0.00162411
601510 0.00396103
601520 0.00632299
601530 0.00662106
601540 0.00482662
601550 0.00257384
601560 0.0008178
601570 0.0002143
601590 2.93e-06
601600 1.86e-07
601610 7.97909e-09
601620 2.45972e-10
601630 4.65e-12
601640 5.66e-14
611410 0.0
611430 0.0
611440 7.26e-13
611460 5.71e-11
611470 2.81e-09
611480 1.6238e-06
611500 1.827e-05
611510 0.00012636
611520 0.000550701
611530 0.00151317
611540 0.00273974
611550 0.00364818
611560 0.00288318
611570 0.00167912
611580 0.00064826
611590 0.00018605
611600 3.326e-05
611610 4.03e-06
611620 3.47e-07
611630 1.9677e-08
611650 1.53e-11
611660 1.69725e-13
611670 5.2854e-15
621430 0.0
621440 0.0
621450 0.0
621460 0.0
621470 6.95e-14
621480 6.67e-12
621490 3.91e-10
621500 3.196e-07
621520 3.94e-06
621530 3.119e-05
621540 0.00070275
621560 0.00108945
621570 0.00156231
621580 0.001481
621590 0.00103841
621600 0.00047986
621610 0.00015212
621620 3.449e-05
621630 5.24e-06
621640 5.3e-07
621650 3.46e-08
621660 1.48983e-09
621670 4.63947e-11
621680 8.22e-13
621690 9.63673e-15
621700 0.0
631470 0.0
631490 0.0
631510 4.18e-11
631520 1.664001e-09
631530 4.01e-08
631540 5.74e-07
631550 6.02e-06
631560 3.302e-05
631570 0.00012637
631580 0.00030785
631590 0.00052516
631600 0.00105024
631620 0.00024883
631630 9.668e-05
631640 3.049e-05
631660 5.56e-07
631670 4.8e-08
631680 2.46e-09
631690 8.45904e-11
631700 2.04e-12
631710 1.77699e-14
631720 5.08036e-16
641470 0.0
641490 0.0
641510 4.49e-14
641530 3.38e-12
641540 1.46e-10
641550 4.53e-09
641560 7.55e-08
641570 8.34e-07
641580 5.72e-06
641590 2.591e-05
641600 7.716e-05
641610 0.00014596
641620 0.00018825
641630 0.00017526
641640 0.00011389
641650 5.07e-05
641660 1.94e-05
641680 5.05e-07
641690 4.89e-08
641700 3.535982e-09
641720 4.45949e-12
651510 0.0
651530 0.0
651550 1.94e-13
651560 9.776e-12
651570 6.899e-09
651590 8.47e-08
651600 7.21e-07
651610 3.69e-06
651620 1.218e-05
651630 2.87e-05
651640 4.568e-05
651650 4.885e-05
651660 3.663e-05
651670 1.977e-05
651680 7.06e-06
651690 1.79e-06
651700 3.36e-07
651710 4.21e-08
651720 3.41e-09
661550 0.0
661560 0.0
661570 0.0
661580 4.95e-13
661590 1.87e-11
661600 4.74e-10
661610 6.97e-09
661620 6.31e-08
661630 4.1e-07
661640 1.75e-06
661650 4.839e-06
661660 9.07e-06
661670 1.161e-05
661680 9.94e-06
661690 6.09e-06
661700 2.82e-06
661710 8.84e-07
661720 1.9e-07
671590 0.0
671610 7.398e-13
671620 1.902e-11
671630 3.57e-10
671640 4.353e-09
671650 3.37e-08
671660 1.721e-07
671670 5.7e-07
671680 1.25e-06
671690 1.89e-06
671700 2.12e-06
671710 1.55e-06
671720 8.08e-07
681610 0.0
681620 0.0
681630 2.02e-14
681640 7.23e-13
681650 1.63e-11
681660 2.4e-10
681670 2.193e-09
681680 1.33e-08
681690 5.46e-08
681700 1.6e-07
681710 2.88e-07
681720 3.68e-07
691650 0.0
691660 1.87e-14
691670 4.85e-13
691680 8.56e-12
691690 1e-10
691700 8.27e-10
691710 4e-09
691720 1.37e-08
701660 0.0
701670 0.0
701680 0.0
701690 1.14e-14
701700 2.94e-13
701710 4e-12
701720 3.89e-11
711690 0.0
711710 0.0
711720 0.0
721710 0.0
