230660 5.21352e-17
230670 4.18521e-18
240660 4.54948e-13
240670 3.36958e-14
240680 1.37704e-16
240700 0.0
250660 2.44e-10
250670 5.28e-11
250680 8.02e-12
250690 8.71862e-13
250700 6.41e-14
250710 0.0
250720 2.74999e-16
260650 1.21e-08
260670 9.55e-09
260690 8.35e-10
260700 1.8e-10
260710 2.48e-11
260720 2.39973e-12
260730 1.43e-13
260740 0.0
260760 0.0
270660 4.14e-08
270670 5.84e-08
270680 6.11e-08
270690 4.83e-08
270700 2.69e-08
270710 1.06e-08
270720 2.75e-09
270730 5.382e-10
270750 4.211e-12
270770 1.39093e-14
280660 1.87e-08
280670 5.98e-08
280680 1.54e-07
280690 2.81e-07
280700 4.02e-07
280710 3.9e-07
280720 2.79e-07
280730 1.28e-07
280740 4.19e-08
280750 8.41e-09
280760 1.34e-09
280770 1.11986e-10
280780 7.02e-12
280790 3.20572e-13
280800 0.0
280810 0.0
290660 6.11e-10
290670 5.17e-09
290680 1.7342e-07
290700 1.573e-06
290720 1.85e-06
290730 2.2e-06
290740 1.8e-06
290750 1.03e-06
290760 4.21e-07
290770 1.05e-07
290780 1.78e-08
290790 2.02968e-09
290800 1.48e-10
290810 7.48e-12
290820 2.29e-13
300660 1.9e-12
300670 4.22e-11
300680 7.13e-10
300690 8.05e-09
300700 6.83e-08
300710 3.815e-07
300720 1.57e-06
300730 4.25e-06
300740 8.65e-06
300750 1.195e-05
300760 1.257e-05
300770 8.1e-06
300780 5.01e-06
300800 2.47e-07
300810 3.4e-08
300820 3.1e-09
300830 1.85e-10
300840 6.12e-12
300850 3.94793e-13
300860 0.0
310650 0.0
310670 9.33e-13
310690 2.97e-11
310700 6.57e-10
310710 1.01e-08
310720 1.02e-07
310730 7.14e-07
310740 3.36e-06
310750 1.168e-05
310760 2.727e-05
310770 4.51e-05
310780 5.121e-05
310790 4.138e-05
310800 2.242e-05
310810 8.74e-06
310820 2.12e-06
310830 3.71e-07
310840 3.44e-08
310850 2.49961e-09
310860 1.0214007e-10
320660 0.0
320670 0.0
320680 0.0
320690 0.0
320700 5.58e-13
320710 2.3e-11
320720 6.69e-10
320730 1.6605e-07
320750 9.094e-06
320770 3.008e-05
320780 8.384e-05
320790 0.00015472
320800 0.00021259
320810 0.00020036
320820 0.00013178
320830 5.928e-05
320840 1.613e-05
320850 3.23e-06
320860 3.85e-07
320870 2.76966e-08
320880 1.3e-09
320890 3.03201e-11
320900 3.85554e-12
330690 0.0
330710 0.0
330720 2.32e-13
330730 1.23e-11
330740 4.19e-10
330750 1.06e-08
330760 1.53e-07
330770 1.64e-06
330780 1.096e-05
330790 5.093e-05
330800 0.00015925
330810 0.00036868
330820 0.00055802
330830 0.00064407
330840 0.00044001
330850 0.00024767
330860 7.893e-05
330870 1.726e-05
330880 2.3e-06
330890 1.9197e-07
330900 2.25224e-08
330910 1.42819e-10
330920 7.57393e-12
340720 0.0
340730 0.0
340740 9.56e-14
340750 6.76e-12
340760 2.78e-10
340770 8.1e-09
340780 1.53e-07
340790 1.793e-06
340800 1.491e-05
340810 8.178e-05
340820 0.00030881
340830 0.00080821
340840 0.00136285
340850 0.00186574
340860 0.00158345
340870 0.00090685
340880 0.00035371
340890 8.408e-05
340900 1.28575e-05
340910 1.14986e-06
340920 6.60924e-08
340930 7.69056e-10
340940 5.79e-11
340950 6.40202e-12
340960 0.0
350750 0.0
350770 2.286e-12
350780 1.17e-10
350790 3.988e-09
350800 8.73e-08
350810 1.34e-06
350820 1.263e-05
350830 8.67e-05
350840 0.00035808
350850 0.00121377
350860 0.00238946
350870 0.00355716
350880 0.00343193
350890 0.00232852
350900 0.00097503
350910 0.0002669
350920 4.403e-05
350930 4.86923e-06
350940 3.54e-07
350950 4.05339e-08
350960 4.02e-10
350970 1.19595e-11
360770 0.0
360780 0.0
360790 6.82e-13
360800 4.42e-11
360810 1.828e-09
360820 4.99e-08
360830 8.95e-07
360840 1.047e-05
360850 8.991e-05
360860 0.00046871
360870 0.00167911
360880 0.00414486
360890 0.00686061
360900 0.00781331
360910 0.00553948
360920 0.00266632
360930 0.00082065
360940 0.00017964
360950 2.13495e-05
360960 1.9e-06
360970 9.6288e-08
360980 3.12e-09
360990 7.85122e-11
361000 9.96e-13
370790 0.0
370810 1.37e-13
370830 5.43e-10
370840 1.76e-08
370850 4.44e-07
370860 6.15e-06
370870 6.348e-05
370880 0.00040207
370890 0.00180816
370900 0.00500675
370910 0.00931737
370920 0.0110276
370930 0.00935469
370940 0.00528472
370950 0.00186942
370960 0.00046938
370970 7.438e-05
370980 7.07e-06
370990 4.97095e-07
371000 2.06e-08
371010 3.68845e-10
371020 1.93645e-11
380830 2.46e-14
380840 2.44e-12
380850 1.73e-10
380860 7.24e-09
380870 2.11e-07
380880 3.99e-06
380890 4.958e-05
380900 0.00039541
380910 0.00188244
380920 0.00595876
380930 0.0122013
380940 0.017876
380950 0.0158354
380960 0.0111995
380970 0.0047947
380980 0.00137878
380990 0.000261823
381000 3.44e-05
381010 2.96963e-06
381020 1.68981e-07
381030 2.0245e-09
381040 1.23e-10
381050 1.27831e-11
390850 0.0
390870 3.93e-11
390880 2.15e-09
390890 8.43e-08
390900 1.93e-06
390910 2.777e-05
390920 0.0002381
390930 0.00138153
390940 0.00493549
390950 0.0115656
390960 0.01980932
390970 0.022669
390980 0.01664426
390990 0.00888525
391000 0.00312324
391010 0.00078512
391020 0.00012223
391030 1.2818e-05
391040 7.72e-07
391050 8.09352e-08
391060 3.09374e-10
391070 2.26722e-11
400870 0.0
400880 9.29e-14
400890 1.09e-11
400900 8.04e-10
400910 3.41e-08
400920 9.15e-07
400930 1.502e-05
400940 0.00015573
400950 0.00096609
400960 0.01747447
400980 0.0248682
400990 0.0317195
401000 0.0296167
401010 0.018459
401020 0.00799426
401030 0.00221892
401040 0.00040274
401050 4.26291e-05
401060 2.69969e-06
401070 1.82538e-07
401080 1.38e-09
401090 1.84763e-11
401100 5.57e-14
410890 0.0
410900 1.66e-14
410910 2.29e-12
410920 1.83e-10
410930 9.63e-09
410940 2.83e-07
410950 5.63e-06
410960 7.181e-05
410970 0.00059154
410980 0.00295894
410990 0.00997462
411000 0.0221854
411010 0.0347461
411020 0.0613923
411040 0.0121508
411050 0.00383134
411060 0.0007789674
411080 3.9e-06
411090 1.16982e-07
411100 1.9e-09
411110 2.27268e-11
411120 4.6979e-13
420890 0.0
420910 0.0
420920 0.0
420930 4.316e-11
420950 2.52e-09
420960 1.02e-07
420970 2.43e-06
420980 3.715e-05
420990 0.0003343
421000 0.00207653
421010 0.00788924
421020 0.0205414
421030 0.0348063
421040 0.0421302
421050 0.0332772
421060 0.0176451
421070 0.00541453
421080 0.00093875
421090 9.045e-05
421100 5.19e-06
421110 1.82977e-07
421120 4.09953e-09
421140 0.0
421150 0.0
421160 0.0
430930 0.0
430950 6.05e-14
430970 5.66e-10
430980 2.55e-08
430990 1.2865e-05
431010 0.00013227
431020 0.0008827
431030 0.01589402
431050 0.0248038
431060 0.0326422
431070 0.0281124
431080 0.0137771
431090 0.00426163
431100 0.00075538
431110 8.716e-05
431120 5.84e-06
431130 3.73e-13
431140 0.0
431150 1.94379e-16
431160 0.0
431170 0.0
431180 9.2806198e-12
440950 0.0
440960 0.0
440970 0.0
440980 1.42e-12
440990 1.14e-10
441000 6.15e-09
441010 1.86e-07
441020 3.67e-06
441030 4.474e-05
441040 0.00038443
441050 0.01002162
441070 0.0175193
441080 0.0246872
441090 0.0316018
441110 0.00355366
441120 0.00072912
441130 1.29e-06
441140 7.68e-08
441150 4.39e-09
441160 1.68e-10
441170 6.04e-12
441180 8.06908e-08
441190 2.71966e-10
441200 5.21e-13
441220 0.0
441240 0.0
450990 0.0
451010 1.432e-11
451020 8e-10
451030 2.943e-08
451040 7.19e-07
451050 1.229e-05
451060 0.00013048
451070 0.00088647
451080 0.00354578
451090 0.00869856
451100 0.01241744
451110 0.0110638
451120 0.00584107
451130 0.00179142
451140 0.00044724
451150 0.00011997
451170 2.49e-06
451180 1.655e-05
451190 3.8708e-07
451210 2.74e-11
451220 1.15e-13
451230 0.0
451240 0.0
460990 0.0
461010 0.0
461020 1.4638e-12
461040 1.11e-10
461050 5.66e-09
461060 4.246e-06
461080 5.475e-05
461090 0.00040342
461100 0.00178993
461110 0.00417715
461120 0.00595342
461130 0.00656777
461140 0.00464765
461150 0.00280336
461160 0.00146773
461170 0.00070129
461180 0.00033255
461190 4.358e-05
461200 2.64e-06
461210 8.649e-08
461230 0.0
461240 0.0
461250 0.0
461280 0.0
461290 2.18189e-12
461300 0.0
471030 0.0
471050 1.391e-13
471060 1.498e-11
471070 1.052e-09
471080 4.67e-08
471090 1.2e-06
471100 1.677e-05
471110 0.00012232
471120 0.00061357
471140 0.0003076
471150 0.000494
471160 0.00061566
471170 0.00069314
471180 0.00050156
471190 0.00034642
471200 9.753e-05
471210 1.504e-05
471220 1.25e-06
471230 7.95e-12
471240 1.15e-12
471250 1.67e-13
471260 1.75e-14
471270 0.0
471280 0.0
471290 1.38145e-08
471300 1.71e-10
471310 5.45196e-12
481050 0.0
481060 0.0
481070 2.01e-14
481080 3.25e-12
481090 2.79e-10
481100 1.39e-08
481110 3.105e-07
481120 3.8e-06
481130 3.039e-09
481140 3.13e-08
481150 1.844e-07
481160 9.44e-07
481170 3.545e-06
481180 0.00042254
481200 0.0004068
481210 0.00024456
481220 8.667e-05
481240 1.09e-06
481250 4.21e-07
481260 1.39e-07
481270 2.68e-08
481280 4.13e-09
481290 7.27618e-06
481300 8.31e-07
481310 4.38946e-08
481320 1.23e-09
481330 2.54247e-11
481340 1.32e-13
481360 0.0
491070 0.0
491090 0.0
491110 4.4e-11
491120 1.642e-09
491130 0.0
491140 0.0
491150 2.13e-14
491160 5.79999e-13
491170 9.3e-12
491180 1.289e-06
491190 2.546e-05
491200 0.0001377801
491210 0.0003277
491220 0.00038184
491230 0.00044563
491240 0.00043464
491250 0.00043916
491260 0.00038545
491270 0.00027472
491280 0.00080205
491300 0.00021066
491310 3.678e-05
491320 3.460975e-06
491340 4.28e-09
491350 7.33965e-11
491360 7.14e-13
501110 0.0
501120 5.68e-14
501130 0.0
501140 0.0
501150 0.0
501170 0.0
501180 1.52e-09
501190 5.637e-06
501210 5.232e-05
501220 0.00022622
501230 0.00041263
501240 0.00075343
501250 0.00133207
501260 0.00239699
501270 0.00399508
501280 0.00594316
501290 0.00567849
501300 0.00515528
501310 0.002561
501320 0.00075415
501330 0.00011747
501340 1.1650927e-05
501360 2.04e-08
501370 4.55e-10
501380 6.37e-12
511130 0.0
511150 0.0
511170 0.0
511180 9.01e-14
511190 7.96e-11
511200 1.261e-08
511210 1.0556e-05
511230 1.28e-06
511240 5.36001e-06
511250 0.00011298
511270 0.00040089
511280 0.00135122
511290 0.00423308
511300 0.00932282
511310 0.0129888
511320 0.01053893
511330 0.00525867
511340 0.00152534
511350 0.00027342
511360 2.911e-05
511370 2.08e-06
511380 8.68e-08
511390 2.82e-09
511400 6.09581e-11
511410 8.63334e-12
521150 0.0
521170 0.0
521180 0.0
521190 0.0
521200 2.44e-12
521210 5.58e-10
521220 4.26e-08
521230 2.663e-12
521240 3.2e-11
521250 3.546e-10
521260 4.31e-09
521270 6.63e-08
521280 8.15e-07
521290 0.00036265
521300 0.0022034
521310 0.02596308
521330 0.0242169
521340 0.0212325
521350 0.01450013
521370 0.00073557
521380 9.644e-05
521390 8.72e-06
521400 5.31939e-07
521410 6.95084e-08
521420 4.37e-10
521430 2.35758e-11
531210 2.84e-14
531220 0.0
531250 0.0
531260 0.0
531270 0.0
531280 1.8e-13
531290 2.1e-06
531300 3.549e-05
531310 0.00039067
531320 0.00247302
531330 0.0097909
531340 0.02283252
531350 0.0330595
531360 0.0291006
531370 0.02261884
531390 0.00154688
531400 0.00025635
531410 3.06105e-05
531430 1.49269e-07
531440 7.1156e-10
531450 3.88716e-11
531460 1.08625e-12
541240 0.0
541250 0.0
541260 0.0
541270 0.0
541280 9.65e-10
541300 5.19e-08
541310 1.734e-06
541320 0.0004683
541340 0.00313833
541350 0.01220192
541360 0.0296704
541370 0.0412079
541380 0.0394265
541390 0.0251401
541400 0.0114413
541410 0.00337177
541420 0.00063405
541430 7.86208e-05
541440 6.20929e-06
541450 3.12961e-07
541460 9.47891e-09
541470 9.16649e-11
541500 0.0
551270 0.0
551290 2.38e-14
551310 4.39e-10
551320 2.93e-08
551330 1.22e-06
551340 0.00037638
551360 0.00234814
551370 0.00894933
551380 0.0547652
551400 0.0358412
551410 0.0274525
551420 0.0131445
551430 0.00467295
551440 0.00100312
551450 0.00015726
551460 1.389e-05
551470 5.65618e-07
551480 3.17e-08
551490 3.01783e-10
551500 1.07e-11
561290 0.0
561310 0.0
561320 1.93e-12
561330 2.68e-10
561340 2.19e-08
561350 8.62e-07
561360 1.892e-05
561370 0.00020068
561380 0.00136801
561390 0.00537996
561400 0.014746
561410 0.0262809
561420 0.0323448
561430 0.0278055
561440 0.02290335
561460 0.00177911
561470 0.000297914
561480 3.76797e-05
561500 1.12e-07
561510 7.94323e-10
561520 5.45e-11
561530 1.3423e-12
561540 0.0
571330 0.0
571350 1.19e-10
571370 2.75e-07
571380 5.39e-06
571390 6.132e-05
571400 0.00043619
571410 0.00211191
571420 0.00644985
571430 0.014438
571440 0.0198957
571450 0.0219878
571460 0.01459786
571470 0.00694053
571480 0.00217041
571490 0.00045392
571500 6.531921e-05
571520 2.67e-07
571530 8.49866e-09
571540 1.8415443e-10
581350 0.0
581370 1.8386e-09
581390 5.73e-08
581400 1.22e-06
581410 0.00015857
581430 0.00083658
581440 0.00315113
581450 0.00869082
581460 0.015218
581470 0.0175763
581480 0.0144271
581490 0.00774909
581500 0.00297861
581510 0.00068752
581520 0.00010938
581530 1.01e-05
581540 6.67e-07
581550 2.53968e-08
581560 6.78e-10
581570 1.05e-11
581580 1.2e-13
581600 0.0
591390 2.92e-12
591400 1.75e-10
591410 6.88e-09
591420 1.78e-07
591430 3.17e-06
591440 3.351e-05
591450 0.00026759
591460 0.00123376
591470 0.01161107
591490 0.0108641
591500 0.0102329
591510 0.00909682
591530 0.0007179
591540 0.00012971
591550 1.538e-05
591560 1.14e-06
591570 5.5e-08
591580 1.78e-09
591590 4.23e-11
591600 6.07e-13
591610 1.94979e-14
601400 0.0
601410 2.23e-13
601420 1.82e-11
601430 9.41e-10
601440 3.09e-08
601450 7.17e-07
601460 1.021e-05
601470 8.966e-05
601480 0.00050005
601490 0.00181838
601500 0.00461334
601510 0.00708416
601520 0.00743347
601530 0.00503787
601540 0.00248086
601550 0.00078791
601560 0.00016628
601570 2.439e-05
601590 1.38e-07
601600 5.88e-09
601610 1.56981e-10
601620 2.9e-12
601630 3.34e-14
601640 0.0
611410 0.0
611430 1.49e-14
611440 1.0843e-10
611460 4.53e-09
611470 1.26e-07
611480 2.3801e-05
611500 0.00015082
611510 0.00065823
611520 0.001702899
611530 0.0030642
611540 0.00357602
611550 0.00302037
611560 0.00153836
611570 0.00057157
611580 0.00014258
611590 2.581e-05
611600 2.91e-06
611610 2.27e-07
611620 1.14e-08
611630 3.9793e-10
611650 1.18e-13
611660 2.63541e-15
621430 0.0
621440 0.0
621450 0.0
621460 1.61e-13
621470 1.35e-11
621480 6.61e-10
621490 2.16e-08
621500 6.278e-06
621520 4.387e-05
621530 0.00021083
621540 0.00206185
621560 0.00179511
621570 0.00158581
621580 0.00101719
621590 0.0004407
621600 0.00013328
621610 2.65e-05
621620 3.77e-06
621630 3.44e-07
621640 2.11e-08
621650 8.58e-10
621660 2.29974e-11
621670 4e-13
621680 0.0
621700 0.0
631470 0.0
631490 1.16e-12
631510 2.99e-09
631520 6.44001e-08
631530 9.619999e-07
631540 8.33e-06
631550 5.138e-05
631560 0.00016413
631570 0.000387
631580 0.00058108
631590 0.00061785
631600 0.00064295
631620 7.445e-05
631630 1.842e-05
631640 3.337e-06
631660 2.5e-08
631670 1.28e-09
631680 4.06e-11
631690 9.13e-13
631700 1.28e-14
631710 2.49623e-16
641470 0.0
641490 0.0
641510 7.895e-12
641530 3.46e-10
641540 9.29e-09
641550 1.62e-07
641560 1.55e-06
641570 9.82e-06
641580 4.061e-05
641590 0.00010341
641600 0.00017983
641610 0.00020654
641620 0.00017513
641630 9.986e-05
641640 4.262e-05
641650 1.217e-05
641660 2.72e-06
641680 2.93e-08
641690 1.77e-09
641700 7.540975e-11
641720 3.62e-14
651510 0.0
651530 0.0
651550 2.95e-11
651560 7.877e-10
651570 1.887e-07
651590 1.24e-06
651600 5.45e-06
651610 1.661e-05
651620 3.332e-05
651630 4.734e-05
651640 4.685e-05
651650 3.3e-05
651660 1.518e-05
651670 5.26e-06
651680 1.2e-06
651690 2.01e-07
651700 2.19e-08
651710 1.73e-09
651720 8.44e-11
661550 0.0
661560 3.22e-14
661570 1.84e-12
661580 6.31e-11
661590 1.23e-09
661600 1.56e-08
661610 1.25e-07
661620 7e-07
661630 2.49e-06
661640 6.59e-06
661650 1.085e-05
661660 1.234e-05
661670 9.69e-06
661680 5.47e-06
661690 2.17e-06
661700 6.21e-07
661710 1.24e-07
661720 1.69e-08
671590 5.74e-14
671610 5.482e-11
671620 8.27e-10
671630 8.47e-09
671640 6.03e-08
671650 2.73e-07
671660 7.67e-07
671670 1.55e-06
671680 2.03e-06
671690 1.98e-06
671700 1.286e-06
671710 6.43e-07
671720 2.09e-07
681610 0.0
681620 8.01e-14
681630 2.25e-12
681640 4.85e-11
681650 5.91e-10
681660 4.75e-09
681670 2.494e-08
681680 8.88e-08
681690 2.11e-07
681700 3.5e-07
681710 4.01e-07
681720 3.19e-07
691650 7.1e-14
691660 1.56e-12
691670 2.4e-11
691680 2.29e-10
691690 1.54e-09
691700 6.56e-09
691710 2.03e-08
691720 3.89e-08
701660 0.0
701670 0.0
701680 4.94e-14
701690 9.08e-13
701700 1.13e-11
701710 9.26e-11
701720 5.01e-10
711690 0.0
711710 2.4e-14
711720 3.54e-13
721710 0.0
