230660 2.55635e-17
230670 3.87098e-18
240660 3.52975e-13
240670 3.92962e-14
240680 2.92717e-16
240700 0.0
250660 1.52e-10
250670 5.01e-11
250680 1.04e-11
250690 1.30971e-12
250700 9.30001e-14
250710 0.0
250720 2.55635e-16
260650 6.6e-09
260670 8.58e-09
260690 1.08e-09
260700 2.26e-10
260710 3.3e-11
260720 3.52975e-12
260730 2.04e-13
260740 1.21e-14
260750 2.34621e-15
260760 0.0
270660 1.92e-08
270670 4.04e-08
270680 5.65e-08
270690 5.36e-08
270700 2.82e-08
270710 1.19e-08
270720 3.41e-09
270730 6.810001e-10
270750 1.11127e-11
270770 3.34894e-14
280660 7.93001e-09
280670 3.69e-08
280680 1.29e-07
280690 2.81e-07
280700 3.85e-07
280710 3.88e-07
280720 3.16e-07
280730 1.38e-07
280740 6.37e-08
280750 1.89e-08
280760 3.3e-09
280770 3.39967e-10
280780 2.16e-11
280790 1.28036e-12
280800 2.61e-14
280810 0.0
290660 2.24e-10
290670 2.81e-09
290680 1.5070001e-07
290700 1.3671011e-06
290720 1.85e-06
290730 2.13e-06
290740 2.38e-06
290750 1.98e-06
290760 8.83001e-07
290770 2.74e-07
290780 4.59e-08
290790 5.72872e-09
290800 4.45e-10
290810 2.54e-11
290820 8.22001e-13
300660 6.42e-13
300670 2.07e-11
300680 4.72e-10
300690 6.65e-09
300700 5.37e-08
300710 3.087e-07
300720 1.5e-06
300730 3.83e-06
300740 1.075e-05
300750 2.053e-05
300760 2.446e-05
300770 1.903e-05
300780 1.196001e-05
300800 6.65001e-07
300810 1.03e-07
300820 1e-08
300830 5.68e-10
300840 1.82e-11
300850 9.98814e-13
300860 0.0
310650 0.0
310670 5.27e-13
310690 2.23e-11
310700 4.59e-10
310710 7.39001e-09
310720 8.87e-08
310730 5.92e-07
310740 3.76e-06
310750 1.795e-05
310760 4.734e-05
310770 9.57601e-05
310780 0.00010571
310790 9.18801e-05
310800 5.199e-05
310810 2.368e-05
310820 5.98e-06
310830 1e-06
310840 8.54001e-08
310850 4.469e-09
310860 2.0054545e-10
310880 1.84666e-13
320660 0.0
320670 0.0
320680 0.0
320690 0.0
320700 3.72e-13
320710 1.570002e-11
320720 5.62e-10
320730 1.7547001e-07
320750 1.4785e-05
320770 5.977001e-05
320780 0.00016454
320790 0.00031815
320800 0.0004622
320810 0.00050694
320820 0.00035081
320830 0.00014703
320840 3.62e-05
320850 5.06e-06
320860 6.58e-07
320870 5.62945e-08
320880 2.54982e-09
320890 8.66979e-11
320900 7.25401e-12
330690 0.0
330710 0.0
330720 1.81e-13
330730 9.06001e-12
330740 4.14e-10
330750 1.36e-08
330760 2.32e-07
330770 3.01e-06
330780 1.942e-05
330790 9.62501e-05
330800 0.00031084
330810 0.000869651
330820 0.001348822
330830 0.00146826
330840 0.00086089
330850 0.00034244
330860 0.00011243
330870 2.797e-05
330880 3.41e-06
330890 3.87914e-07
330900 2.38622e-08
330910 2.25561e-10
330920 1.18765e-11
330930 3.39665e-12
340720 0.0
340730 0.0
340740 9.35001e-14
340750 8.12001e-12
340760 4.11e-10
340770 1.414e-08
340780 2.62e-07
340790 3.206e-06
340800 2.795e-05
340810 0.00018544
340820 0.000729731
340830 0.00175875
340840 0.00253587
340850 0.00236976
340860 0.00204809
340870 0.00123083
340880 0.00043239
340890 0.00012866
340900 2.19661e-05
340910 2.28978e-06
340920 1.63988e-07
340930 3.4481e-08
340940 2.33e-10
340950 1.59071e-11
340960 3.96e-14
350750 0.0
350770 3.792001e-12
350780 1.85e-10
350790 6.67e-09
350800 1.494e-07
350810 2.88e-06
350820 2.771001e-05
350830 0.00017813
350840 0.00059767
350850 0.00141649
350860 0.00270118
350870 0.00408336
350880 0.00335709
350890 0.00273189
350900 0.00114138
350910 0.00034603
350920 6.72301e-05
350930 1.02855e-05
350940 8.52001e-07
350950 7.11732e-08
350960 1.47e-09
350970 2.46245e-11
360770 0.0
360780 1.15e-14
360790 1.11e-12
360800 7.45001e-11
360810 3.885e-09
360820 1.09e-07
360830 1.79e-06
360840 1.685e-05
360850 9.88301e-05
360860 0.0004966
360870 0.0016892
360880 0.00352407
360890 0.00643825
360900 0.00695456
360910 0.00501024
360920 0.0027709
360930 0.00110891
360940 0.0002844
360950 4.81688e-05
360960 4.68e-06
360970 2.49976e-07
360980 8.46001e-09
360990 1.1954e-10
361000 1.66e-12
370790 0.0
370810 2.87e-13
370830 1.05e-09
370840 2.6e-08
370850 4.55e-07
370860 5.78e-06
370870 5.476e-05
370880 0.00028132
370890 0.00137827
370900 0.00327153
370910 0.00496582
370920 0.00773383
370930 0.00831762
370940 0.0054124
370950 0.00272811
370960 0.000758921
370970 0.00013441
370980 1.367e-05
370990 5.34861e-07
371000 2.83e-08
371010 2.67915e-10
371020 1.09351e-11
380830 4.8e-14
380840 3.58e-12
380850 1.720002e-10
380860 6.49e-09
380870 1.604e-07
380880 2.44e-06
380890 2.899e-05
380900 0.00019938
380910 0.00125314
380920 0.00299448
380930 0.00732552
380940 0.0131019
380950 0.01603
380960 0.0131802
380970 0.00637983
380980 0.00207632
380990 0.000361985
381000 4.228e-05
381010 2.71973e-06
381020 1.50989e-07
381030 1.32058e-09
381040 3.47e-11
390850 0.0
390870 2.62e-11
390880 1.09e-09
390890 3.938001e-08
390900 7.01e-07
390910 7.22e-06
390920 8.72501e-05
390930 0.00074556
390940 0.00354796
390950 0.00978149
390960 0.0166321
390970 0.0226854
390980 0.01906724
390990 0.0101158
391000 0.00330794
391010 0.000712751
391020 0.0001178
391030 5.90868e-06
391040 2.89e-07
391050 1.64984e-09
391060 7.01005e-11
391070 1.30139e-11
400870 0.0
400880 4.22e-14
400890 4.21e-12
400900 2.26e-10
400910 7.51001e-09
400920 2.37e-07
400930 5.5e-06
400940 6.66001e-05
400950 0.00048133
400960 0.01298603
400980 0.023823
400990 0.0312435
401000 0.0294088
401010 0.017253
401020 0.00891595
401030 0.00131769
401040 0.00021476
401050 1.67484e-05
401060 9.67931e-07
401070 1.3211e-07
401080 5.67e-10
401090 1.85909e-11
401100 3.94e-14
410890 0.0
410900 0.0
410910 3.56e-13
410920 3.19e-11
410930 2.334e-09
410940 8.07e-08
410950 2.012e-06
410960 3.22e-05
410970 0.0003544301
410980 0.00220764
410990 0.008431691
411000 0.01977794
411010 0.0331373
411020 0.0626236
411040 0.00864742
411050 0.00216239
411060 0.0003956279
411080 1.97e-06
411090 8.31815e-08
411100 1.38e-09
411110 1.24108e-11
411120 0.0
420890 0.0
420910 0.0
420920 0.0
420930 8.75631e-12
420950 6.29e-10
420960 3.43e-08
420970 1.14e-06
420980 2.297e-05
420990 0.00024758
421000 0.00177835
421010 0.00820933
421020 0.0333032
421030 0.0334874
421040 0.0418861
421050 0.0271356
421060 0.0132873
421070 0.00393432
421080 0.00062247
421090 7.60301e-05
421100 4.17e-06
421110 1.25988e-07
421120 0.0
421140 0.0
421150 0.0
421160 0.0
421170 0.0
430930 0.0
430950 0.0
430970 2.03e-10
430980 1.24e-08
430990 9.9914101e-06
431010 0.00015002
431020 0.001423802
431030 0.02562078
431050 0.028383
431060 0.033785
431070 0.0275048
431080 0.0112793
431090 0.00419165
431100 0.0006422
431110 6.595e-05
431120 9.94001e-11
431130 4.75e-13
431140 0.0
431150 1.20329e-16
431160 0.0
431170 2.2773e-19
431180 4.72164e-13
440950 0.0
440960 0.0
440970 0.0
440980 5.83e-13
440990 6.97001e-11
441000 4.74e-09
441010 2.33e-07
441020 8.98001e-06
441030 8.83901e-05
441040 0.000671791
441050 0.01755212
441070 0.023523
441080 0.0263305
441090 0.0347441
441110 0.00305268
441120 4.954e-05
441130 1.16e-06
441140 4.44e-08
441150 3.63e-09
441160 1.29e-10
441170 6.87e-12
441180 6.51953e-09
441190 3.64e-11
441200 1.19e-13
441220 0.0
441240 0.0
450990 0.0
451010 1.975e-11
451020 2.32e-09
451030 8.15001e-08
451040 1.813e-06
451050 3.542e-05
451060 0.00027844
451070 0.00165759
451080 0.0047243
451090 0.01201482
451100 0.01281856
451110 0.0106068
451120 0.0107204
451130 0.00115525
451140 0.00017968
451150 6.819001e-05
451170 1.56e-06
451180 2.21e-06
451190 6.89101e-08
451210 6.57e-12
451220 0.0
451230 0.0
451240 0.0
460990 0.0
461010 0.0
461020 5.8218e-12
461040 4.44e-10
461050 2.44e-08
461060 1.0531001e-05
461080 0.00010086
461090 0.00065854
461100 0.00214173
461110 0.00461002
461120 0.0127335
461130 0.00345714
461140 0.00152229
461150 0.00139039
461160 0.000522
461170 0.00026841
461180 7.66101e-05
461190 1.049e-05
461200 9.16001e-07
461210 2.6e-08
461230 0.0
461240 0.0
461250 0.0
461280 0.0
461290 2.24559e-12
461300 0.0
471030 0.0
471050 9.79001e-13
471060 8.19e-11
471070 3.862e-09
471080 1.16e-07
471090 2.46e-06
471100 2.249001e-05
471110 0.00015639
471120 0.00010750001
471140 7.61701e-05
471150 0.0001767602
471160 0.0001645002
471170 0.0001872802
471180 0.0001819202
471190 0.00010993
471200 4.081e-05
471210 5.81e-06
471220 9.25e-11
471230 1.38e-11
471240 1.52e-12
471250 1.81e-13
471260 1.97e-14
471270 0.0
471280 0.0
471290 1.00475e-08
471300 7.32001e-11
471310 4.34377e-12
481050 0.0
481060 0.0
481070 1.16e-13
481080 1.18e-11
481090 7.46001e-10
481100 2.27e-08
481110 4.83e-07
481120 1.13e-10
481130 8.58e-10
481140 5.69e-09
481150 4.79e-08
481160 1.76e-07
481170 5.8e-07
481180 0.0001986802
481200 0.0002169
481210 0.0001214
481220 1.071001e-05
481240 1.03e-06
481250 3.5e-07
481260 1.22e-07
481270 6.77001e-08
481280 7.64001e-09
481290 6.79996e-06
481300 3.72e-07
481310 4.40957e-08
481320 6.93001e-10
481330 4.536e-11
481340 1.93e-13
481360 0.0
491070 0.0
491090 1.2e-14
491110 8.34001e-11
491120 0.0
491130 0.0
491140 0.0
491150 0.0
491160 6.80001e-14
491170 8.38001e-13
491180 1.373e-06
491190 1.462e-05
491200 8.886e-05
491210 0.00020362
491220 0.000374121
491230 0.0003514701
491240 0.00029375
491250 0.00028124
491260 0.00025368
491270 0.00048984
491280 0.0008187702
491300 9.438e-05
491310 3.752e-05
491320 2.032955e-06
491340 5.87e-09
491350 5.12191e-11
491360 3.47e-13
501110 0.0
501120 0.0
501130 0.0
501140 0.0
501150 0.0
501170 0.0
501180 3.1e-09
501190 4.8246e-06
501210 4.242e-05
501220 0.00015924
501230 0.0002563201
501240 0.00042805
501250 0.00073159
501260 0.00136642
501270 0.00562394
501280 0.00551868
501290 0.00607029
501300 0.00248672
501310 0.002743
501320 0.00044472
501330 0.00015383
501340 1.6019949e-05
501360 9.97001e-09
501370 3.77e-10
501380 5.05e-12
511130 0.0
511150 0.0
511170 0.0
511180 3.44e-13
511190 9.62001e-11
511200 1.402001e-08
511210 7.689001e-07
511230 5.39e-07
511240 2.200002e-06
511250 5.063001e-05
511270 0.00044073
511280 0.00175462
511290 0.00485089
511300 0.01584993
511310 0.0144656
511320 0.00630509
511330 0.00709711
511340 0.0020913
511350 0.00023871
511360 1.369e-05
511370 1.73e-06
511380 6.53e-08
511390 1.92e-09
511400 2.24495e-11
511410 7.33307e-12
521150 0.0
521170 0.0
521180 0.0
521190 0.0
521200 3.83e-12
521210 8.44e-10
521220 6.58e-14
521230 7.36e-13
521240 9.53001e-12
521250 1.195001e-10
521260 1.54e-09
521270 4.55e-08
521280 6.51e-07
521290 0.0005002
521300 0.00285617
521310 0.05115933
521330 0.0347048
521340 0.0306759
521350 0.01152041
521370 0.00063597
521380 7.45101e-05
521390 6.09e-06
521400 3.09978e-07
521410 7.44415e-08
521420 2.44e-10
521430 2.2258e-11
531210 6.05e-14
531220 0.0
531250 0.0
531260 0.0
531270 0.0
531280 9.00001e-14
531290 3.24e-06
531300 4.872e-05
531310 0.000710881
531320 0.00374522
531330 0.01476446
531340 0.0375051
531350 0.0301684
531360 0.01454704
531370 0.0194184
531390 0.00110472
531400 0.00014881
531410 2.3203601e-05
531430 9.95894e-08
531440 4.16403e-10
531450 2.98449e-11
531460 7.03177e-13
541240 0.0
541250 0.0
541260 0.0
541270 0.0
541280 1.740002e-09
541300 8.19001e-08
541310 3.030001e-06
541320 0.00075595
541340 0.00490947
541350 0.01851532
541360 0.0258672
541370 0.0392272
541380 0.0316144
541390 0.018974
541400 0.00713154
541410 0.00272632
541420 0.00037016
541430 6.74004e-05
541440 5.74959e-06
541450 3.0297e-07
541460 9.7093e-09
541470 8.9552e-11
541500 0.0
551270 0.0
551290 5.02e-14
551310 8.57001e-10
551320 4.93e-08
551330 2.17e-06
551340 0.00048209
551360 0.00537462
551370 0.00902371
551380 0.0623439
551400 0.0228048
551410 0.0230415
551420 0.00777646
551430 0.00401723
551440 0.000883921
551450 0.00014258
551460 1.23e-05
551470 3.81936e-07
551480 4.59e-08
551490 3.65428e-10
551500 2.67e-11
551510 2.39938e-12
561290 0.0
561310 1.85e-14
561320 3.81e-12
561330 5.44e-10
561340 3.99e-08
561350 1.18e-06
561360 3.205e-05
561370 0.00022217
561380 0.00144293
561390 0.00622535
561400 0.0248148
561410 0.0235798
561420 0.0207696
561430 0.0247734
561440 0.02059794
561460 0.00147893
561470 0.000258488
561480 4.827964e-05
561500 2.22e-07
561510 2.43572e-08
561520 1.48e-10
561530 5.92138e-12
561540 1.36e-14
571330 0.0
571350 1.78e-10
571370 3.36e-07
571380 5.94e-06
571390 7.11901e-05
571400 0.00049835
571410 0.00211355
571420 0.00858976
571430 0.013221
571440 0.0176407
571450 0.018914
571460 0.01095866
571470 0.00536409
571480 0.00231338
571490 0.00056034
571500 9.829575e-05
571520 5.27e-07
571530 2.64941e-08
571540 4.8097884e-10
571560 9.05223e-14
581350 0.0
581370 2.2901e-09
581390 7.52e-08
581400 1.54e-06
581410 0.00019087
581430 0.000815831
581440 0.00401882
581450 0.00750559
581460 0.0111361
581470 0.0126277
581480 0.0141309
581490 0.00812518
581500 0.00375296
581510 0.000783301
581520 0.00017131
581530 2.423e-05
581540 1.44e-06
581550 6.06941e-08
581560 1.24991e-09
581570 2.68e-11
581580 2.86e-13
581600 0.0
591390 4.33e-12
591400 2.44e-10
591410 8.35001e-09
591420 2.34e-07
591430 3.37e-06
591440 3.901e-05
591450 0.00022228
591460 0.000981121
591470 0.00924641
591490 0.00972385
591500 0.0104559
591510 0.00906038
591530 0.00133602
591540 0.00022108
591550 2.934e-05
591560 1.76e-06
591570 1.23e-07
591580 3.81e-09
591590 7.94001e-11
591600 1.29e-12
591610 3.27014e-14
601400 0.0
601410 3.13e-13
601420 2.81e-11
601430 1.11e-09
601440 3.93e-08
601450 6.17e-07
601460 8.09001e-06
601470 5.602e-05
601480 0.00040405
601490 0.00142529
601500 0.00411541
601510 0.00536747
601520 0.00759718
601530 0.00768483
601540 0.00366102
601550 0.00125942
601560 0.0002346
601570 4.965e-05
601590 2.59e-07
601600 1.3e-08
601610 3.31968e-10
601620 5.94e-12
601630 7.80001e-14
601640 0.0
611410 0.0
611430 1.94e-14
611440 9.74101e-11
611460 3.42e-09
611470 8.07001e-08
611480 1.6130001e-05
611500 0.00011042
611510 0.00040876
611520 0.001397841
611530 0.00382959
611540 0.00441282
611550 0.00408443
611560 0.00191181
611570 0.00105964
611580 0.00027705
611590 4.827e-05
611600 6.41e-06
611610 4.97e-07
611620 2.43e-08
611630 9.75601e-10
611650 1.63e-13
611660 1.84666e-15
621430 0.0
621440 0.0
621450 0.0
621460 1.25e-13
621470 8.41001e-12
621480 4.57e-10
621490 1.29e-08
621500 3.2e-06
621520 3.061e-05
621530 0.00021971
621540 0.002395441
621560 0.00212517
621570 0.00279174
621580 0.00199308
621590 0.000849781
621600 0.00031502
621610 6.241e-05
621620 9.00001e-06
621630 9.26001e-07
621640 4.31e-08
621650 1.28e-09
621660 2.54982e-11
621670 3.91e-13
621680 0.0
621700 0.0
631470 0.0
631490 6.11e-13
631510 1.23e-09
631520 3.62001e-08
631530 8.20001e-07
631540 7.74e-06
631550 5.221e-05
631560 0.00017563
631570 0.00064134
631580 0.00109495
631590 0.00121732
631600 0.00157074
631620 0.00018905
631630 5.374e-05
631640 7.017e-06
631660 2.9e-08
631670 1.33e-09
631680 4.23e-11
631690 8.16001e-13
631700 1.08e-14
631710 2.01921e-16
641470 0.0
641490 0.0
641510 3.8203e-12
641530 2.49e-10
641540 7.80001e-09
641550 1.49e-07
641560 1.6e-06
641570 1.579e-05
641580 7.91601e-05
641590 0.00021536
641600 0.00047572
641610 0.00056536
641620 0.00050552
641630 0.00032388
641640 0.00010436
641650 2.161e-05
641660 3.515e-06
641680 3.49e-08
641690 1.77e-09
641700 7.21499e-11
641720 3.61e-14
651510 0.0
651530 0.0
651550 2.37e-11
651560 7.556011e-10
651570 3.583e-07
651590 2.73e-06
651600 1.52e-05
651610 4.962e-05
651620 0.00010442
651630 0.00016885
651640 0.000123
651650 6.395e-05
651660 2.121e-05
651670 6.52e-06
651680 1.56e-06
651690 2.23e-07
651700 2.26e-08
651710 1.94e-09
651720 9.26001e-11
661550 0.0
661560 3.1e-14
661570 2.85e-12
661580 1.3e-10
661590 2.97e-09
661600 4.98e-08
661610 4.27e-07
661620 2.6e-06
661630 1.017e-05
661640 2.007e-05
661650 2.37e-05
661660 1.97e-05
661670 1.34e-05
661680 8.27001e-06
661690 2.73e-06
661700 7.44001e-07
661710 1.57e-07
661720 2.19e-08
671590 1.758e-13
671610 2.138e-10
671620 3.5e-09
671630 4e-08
671640 2.056e-07
671650 6.75001e-07
671660 1.343001e-06
671670 2.39e-06
671680 3.39e-06
671690 2.79e-06
671700 1.688002e-06
671710 9.09001e-07
671720 3.04e-07
681610 0.0
681620 4.21e-13
681630 1.28e-11
681640 2.02e-10
681650 1.73e-09
681660 9.96001e-09
681670 4.448e-08
681680 1.78e-07
681690 3.47e-07
681700 5.41e-07
681710 6.49e-07
681720 5.53e-07
691650 2.47e-13
691660 3.78e-12
691670 5e-11
691680 5.34e-10
691690 2.99e-09
691700 1.16e-08
691710 3.78e-08
691720 7.70001e-08
701660 0.0
701670 0.0
701680 1.46e-13
701690 2.161e-12
701700 2.48e-11
701710 2.09e-10
701720 1.24e-09
711690 0.0
711710 6.58e-14
711720 1.06e-12
721710 0.0
