230660 4.08394e-17
240660 2.59959e-13
240670 1.88e-14
240680 7.53958e-17
240700 0.0
250660 1.78e-10
250670 3.73e-11
250680 4.72e-12
250690 4.79925e-13
250700 3.36e-14
250710 0.0
260650 1.14e-08
260670 8.32e-09
260690 6e-10
260700 1.22e-10
260710 1.47e-11
260720 1.16e-12
260730 6.14e-14
260740 0.0
260760 0.0
270660 5.13e-08
270670 6.94e-08
270680 6.33e-08
270690 4.61e-08
270700 2.41e-08
270710 8.25e-09
270720 1.77e-09
270730 3.034e-10
270750 2.1634e-12
270770 8.8433e-15
280660 3.07e-08
280670 9.33e-08
280680 2.13e-07
280690 3.58e-07
280700 4.82e-07
280710 4.05e-07
280720 2.45e-07
280730 9.8e-08
280740 3e-08
280750 5.69e-09
280760 6.84e-10
280770 5.62912e-11
280780 2.99e-12
280790 1.64928e-13
280800 0.0
280810 0.0
290660 1.41e-09
290670 1.1e-08
290680 3.046e-07
290700 2.282e-06
290720 2.21e-06
290730 2.31e-06
290740 1.77e-06
290750 9.25e-07
290760 2.98e-07
290770 7.04e-08
290780 1e-08
290790 1.04984e-09
290800 6.27e-11
290810 2.77e-12
290820 7.55e-14
300660 6.47e-12
300670 1.31e-10
300680 1.97e-09
300690 1.976e-08
300700 1.52e-07
300710 7.22e-07
300720 2.59e-06
300730 6.1e-06
300740 1.156e-05
300750 1.43e-05
300760 1.247e-05
300770 7.41e-06
300780 3.763e-06
300800 1.43e-07
300810 1.7e-08
300820 1.37e-09
300830 6.31e-11
300840 1.97e-12
300860 0.0
310650 0.0
310670 3.985e-12
310690 1.1e-10
310700 2.16e-09
310710 2.76e-08
310720 2.44e-07
310730 1.45e-06
310740 6.23e-06
310750 1.874e-05
310760 3.781e-05
310770 5.644e-05
310780 5.376e-05
310790 3.958e-05
310800 1.82e-05
310810 6.09e-06
310820 1.29e-06
310830 1.77e-07
310840 1.53e-08
310850 8.48e-10
310860 2.814666e-11
320660 0.0
320670 0.0
320680 0.0
320690 5.04e-14
320700 2.87e-12
320710 9.64e-11
320720 2.45e-09
320730 4.5574e-07
320750 1.843e-05
320770 5.193e-05
320780 0.00012044
320790 0.0002021
320800 0.00024165
320810 0.00019578
320820 0.00011238
320830 4.062e-05
320840 1.023e-05
320850 1.59e-06
320860 1.54e-07
320870 9.20855e-09
320880 3.22e-10
320890 9.4716e-12
330690 0.0
330710 1.96e-14
330720 1.38e-12
330730 5.94e-11
330740 1.779e-09
330750 3.53e-08
330760 4.65e-07
330770 4.11e-06
330780 2.233e-05
330790 9.259e-05
330800 0.00025439
330810 0.00050363
330820 0.00066534
330830 0.00063343
330840 0.00040148
330850 0.00017949
330860 4.744e-05
330870 8.58e-06
330880 8.7e-07
330890 6.02905e-08
330900 7.96369e-10
330910 5.84318e-11
330920 2.87447e-12
340720 0.0
340730 0.0
340740 6.64e-13
340750 3.53e-11
340760 1.37e-09
340770 3.137e-08
340780 4.7e-07
340790 4.818e-06
340800 3.509e-05
340810 0.00016092
340820 0.0005212
340830 0.00113923
340840 0.00179224
340850 0.00198414
340860 0.00143727
340870 0.00068166
340880 0.0002074
340890 4.075e-05
340900 5.0692e-06
340910 3.71942e-07
340920 1.82971e-08
340930 2.57602e-10
340940 9.69e-12
340960 0.0
350750 0.0
350770 1.443e-11
350780 5.75e-10
350790 1.672e-08
350800 3.231e-07
350810 4.04e-06
350820 3.192e-05
350830 0.00018272
350840 0.00068299
350850 0.00190138
350860 0.00324617
350870 0.00400878
350880 0.0031061
350890 0.00174934
350900 0.00059517
350910 0.00013302
350920 1.873e-05
350930 1.63974e-06
350940 9.16e-08
350950 1.14665e-09
350960 6.84e-11
350970 3.50276e-12
360770 0.0
360780 5.98e-14
360790 4.72e-12
360800 2.72e-10
360810 9e-09
360820 2.01e-07
360830 3.013e-06
360840 3.112e-05
360850 0.00021872
360860 0.00098567
360870 0.00286894
360880 0.00576487
360890 0.00792097
360900 0.00734714
360910 0.00427502
360920 0.00176036
360930 0.00042805
360940 7.36e-05
360950 7.29885e-06
360960 5.03e-07
360970 2.22965e-08
360980 5.98e-10
360990 3.63362e-11
361000 1.6e-13
370790 0.0
370810 1.15e-12
370830 3.1e-09
370840 8.66e-08
370850 1.8e-06
370860 2.15e-05
370870 0.00017525
370880 0.00089624
370890 0.00325708
370900 0.00724109
370910 0.0110032
370920 0.0111787
370930 0.0075362
370940 0.00344296
370950 0.00101525
370960 0.00019694
370970 2.641e-05
370980 2.06e-06
370990 2.31294e-07
371000 4.79e-09
371010 1.29901e-10
371020 6.40865e-12
380830 2.49e-13
380840 2.1e-11
380850 1.23e-09
380860 4.48e-08
380870 1.006e-06
380880 1.54e-05
380890 0.0001499
380900 0.00093071
380910 0.00351587
380920 0.00935339
380930 0.0150981
380940 0.0182762
380950 0.0135738
380960 0.00746083
380970 0.00264141
380980 0.00062187
380990 0.000100009
381000 1.19e-05
381010 8.2687e-07
381020 4.07936e-08
381030 5.98454e-10
381040 1.78e-11
390850 4.75e-14
390870 3.43e-10
390880 1.52e-08
390890 4.578e-07
390900 7.94e-06
390910 8.823e-05
390920 0.00061651
390930 0.00272984
390940 0.0080534
390950 0.015566
390960 0.02066054
390970 0.01918248
390980 0.01159895
390990 0.0052661
391000 0.00163224
391010 0.00033712
391020 4.528e-05
391030 3.8094e-06
391040 1.78e-07
391050 1.81421e-09
391060 8.34066e-11
391070 0.0
400870 0.0
400880 1.27e-12
400890 1.12e-10
400900 6.15e-09
400910 1.97e-07
400920 4.2e-06
400930 5.117e-05
400940 0.00043581
400950 0.00216065
400960 0.02457825
400980 0.0265556
400990 0.0288153
401000 0.0232822
401010 0.0122734
401020 0.00459502
401030 0.00104734
401040 0.00015082
401050 1.15482e-05
401060 5.30917e-07
401070 2.78808e-09
401080 1.3e-10
401090 2.35612e-12
401100 0.0
410890 0.0
410900 2.47e-13
410910 2.52e-11
410920 1.57e-09
410930 6.01e-08
410940 1.458e-06
410950 2.208e-05
410960 0.00021023
410970 0.00127301
410980 0.00504245
410990 0.01412361
411000 0.0262082
411010 0.0353666
411020 0.0506769
411040 0.00742152
411050 0.00178331
411060 0.0002614272
411080 6.76e-07
411090 1.49976e-08
411100 2.03e-10
411110 4.2096e-12
411120 0.0
420890 0.0
420910 0.0
420920 4.9e-14
420930 4.3254e-10
420950 1.88e-08
420960 5.56e-07
420970 9.24e-06
420980 0.0001088
420990 0.0007899
421000 0.00387977
421010 0.0126621
421020 0.0280482
421030 0.0407483
421040 0.0413004
421050 0.0262615
421060 0.0107246
421070 0.00235619
421080 0.00030288
421090 2.148e-05
421100 9.67e-07
421110 2.67958e-08
421120 5.39e-10
421140 0.0
421150 0.0
421160 0.0
430930 0.0
430950 9.02e-13
430970 4.02e-09
430980 1.37e-07
430990 4.1576e-05
431010 0.00035987
431020 0.001984
431030 0.02670341
431050 0.0329054
431060 0.0340387
431070 0.0221928
431080 0.00817288
431090 0.00187826
431100 0.00024847
431110 2.187e-05
431120 1.24e-06
431130 5.34e-14
431140 0.0
431150 7.48954e-17
431160 0.0
431170 0.0
431180 1.55504e-13
440950 0.0
440960 0.0
440970 1.34e-13
440980 1.46e-11
440990 9.09e-10
441000 3.52e-08
441010 9.15e-07
441020 1.46e-05
441030 0.00015147
441040 0.00108047
441050 0.01955469
441070 0.0249639
441080 0.0262719
441090 0.0227311
441110 0.00153048
441120 0.00025226
441130 3.52e-07
441140 2.57e-08
441150 1.5e-09
441160 8.67e-11
441170 5.16e-12
441180 3.05e-13
441190 9.89845e-10
441200 2.64e-12
441220 0.0
441240 0.0
450990 1.53e-14
451010 1.349e-10
451020 5.94e-09
451030 1.875e-07
451040 3.808e-06
451050 5.614e-05
451060 0.00046042
451070 0.00244646
451080 0.00702994
451090 0.01256614
451100 0.01222568
451110 0.00801315
451120 0.00326879
451130 0.00088759
451140 0.00022015
451150 5.804e-05
451170 1.84e-06
451180 3.39e-07
451190 8.403e-07
451210 6.86e-11
451220 1.38e-13
451230 0.0
451240 0.0
460990 0.0
461010 0.0
461020 1.8501e-11
461040 1.18e-09
461050 5.32e-08
461060 2.502e-05
461080 0.00022095
461090 0.00113912
461100 0.00316096
461110 0.00515591
461120 0.00535045
461130 0.0048414
461140 0.00301601
461150 0.0016862
461160 0.00089425
461170 0.00045876
461180 0.00024735
461190 5.944e-05
461200 4.95e-06
461210 1.5279e-07
461230 0.0
461240 0.0
461250 0.0
461280 0.0
461300 0.0
471030 0.0
471050 2.852e-12
471060 2.371e-10
471070 1.386e-08
471080 4.14e-07
471090 7.23e-06
471100 5.785e-05
471110 0.00027747
471120 0.00088768
471140 0.00026387
471150 0.00036488
471160 0.00039586
471170 0.00041752
471180 0.00042692
471190 0.00031853
471200 0.0001209
471210 1.993e-05
471220 1.23e-06
471230 3.06e-12
471240 2.93e-13
471250 3.45e-14
471260 0.0
471270 0.0
471280 0.0
471290 4.30385e-10
471300 3.78e-11
471310 1.94773e-12
481050 0.0
481060 0.0
481070 6.24e-13
481080 6.66e-11
481090 3.79e-09
481100 1e-07
481110 1.394e-06
481120 1.057e-05
481130 6.81e-09
481140 3.96e-08
481150 1.848e-07
481160 6.59e-07
481170 1.886e-06
481180 0.000215
481200 0.00035498
481210 0.00025416
481220 8.033e-05
481240 4.84e-07
481250 1.79e-07
481260 3.65e-08
481270 7.21e-09
481280 8.73e-10
481290 2.73957e-06
481300 2.78e-07
481310 1.23981e-08
481320 2.67e-10
481330 7.05265e-12
481340 1.94e-14
481360 0.0
491070 0.0
491090 1.11e-13
491110 4.17e-10
491120 8.89e-09
491130 0.0
491140 0.0
491150 3.05e-14
491160 4.44e-13
491170 4.289e-12
491180 3.794e-11
491190 1.155e-05
491200 8.67e-05
491210 0.00027851
491220 0.00035316
491230 0.00036443
491240 0.00032027
491250 0.00036292
491260 0.0002319
491270 0.00015966
491280 0.00046498
491300 0.00010875
491310 1.598e-05
491320 1.154893e-06
491340 9.52e-10
491350 2.51319e-11
491360 1.04e-13
501110 0.0
501120 6.31e-13
501130 0.0
501140 0.0
501150 0.0
501170 0.0
501180 0.0
501190 2.5298e-06
501210 3.691e-05
501220 0.00021144
501230 0.00042597
501240 0.00077069
501250 0.00169848
501260 0.00256337
501270 0.004117
501280 0.00589824
501290 0.00535823
501300 0.00412118
501310 0.00172614
501320 0.0004041
501330 5.176e-05
501340 4.009975e-06
501360 4.55e-09
501370 6.86e-11
501380 8.79e-13
511130 0.0
511150 0.0
511170 0.0
511180 0.0
511190 1.83e-11
511200 4.16e-09
511210 1.0034e-05
511230 1.88e-06
511240 8.7e-06
511250 0.00023136
511270 0.00069605
511280 0.00227395
511290 0.00627901
511300 0.01140887
511310 0.0134531
511320 0.00894924
511330 0.00368806
511340 0.00084385
511350 0.00011727
511360 1.017e-05
511370 5e-07
511380 1.84e-08
511390 4.33e-10
511400 1.63358e-11
521150 0.0
521170 0.0
521180 0.0
521190 0.0
521200 6e-13
521210 2.86e-10
521220 4.45e-08
521230 5.85e-12
521240 9.07e-11
521250 1.469e-09
521260 2.01e-08
521270 2.446e-07
521280 3.06e-06
521290 0.000893
521300 0.00425179
521310 0.03666431
521330 0.02667647
521340 0.0185937
521350 0.0094352
521370 0.00028787
521380 3.214e-05
521390 2.15e-06
521400 1.03984e-07
521410 1.07282e-09
521420 6.32e-11
521430 7.86244e-12
531210 1.3e-14
531220 0.0
531250 0.0
531260 0.0
531270 3.27e-14
531280 1.63e-12
531290 9.25e-06
531300 0.00011609
531310 0.00102562
531320 0.00535038
531330 0.01710622
531340 0.0313285
531350 0.0353798
531360 0.025562
531370 0.01378331
531390 0.00062152
531400 8.13e-05
531410 7.23593e-06
531430 5.00476e-08
531440 2.37183e-10
531450 9.51872e-12
541240 0.0
541250 0.0
541260 0.0
541270 0.0
541280 8.09e-09
541300 3.07e-07
541310 8.04e-06
541320 0.00141734
541340 0.00705385
541350 0.02081466
541360 0.0409217
541370 0.0421345
541380 0.0329516
541390 0.0164038
541400 0.00592166
541410 0.00130301
541420 0.00022547
541430 2.164e-05
541440 1.50976e-06
541450 6.05905e-08
541460 1.58e-09
541470 3.90765e-11
541500 0.0
551270 0.0
551290 3.99e-13
551310 3.8e-09
551320 2.08e-07
551330 6.6e-06
551340 0.00112731
551360 0.00535616
551370 0.0150723
551380 0.0629868
551400 0.0297877
551410 0.0171565
551420 0.00742317
551430 0.00210168
551440 0.00039941
551450 4.939e-05
551460 3.73e-06
551470 2.47146e-07
551480 5.52e-09
551490 8.78047e-11
551500 1.22e-12
561290 0.0
561310 1.38e-13
561320 2.7e-11
561330 2.79e-09
561340 1.64e-07
561350 4.61e-06
561360 7.7e-05
561370 0.00060178
561380 0.00302316
561390 0.00937246
561400 0.0199503
561410 0.0263814
561420 0.0286149
561430 0.0201491
561440 0.01390241
561460 0.00077996
561470 0.000106863
561480 1.0738912e-05
561500 2.1e-08
561510 1.93202e-10
561520 5.93e-12
561540 0.0
571330 6.54e-14
571350 1.23e-09
571370 1.57e-06
571380 2.153e-05
571390 0.00019252
571400 0.00103144
571410 0.00360685
571420 0.00918525
571430 0.0168949
571440 0.0205989
571450 0.0180956
571460 0.01035342
571470 0.00405669
571480 0.0010505
571490 0.0001749
571500 1.998981e-05
571520 4.89e-08
571530 1.28e-09
571540 2.050945e-11
581350 2.51e-14
581370 1.4128e-08
581390 3.471e-07
581400 5.41e-06
581410 0.00040182
581430 0.00168503
581440 0.00544961
581450 0.0116433
581460 0.0173301
581470 0.0164648
581480 0.0115263
581490 0.00497066
581500 0.0015517
581510 0.00028289
581520 3.438e-05
581530 2.6e-06
581540 1.28e-07
581550 3.87939e-09
581560 7.91e-11
581570 1.1e-12
581580 0.0
581600 0.0
591390 3.58e-11
591400 1.55e-09
591410 4.35e-08
591420 8.15e-07
591430 1.186e-05
591440 0.00010213
591450 0.00062658
591460 0.00237678
591470 0.01617145
591490 0.0114187
591500 0.00876801
591510 0.00582944
591530 0.0003175
591540 4.388e-05
591550 4.02e-06
591560 2.32e-07
591570 9.67e-09
591580 2.42e-10
591590 4.69e-12
591600 5.04e-14
601400 3.66e-14
601410 2.88e-12
601420 1.63e-10
601430 6.93e-09
601440 1.82e-07
601450 3.16e-06
601460 3.596e-05
601470 0.00024481
601480 0.00115893
601490 0.00325475
601500 0.00656809
601510 0.00793395
601520 0.00671807
601530 0.00376948
601540 0.00146888
601550 0.00035398
601560 5.974e-05
601570 7.207e-06
601590 2.59e-08
601600 8.41e-10
601610 1.77e-11
601620 2.67e-13
601630 0.0
601640 0.0
611410 0.0
611430 2.26e-13
611440 9.58e-10
611460 3.11e-08
611470 6.55e-07
611480 8.077e-05
611500 0.00038326
611510 0.00127249
611520 0.0026421
611530 0.00386309
611540 0.00363002
611550 0.00228603
611560 0.00096261
611570 0.00029553
611580 5.689e-05
611590 8.34e-06
611600 7.33e-07
611610 4.48e-08
611620 1.82e-09
611630 5.1379e-11
611650 0.0
621430 0.0
621440 0.0
621450 2.14e-14
621460 2.27e-12
621470 1.41e-10
621480 5.89e-09
621490 1.41e-07
621500 2.329e-05
621520 0.00012647
621530 0.00047699
621540 0.0030064
621560 0.00192745
621570 0.00137634
621580 0.00068649
621590 0.00024289
621600 5.91e-05
621610 9.24e-06
621620 1.06e-06
621630 7.82e-08
621640 3.96e-09
621650 1.17e-10
621660 2.54e-12
621670 3.57e-14
621680 0.0
621700 0.0
631470 0.0
631490 1.57e-11
631510 2.16e-08
631520 3.69999e-07
631530 4.23e-06
631540 2.911e-05
631550 0.00012033
631560 0.00031839
631570 0.00057628
631580 0.00066097
631590 0.00057073
631600 0.00045703
631620 3.678e-05
631630 7.39e-06
631640 1.0484e-06
631660 4.82e-09
631670 1.98e-10
631680 4.91e-12
631690 7.99e-14
631700 0.0
641470 0.0
641490 0.0
641510 9.663e-11
641530 3.15e-09
641540 6.75e-08
641550 7.67e-07
641560 5.9e-06
641570 2.716e-05
641580 8.297e-05
641590 0.00016644
641600 0.000239
641610 0.00021503
641620 0.00014844
641630 6.918e-05
641640 2.345e-05
641650 5.14e-06
641660 9.075e-07
641680 6.22e-09
641690 2.78e-10
641700 9.693e-12
641720 0.0
651510 0.0
651530 1.32e-13
651550 2.92e-10
651560 6.319e-09
651570 7.752e-07
651590 3.78e-06
651600 1.361e-05
651610 3.142e-05
651620 4.984e-05
651630 5.671e-05
651640 4.321e-05
651650 2.398e-05
651660 8.98e-06
651670 2.52e-06
651680 4.48e-07
651690 5.73e-08
651700 5.12e-09
651710 2.99e-10
651720 1.11e-11
661550 0.0
661560 5.74e-13
661570 2.15e-11
661580 5.2e-10
661590 7.57e-09
661600 7.93e-08
661610 4.68e-07
661620 2.01e-06
661630 5.52e-06
661640 1.067e-05
661650 1.38e-05
661660 1.257e-05
661670 7.96e-06
661680 3.53e-06
661690 1.1e-06
661700 2.62e-07
661710 3.87e-08
661720 4.14e-09
671590 8.71e-13
671610 4.329e-10
671620 4.9e-09
671630 3.785e-08
671640 1.861e-07
671650 6.57e-07
671660 1.426e-06
671670 2.27e-06
671680 2.28e-06
671690 1.76e-06
671700 9.54e-07
671710 3.56e-07
671720 9.41e-08
681610 3.12e-14
681620 1.04e-12
681630 2.15e-11
681640 3.05e-10
681650 2.91e-09
681660 1.76e-08
681670 7.022e-08
681680 1.86e-07
681690 3.48e-07
681700 4.66e-07
681710 3.91e-07
681720 2.58e-07
691650 7.56e-13
691660 1.23e-11
691670 1.4e-10
691680 9.7e-10
691690 5.14e-09
691700 1.71e-08
691710 3.74e-08
691720 5.89e-08
701660 0.0
701670 2.23e-14
701680 4.51e-13
701690 6.556e-12
701700 6.22e-11
701710 3.52e-10
701720 1.55e-09
711690 0.0
711710 2e-13
711720 2.42e-12
721710 0.0
