230660 4.19682e-18
240660 2.54958e-14
240670 0.0
240680 1.24745e-17
240700 0.0
250660 1.62e-11
250670 5.54e-12
250680 5.23e-13
250690 4.30875e-14
250700 0.0
250710 0.0
260650 1e-09
260670 1.053e-09
260690 4.52e-11
260700 1.14e-11
260710 1.2e-12
260720 1.38e-13
260730 1.22e-14
260740 0.0
260760 0.0
270660 5.16e-09
270670 1.06e-08
270680 6.61e-09
270690 3.57e-09
270700 2.21e-09
270710 6.48e-10
270720 1.89e-10
270730 5.277e-11
270750 5.123e-13
280660 3.57e-09
280670 1.59e-08
280680 2.41e-08
280690 2.91e-08
280700 4.47e-08
280710 3.17e-08
280720 2.43e-08
280730 1.55e-08
280740 4.77e-09
280750 1.12e-09
280760 1.18e-10
280770 2.07e-11
280780 1.72e-12
280790 2.08969e-13
280800 0.0
280810 0.0
290660 2.29e-10
290670 2.52e-09
290680 3.323e-08
290700 2.253e-07
290720 2.47e-07
290730 4.05e-07
290740 2.98e-07
290750 1.85e-07
290760 4.99e-08
290770 2.4e-08
290780 5.23e-09
290790 7.21791e-10
290800 4.77e-11
290810 2.58e-12
290820 6.61e-14
300660 1.56e-12
300670 4.19e-11
300680 3.8e-10
300690 2.507e-09
300700 2.05e-08
300710 7.99e-08
300720 3.25e-07
300730 1.19e-06
300740 2.11e-06
300750 2.99e-06
300760 2.1e-06
300770 2.44e-06
300780 1.953e-06
300800 9.37e-08
300810 1.3e-08
300820 9.56e-10
300830 4.37e-11
300840 1.34e-12
300860 0.0
310650 0.0
310670 1.2933e-12
310690 2.2e-11
310700 4.34e-10
310710 4.42e-09
310720 4.13e-08
310730 3.73e-07
310740 1.45e-06
310750 4.82e-06
310760 7.6e-06
310770 2.149e-05
310780 3.026e-05
310790 2.696e-05
310800 1.253e-05
310810 4.68e-06
310820 8.89e-07
310830 1.18e-07
310840 9.81e-09
310850 4.64e-10
310860 1.23e-11
320660 0.0
320670 0.0
320680 0.0
320690 1.68e-14
320700 9.09e-13
320710 2.38e-11
320720 5.89e-10
320730 1.4102e-07
320750 4.685e-06
320770 2.291e-05
320780 7.78e-05
320790 0.00015339
320800 0.00017937
320810 0.00015647
320820 7.92e-05
320830 2.719e-05
320840 6.44e-06
320850 8.54e-07
320860 6.95e-08
320870 3.61e-09
320880 1.06e-10
320890 5.73072e-12
330690 0.0
330710 0.0
330720 5.86e-13
330730 3.64e-11
330740 8.83e-10
330750 1.76e-08
330760 1.64e-07
330770 2.53e-06
330780 1.966e-05
330790 9.21e-05
330800 0.00023918
330810 0.00049472
330820 0.00057196
330830 0.00051194
330840 0.00030077
330850 0.00011592
330860 2.591e-05
330870 4.08e-06
330880 3.38e-07
330890 1.97943e-08
330900 2.81434e-10
330910 2.13146e-11
340720 0.0
340730 0.0
340740 5.73e-13
340750 2.89e-11
340760 7.53e-10
340770 2.852e-08
340780 5.92e-07
340790 6.5e-06
340800 4.263e-05
340810 0.00019566
340820 0.00054617
340830 0.00111054
340840 0.00161332
340850 0.00155776
340860 0.00096852
340870 0.00040427
340880 9.898e-05
340890 1.61e-05
340900 1.70972e-06
340910 1.09979e-07
340920 4.91e-09
340930 1.4761e-10
340940 2.4e-12
340960 0.0
350750 0.0
350770 2.405e-11
350780 1.29e-09
350790 3.835e-08
350800 6.29e-07
350810 7.45e-06
350820 4.937e-05
350830 0.00025602
350840 0.00086244
350850 0.00211576
350860 0.00314137
350870 0.00347994
350880 0.00215898
350890 0.00099729
350900 0.00028502
350910 5.481e-05
350920 6.7e-06
350930 5.09852e-07
350940 2.8e-08
350950 5.38679e-10
350960 2.03e-11
360770 0.0
360780 2.56e-13
360790 1.94e-11
360800 9.01e-10
360810 2.682e-08
360820 4.87e-07
360830 6.42e-06
360840 5.777e-05
360850 0.00035436
360860 0.00138049
360870 0.0035749
360880 0.00576568
360890 0.00646575
360900 0.00501901
360910 0.00249945
360920 0.00086218
360930 0.0001795
360940 2.904e-05
360950 2.77946e-06
360960 1.74e-07
360970 6.69e-09
360980 1.99e-10
360990 3.30567e-11
361000 5e-14
370790 0.0
370810 6.94e-12
370830 1.26e-08
370840 2.96e-07
370850 5.31e-06
370860 5.423e-05
370870 0.00039162
370880 0.00152876
370890 0.00442937
370900 0.00812903
370910 0.0105205
370920 0.00875107
370930 0.00503974
370940 0.00210018
370950 0.00057654
370960 9.747e-05
370970 1.08e-05
370980 8.45e-07
370990 1.1418e-07
371000 1.62e-09
371010 5.77433e-11
380830 2.04e-12
380840 1.41e-10
380850 7.13e-09
380860 2.19e-07
380870 4.302e-06
380880 4.835e-05
380890 0.00035929
380900 0.00177045
380910 0.00551529
380920 0.0115219
380930 0.015767
380940 0.0169998
380950 0.0114819
380960 0.00534557
380970 0.00151116
380980 0.00032593
380990 4.57758e-05
381000 4.57e-06
381010 2.97942e-07
381020 1.29e-08
381030 4.08097e-10
381040 7.19e-12
390850 6.7e-13
390870 3.54e-09
390880 1.11e-07
390890 2.458e-06
390900 3.247e-05
390910 0.00028499
390920 0.00146382
390930 0.00528456
390940 0.013261
390950 0.0225083
390960 0.02468341
390970 0.01790458
390980 0.00921961
390990 0.00345427
391000 0.00086461
391010 0.00015632
391020 1.767e-05
391030 1.40959e-06
391040 7.38e-08
391050 1.30794e-09
391060 7.24157e-11
391070 0.0
400870 2.38e-13
400880 2.32e-11
400890 1.45e-09
400900 5.85e-08
400910 1.42e-06
400920 2.087e-05
400930 0.0001988
400940 0.00134423
400950 0.00549877
400960 0.0405673
400980 0.031449
400990 0.0268845
401000 0.0171128
401010 0.00748187
401020 0.00227482
401030 0.00046075
401040 6.733e-05
401050 6.74869e-06
401060 4.39928e-07
401070 6.42246e-09
401080 4.49e-10
401090 1.46741e-11
401100 2.13e-14
410890 5.93e-14
410900 6.85e-12
410910 5.14e-10
410920 2.08e-08
410930 5.98e-07
410940 1.076e-05
410950 0.00012419
410960 0.00087502
410970 0.00373075
410980 0.01056502
410990 0.02181306
411000 0.0308556
411010 0.0329038
411020 0.0351438
411040 0.00431102
411050 0.00114598
411060 0.0002130236
411080 1.47e-06
411090 5.06853e-08
411100 6.92e-10
411110 7.4795e-12
411120 0.0
420890 0.0
420910 1.49e-14
420920 1.84e-12
420930 8.291e-09
420950 2.57e-07
420960 5.27e-06
420970 5.771e-05
420980 0.00043299
420990 0.00212405
421000 0.00750669
421010 0.0180109
421020 0.0304292
421030 0.0354266
421040 0.0312074
421050 0.0189555
421060 0.00823339
421070 0.00236828
421080 0.00044093
421090 4.226e-05
421100 1.95e-06
421110 3.85925e-08
421120 0.0
421140 0.0
421150 0.0
421160 0.0
430930 0.0
430950 3.758e-11
430970 6.79e-08
430980 1.31e-06
430990 0.00017297
431010 0.00097504
431020 0.00386282
431030 0.0329559
431050 0.0312545
431060 0.0304733
431070 0.0218249
431080 0.00984816
431090 0.00268251
431100 0.00036927
431110 2.482e-05
431120 1.55e-12
431130 1.12e-14
431140 0.0
431150 1.25824e-17
431160 0.0
431170 0.0
431180 3.76891e-12
440950 0.0
440960 0.0
440970 6.57e-12
440980 3.64e-10
440990 1.29e-08
441000 3.17e-07
441010 5.1e-06
441020 5.506e-05
441030 0.00038844
441040 0.00197545
441050 0.02164588
441070 0.0242907
441080 0.0270261
441090 0.02515112
441110 0.0014408
441120 2.77e-06
441130 1.09e-07
441140 4.87e-09
441150 3.08e-10
441160 2.79e-11
441170 2.28e-12
441180 2.28962e-08
441190 1.35e-10
441200 2.64e-13
441220 0.0
441240 0.0
450990 6.47e-13
451010 1.941e-09
451020 5.48e-08
451030 1.082e-06
451040 1.399e-05
451050 0.00011918
451060 0.00068956
451070 0.00280332
451080 0.00729532
451090 0.01245472
451100 0.01317808
451110 0.00756702
451120 0.00210863
451130 0.00042638
451140 7.632e-05
451150 2.174e-05
451170 1.3e-06
451180 6.64e-06
451190 2.1514e-07
451210 8.69e-12
451220 0.0
451230 0.0
451240 0.0
460990 0.0
461010 5.96e-14
461020 2.5784e-10
461040 9.31e-09
461050 2.01e-07
461060 3.64e-05
461080 0.0002359
461090 0.00103317
461100 0.00320603
461110 0.0049219
461120 0.00520976
461130 0.00294021
461140 0.00151607
461150 0.00083289
461160 0.00062371
461170 0.00044955
461180 0.00019572
461190 2.908e-05
461200 1.55e-06
461210 3.13e-08
461230 0.0
461240 0.0
461250 0.0
461280 0.0
461300 0.0
471030 0.0
471050 2.387e-11
471060 1.015e-09
471070 2.944e-08
471080 5.57e-07
471090 7.25e-06
471100 6.631e-05
471110 0.00032076
471120 0.00021456
471140 0.00020352
471150 0.00025566
471160 0.00036846
471170 0.00054416
471180 0.00051026
471190 0.00033667
471200 7.999e-05
471210 8.11e-06
471220 1.76e-11
471230 1.66e-12
471240 1.19e-13
471250 0.0
471260 0.0
471270 0.0
471280 0.0
471290 2.7709e-10
471300 3.12e-11
481050 0.0
481060 2.76e-14
481070 2.14e-12
481080 1.19e-10
481090 4.4e-09
481100 1.36e-07
481110 2.05e-06
481120 7.51e-10
481130 8.54e-09
481140 5.11e-08
481150 1.987e-07
481160 8.63e-07
481170 3.404e-06
481180 0.00064481
481200 0.00047367
481210 0.00019954
481220 5.28e-06
481240 2.9e-07
481250 6.92e-08
481260 1.63e-08
481270 2.49e-09
481280 3.72e-10
481290 1.42972e-06
481300 1.91e-07
481310 1.23e-08
481320 3.03e-10
481330 1.27639e-11
481340 1.91e-14
481360 0.0
491070 0.0
491090 1.84e-13
491110 9.59e-10
491120 0.0
491130 0.0
491140 0.0
491150 6.82e-14
491160 9.27999e-13
491170 1.229e-11
491180 5.59e-06
491190 6.713e-05
491200 0.00027324
491210 0.00047523
491220 0.000523959
491230 0.000438
491240 0.00029395
491250 0.00021754
491260 0.00016223
491270 8.692e-05
491280 0.0002679
491300 7.67901e-05
491310 1.493e-05
491320 1.1740872e-06
491340 7.84e-10
491350 1.73811e-11
491360 4.66e-14
501110 3.62e-14
501120 0.0
501130 0.0
501140 0.0
501150 0.0
501170 0.0
501180 1.76e-08
501190 2.1094e-05
501210 0.0001415
501220 0.00039777
501230 0.00062869
501240 0.00087524
501250 0.00128726
501260 0.00229957
501270 0.00296295
501280 0.00407638
501290 0.00347462
501300 0.0030836
501310 0.00159391
501320 0.00038474
501330 4.51e-05
501340 2.8796826e-06
501360 1.92e-09
501370 1.93e-11
501380 1.45e-13
511130 0.0
511150 0.0
511170 0.0
511180 3.65e-12
511190 1.16e-09
511200 1.138e-07
511210 4.872e-06
511230 4.14e-06
511240 1.448001e-05
511250 0.00028138
511270 0.00068171
511280 0.00191695
511290 0.00537024
511300 0.01068441
511310 0.0146888
511320 0.00966845
511330 0.00347812
511340 0.00066106
511350 7.257e-05
511360 4.98e-06
511370 1.68e-07
511380 3.81e-09
511390 7.87e-11
521150 0.0
521170 0.0
521180 0.0
521190 1.1e-13
521200 6.01e-11
521210 1.03e-08
521220 1.35e-12
521230 1.898e-11
521240 2.21e-10
521250 2.508e-09
521260 3.64e-08
521270 3.431e-07
521280 3.16e-06
521290 0.00102815
521300 0.00501029
521310 0.04593129
521330 0.02769011
521340 0.0161442
521350 0.00643116
521370 0.00011999
521380 8.74e-06
521390 4.88e-07
521400 1.94e-08
521410 4.9782e-10
521420 9.92e-12
531210 1.9e-12
531220 0.0
531250 0.0
531260 0.0
531270 7.33e-14
531280 2.3e-12
531290 1.782e-05
531300 0.00021119
531310 0.00188672
531320 0.00890826
531330 0.0229526
531340 0.0353796
531350 0.0336358
531360 0.0215782
531370 0.00794146
531390 0.00021474
531400 2.273e-05
531410 1.8113e-06
531430 1.1975e-09
531440 4.49307e-11
531450 0.0
541240 0.0
541250 0.0
541260 0.0
541270 0.0
541280 2.79e-08
541300 9.19e-07
541310 2.232e-05
541320 0.00261097
541340 0.01049448
541350 0.0265541
541360 0.0487247
541370 0.0382922
541380 0.0222787
541390 0.00868982
541400 0.00252478
541410 0.00048226
541420 7.565e-05
541430 6.1788e-06
541440 2.72955e-07
541450 7.02e-09
541460 1.43e-10
541470 1.32742e-11
541500 0.0
551270 0.0
551290 3.06e-12
551310 1.98e-08
551320 8.68e-07
551330 1.953e-05
551340 0.00239809
551360 0.0107919
551370 0.0235034
551380 0.0665629
551400 0.0223549
551410 0.0109505
551420 0.00439512
551430 0.00102287
551440 0.00012453
551450 9.97e-06
551460 5.62e-07
551470 4.58063e-08
551480 4.31e-10
551490 9.86287e-12
551500 5.69e-14
561290 0.0
561310 1.44e-12
561320 2.11e-10
561330 1.46e-08
561340 6.91e-07
561350 1.699e-05
561360 0.0002815
561370 0.00169824
561380 0.00688953
561390 0.0154085
561400 0.0258966
561410 0.0282516
561420 0.0290933
561430 0.0165309
561440 0.00686861
561460 0.00020093
561470 1.83642e-05
561480 1.3308901e-06
561500 1.46e-09
561510 3.38634e-11
561520 3.1e-13
561540 0.0
571330 7.52e-13
571350 1e-08
571370 1.027e-05
571380 0.00011753
571390 0.00070843
571400 0.00287141
571410 0.00776558
571420 0.018692
571430 0.0266767
571440 0.0217997
571450 0.0130291
571460 0.00529368
571470 0.00138578
571480 0.00025476
571490 3.035e-05
571500 2.506966e-06
571520 4.13e-09
571530 9.15e-11
571540 1.45e-12
581350 4.79e-13
581370 2.0134e-07
581390 3.11e-06
581400 3.535e-05
581410 0.00177702
581430 0.00533955
581440 0.0113916
581450 0.016495
581460 0.0169191
581470 0.0107864
581480 0.00528279
581490 0.00163842
581500 0.00036571
581510 4.776e-05
581520 4.87e-06
581530 2.89e-07
581540 1.32e-08
581550 4.03e-10
581560 8.64e-12
581570 1.06e-13
581580 0.0
581600 0.0
591390 9.91e-10
591400 3.02e-08
591410 5.64e-07
591420 9.88e-06
591430 9.712e-05
591440 0.00053975
591450 0.00217947
591460 0.00532217
591470 0.01869634
591490 0.00804978
591500 0.00435859
591510 0.00194431
591530 6.623e-05
591540 7.74e-06
591550 6.52e-07
591560 3.57e-08
591570 1.25e-09
591580 3.05e-11
591590 4.41e-13
591600 0.0
601400 2.28e-12
601410 1.13e-10
601420 5.93e-09
601430 1.6e-07
601440 2.66e-06
601450 2.985e-05
601460 0.00020319
601470 0.00085213
601480 0.00252901
601490 0.00490819
601500 0.00667577
601510 0.00553344
601520 0.00360959
601530 0.00144878
601540 0.00044528
601550 9.119e-05
601560 1.343e-05
601570 1.3018e-06
601590 3.12e-09
601600 9.58e-11
601610 1.66e-12
601620 1.36e-14
601630 0.0
601640 0.0
611410 0.0
611430 1.85e-11
611440 3.1779e-08
611460 5.72e-07
611470 7.1e-06
611480 0.0003533
611500 0.0009915
611510 0.00210994
611520 0.00313239
611530 0.00309578
611540 0.0021491
611550 0.00108038
611560 0.00037102
611570 8.949e-05
611580 1.472e-05
611590 1.56e-06
611600 1.21e-07
611610 5.81e-09
611620 1.26e-10
611630 1.7795e-12
611650 0.0
621430 0.0
621440 2.52e-14
621450 2.63e-12
621460 1.47e-10
621470 5.16e-09
621480 1.18e-07
621490 1.77e-06
621500 0.00010805
621520 0.00035577
621530 0.00082594
621540 0.0029165
621560 0.00123874
621570 0.00068104
621580 0.00027817
621590 7.1e-05
621600 1.449e-05
621610 1.72e-06
621620 1.04e-07
621630 3.7e-09
621640 1.16e-10
621650 2.84e-12
621660 4.14e-14
621670 0.0
621680 0.0
621700 0.0
631470 2.6e-13
631490 7.67e-10
631510 3.19e-07
631520 3.21999e-06
631530 2.053e-05
631540 8.331e-05
631550 0.00022512
631560 0.00040703
631570 0.00054079
631580 0.00048036
631590 0.00029873
631600 0.00017816
631620 6.02e-06
631630 5.68e-07
631640 4.864e-08
631660 1.13e-10
631670 2.54e-12
631680 3.47e-14
631690 0.0
631700 0.0
641470 0.0
641490 2.68e-14
641510 2.8641e-09
641530 4.69e-08
641540 5.27e-07
641550 3.48e-06
641560 1.629e-05
641570 5.147e-05
641580 0.00011181
641590 0.0001566
641600 0.00016967
641610 0.00011002
641620 3.983e-05
641630 8.56e-06
641640 1.79e-06
641650 2.87e-07
641660 3.014e-08
641680 6.16e-11
641690 2.74e-12
641700 1.07e-13
641720 0.0
651510 0.0
651530 7.62e-12
651550 4.1e-09
651560 4.824e-08
651570 2.627e-06
651590 8.09e-06
651600 2.013e-05
651610 3.159e-05
651620 2.558e-05
651630 1.295e-05
651640 6.06e-06
651650 2.36e-06
651660 5.4e-07
651670 8.18e-08
651680 7.46e-09
651690 9.15e-10
651700 9e-11
651710 4.11e-12
651720 1.59e-13
661550 3.96e-13
661560 1.3e-11
661570 2.97e-10
661580 4.28e-09
661590 4.03e-08
661600 2.67e-07
661610 1.01e-06
661620 2.11e-06
661630 2.43e-06
661640 2.78e-06
661650 2.364e-06
661660 1.27e-06
661670 4.35e-07
661680 9.74e-08
661690 2.85e-08
661700 7.28e-09
661710 8.15e-10
661720 8.75e-11
671590 1.455e-11
671610 2.534e-09
671620 1.353e-08
671630 4.102e-08
671640 1.144e-07
671650 2.43e-07
671660 2.945e-07
671670 2.45e-07
671680 1.19e-07
671690 8.44e-08
671700 4.8e-08
671710 1.33e-08
671720 3.45e-09
681610 5.34e-13
681620 8.12e-12
681630 6.25e-11
681640 4.86e-10
681650 2.55e-09
681660 8.06e-09
681670 1.614e-08
681680 1.94e-08
681690 3.13e-08
681700 4.21e-08
681710 2.54e-08
681720 1.6e-08
691650 1.99e-12
691660 1.59e-11
691670 8.83e-11
691680 2.6e-10
691690 1.11e-09
691700 3.47e-09
691710 5.13e-09
691720 7.3e-09
701660 0.0
701670 4.15e-14
701680 3.36e-13
701690 3.704e-12
701700 3.11e-11
701710 1.11e-10
701720 4.15e-10
711690 0.0
711710 1.872e-13
711720 1.79e-12
721710 0.0
