230660 1.12871e-17
230670 1.15379e-18
240660 1.95989e-13
240670 1.69989e-14
240680 6.12332e-17
240700 0.0
250660 7.74001e-11
250670 2.14e-11
250680 3.61001e-12
250690 5.5694e-13
250700 5.23001e-14
250710 0.0
250720 1.20934e-16
260650 2.82e-09
260670 3.04e-09
260690 4.32001e-10
260700 1.31e-10
260710 2.16e-11
260720 2.09988e-12
260730 1.32e-13
260740 0.0
260750 4.73815e-16
260760 0.0
270660 5.88001e-09
270670 1.13e-08
270680 1.41e-08
270690 1.72e-08
270700 1.35e-08
270710 6.97001e-09
270720 1.83e-09
270730 4.239011e-10
270750 4.639531e-12
270770 1.66282e-14
270780 1.11144e-15
280660 1.64e-09
280670 7.24001e-09
280680 2.4e-08
280690 6.66001e-08
280700 1.43e-07
280710 1.8e-07
280720 1.41e-07
280730 7.50001e-08
280740 3.22001e-08
280750 7.24001e-09
280760 1.8e-09
280770 2.44984e-10
280780 1.92989e-11
280790 6.02437e-13
280800 2.63e-14
280810 0.0
290660 2.48e-11
290670 3.22001e-10
290680 2.2286001e-08
290700 4.183011e-07
290720 5.77001e-07
290730 8.57001e-07
290740 9.10002e-07
290750 5.99001e-07
290760 3.92001e-07
290770 1.69e-07
290780 3.65001e-08
290790 5.47941e-09
290800 4.56001e-10
290810 2.71e-11
290820 9.36002e-13
290830 5.68752e-14
300660 3.32001e-14
300670 1.17e-12
300680 2.92001e-11
300690 5.70001e-10
300700 8.14001e-09
300710 6.49001e-08
300720 3.15001e-07
300730 1.06e-06
300740 3.00001e-06
300750 4.47001e-06
300760 8.27001e-06
300770 8.94002e-06
300780 8.21001e-06
300800 6.22001e-07
300810 1.02e-07
300820 1.15e-08
300830 8.37945e-10
300840 3.04001e-11
300850 1.04767e-12
300860 1.24e-14
310650 0.0
310670 1.37e-14
310690 8.61001e-13
310700 3.30001e-11
310710 8.10001e-10
310720 9.99002e-09
310730 9.65002e-08
310740 6.42002e-07
310750 2.51e-06
310760 1.048e-05
310770 3.03801e-05
310780 4.69001e-05
310790 5.36901e-05
310800 3.62001e-05
310810 1.825e-05
310820 5.54001e-06
310830 1.29e-06
310840 1.3e-07
310850 9.52897e-09
310860 4.9794181e-10
310880 3.8526e-13
320660 0.0
320670 0.0
320680 0.0
320690 0.0
320700 1.11e-14
320710 7.52002e-13
320720 2.96001e-11
320730 1.6263001e-08
320750 1.8972e-06
320770 1.179e-05
320780 4.85001e-05
320790 0.0001255202
320800 0.00022888
320810 0.00027496
320820 0.00024287
320830 0.00014552
320840 4.54401e-05
320850 9.02002e-06
320860 1.5e-06
320870 1.16992e-07
320880 6.68963e-09
320890 9.88305e-11
320900 6.62331e-12
320910 6.24826e-13
330690 0.0
330710 0.0
330720 0.0
330730 2.91e-13
330740 1.616001e-11
330750 4.77001e-10
330760 1.49e-08
330770 3.03001e-07
330780 3.09001e-06
330790 2.232e-05
330800 9.36302e-05
330810 0.000298551
330820 0.000598802
330830 0.0009809521
330840 0.000740992
330850 0.000434301
330860 0.0001874
330870 4.56801e-05
330880 7.14001e-06
330890 8.98903e-07
330900 5.11141e-08
330910 5.68304e-09
330920 2.52233e-11
330930 3.47932e-12
340720 0.0
340730 0.0
340740 0.0
340750 1.08e-13
340760 1.1e-11
340770 6.080011e-10
340780 1.95e-08
340790 3.690011e-07
340800 4.61001e-06
340810 3.582011e-05
340820 0.00019803
340830 0.000740101
340840 0.00149874
340850 0.001986264
340860 0.00236947
340870 0.0014203
340880 0.000663651
340890 0.00022587
340900 4.9549e-05
340910 4.67432e-06
340920 4.37976e-07
340930 5.12609e-08
340940 6.22001e-10
340950 1.37315e-11
340960 1.39e-13
350750 0.0
350770 5.59001e-14
350780 4.99001e-12
350790 3.053001e-10
350800 1.036001e-08
350810 2.52e-07
350820 3.6e-06
350830 3.95201e-05
350840 0.0001901601
350850 0.000694191
350860 0.001880924
350870 0.00276832
350880 0.00322196
350890 0.00316454
350900 0.00177808
350910 0.000522871
350920 0.00013758
350930 2.60288e-05
350940 1.93e-06
350950 1.24893e-07
350960 4.74001e-09
350970 5.14456e-11
350980 1.95221e-12
360770 0.0
360780 0.0
360790 1.700002e-14
360800 1.9e-12
360810 1.276e-10
360820 5.89001e-09
360830 1.481e-07
360840 2.6e-06
360850 2.423001e-05
360860 0.00019007
360870 0.000715841
360880 0.00193705
360890 0.00468689
360900 0.00721072
360910 0.00511249
360920 0.00406495
360930 0.00206319
360940 0.000496201
360950 0.000102725
360960 1.254e-05
360970 7.5795e-07
360980 3.38981e-08
360990 1.18578e-10
361000 9.83002e-12
370790 0.0
370810 0.0
370830 3.07001e-11
370840 1.49e-09
370850 4.46001e-08
370860 6.36002e-07
370870 1.11e-05
370880 7.92001e-05
370890 0.000525631
370900 0.002057641
370910 0.00290452
370920 0.00692625
370930 0.0100913
370940 0.00609513
370950 0.00399653
370960 0.00136683
370970 0.00028075
370980 3.83301e-05
370990 1.07851e-06
371000 1.31e-07
371010 9.42038e-10
371020 4.40544e-11
371030 5.17228e-12
380830 0.0
380840 6.71001e-14
380850 5.63e-12
380860 3.86001e-10
380870 1.259e-08
380880 2.86e-07
380890 5.33001e-06
380900 6.26301e-05
380910 0.000291381
380920 0.0016015
380930 0.00529659
380940 0.00919842
380950 0.015007
380960 0.0152535
380970 0.00828138
380980 0.00376374
380990 0.000887083
381000 0.00013818
381010 1.38791e-05
381020 7.64957e-07
381030 7.62034e-08
381040 5.03001e-10
381050 1.59785e-11
390850 0.0
390870 6.45001e-13
390880 4.10001e-11
390890 2.557001e-09
390900 8.47002e-08
390910 1.070002e-06
390920 1.958e-05
390930 0.00021356
390940 0.000918742
390950 0.00416958
390960 0.01075582
390970 0.01661442
390980 0.01921977
390990 0.0141556
391000 0.00630359
391010 0.00210219
391020 0.000346841
391030 3.86939e-05
391040 2.48e-06
391050 1.4533e-07
391060 5.22318e-10
391070 3.49653e-11
391080 1.05961e-12
400870 0.0
400880 0.0
400890 8.16001e-14
400900 9.17002e-12
400910 3.32001e-10
400920 2.09e-08
400930 6.54001e-07
400940 1.054e-05
400950 0.00012284
400960 0.004743292
400980 0.0129856
400990 0.0238773
401000 0.0320102
401010 0.0272003
401020 0.014429
401030 0.00461552
401040 0.000999192
401050 0.000119535
401060 9.06949e-06
401070 5.15145e-07
401080 1.8399e-08
401090 1.55007e-10
401100 3.83001e-12
410890 0.0
410900 0.0
410910 0.0
410920 8.52001e-13
410930 9.32001e-11
410940 4.41e-09
410950 0.0002806138001
410960 4.10001e-06
410970 5.41501e-05
410980 0.000521071
410990 0.00299177
411000 0.01057232
411010 0.0256375
411020 0.066628
411040 0.0185491
411050 0.00714496
411060 0.001800705
411080 2.92801e-05
411090 1.40985e-06
411100 6.44001e-08
411110 3.37993e-10
411120 6.91049e-12
420890 0.0
420910 0.0
420920 0.0
420930 1.44e-13
420950 1.78e-11
420960 1.46e-09
420970 5.81001e-08
420980 1.99e-06
420990 3.38201e-05
421000 0.000410681
421010 0.00264695
421020 0.0106858
421030 0.024447
421040 0.0416915
421050 0.0396958
421060 0.0257847
421070 0.0114869
421080 0.00399024
421090 0.000537421
421100 8.54601e-05
421110 4.97967e-06
421120 1.20549265e-07
421140 0.0
421150 0.0
421160 0.0
421170 0.0
421180 0.0
430930 0.0
430950 0.0
430970 2.8e-12
430980 3.03001e-10
430990 7.3577101e-07
431010 1.569e-05
431020 0.0001896604
431030 0.00750725
431050 0.0164921
431060 0.0264489
431070 0.0329815
431080 0.0274329
431090 0.0110973
431100 0.00483701
431110 0.000995942
431120 7.67801e-05
431130 5.05945e-06
431140 5.13001e-13
431150 3.54648e-15
431160 0.0
431170 5.02157e-18
431180 1.16058020205e-12
431200 3.94474e-15
440950 0.0
440960 0.0
440970 0.0
440980 0.0
440990 6.92001e-13
441000 1.01e-10
441010 6.70001e-09
441020 2.93001e-07
441030 6.15001e-06
441040 9.47302e-05
441050 0.004361251
441070 0.0108316
441080 0.0246316
441090 0.053436
441110 0.0166224
441120 0.0043951
441130 0.000886132
441140 1.84e-06
441150 9.04002e-08
441160 2.75e-09
441170 1.28e-10
441180 6.07001e-12
441190 1.70989e-08
441200 6.84962e-11
441210 1.55007e-13
441220 0.0
441240 0.0
450990 0.0
451010 1.26e-13
451020 1.752004e-11
451030 1.356e-09
451040 6.28001e-08
451050 1.597e-06
451060 2.358e-05
451070 0.00023102
451080 0.001335062
451090 0.01127175
451100 0.01192384
451110 0.0198304
451120 0.0150666
451130 0.00892285
451140 0.00219513
451150 0.0005674411
451170 1.2e-05
451180 1.82e-06
451190 5.96001e-06
451210 1.40985e-09
451220 1.24e-11
451230 2.91e-14
451240 0.0
460990 0.0
461010 0.0
461020 1.95e-14
461040 3.27001e-12
461050 2.54e-10
461060 4.024e-07
461080 7.14001e-06
461090 7.06301e-05
461100 0.000571331
461110 0.002629082
461120 0.00943938
461130 0.00978665
461140 0.00858028
461150 0.00476602
461160 0.00181399
461170 0.00100396
461180 0.000470801
461190 0.0001591
461200 2.088e-05
461210 1.2203001e-06
461230 7.28001e-10
461240 0.0
461250 0.0
461270 0.0
461280 0.0
461290 0.0
461300 2.8e-14
471030 0.0
471050 0.0
471060 2.858001e-13
471070 2.909001e-11
471080 1.540002e-09
471090 5.22e-08
471100 1.250003e-06
471110 2.063e-05
471120 0.001871781
471140 0.00016063
471150 0.00032164
471160 0.00029254
471170 0.00041478
471180 0.00037158
471190 0.000297331
471200 0.0001668202
471210 4.88601e-05
471220 1.175002e-05
471230 8.18001e-07
471240 1.37e-11
471250 1.77e-12
471260 2.35e-13
471270 2.79e-14
471280 0.0
471290 2.64809e-16
471300 1.21e-09
471310 2.3214941e-11
481050 0.0
481060 0.0
481070 0.0
481080 2.54e-14
481090 2.58e-12
481100 2.22e-10
481110 1.177002e-08
481120 5.04001e-07
481130 5.42001e-06
481140 3.58001e-09
481150 3.027001e-08
481160 1.23e-07
481170 5.91001e-07
481180 6.47602e-05
481200 0.00017252
481210 0.0001980004
481220 0.0002921301
481240 3.42001e-06
481250 1.22e-06
481260 5.25001e-07
481270 2.04e-07
481280 4.40001e-08
481290 6.75001e-09
481300 4.03001e-06
481310 3.29978e-07
481320 1.41992e-08
481330 1.36318e-10
481340 1.67e-12
481360 0.0
491070 0.0
491090 0.0
491110 2.98001e-13
491120 4.273011e-11
491130 1.790001e-09
491140 0.0
491150 0.0
491160 0.0
491170 3.483001e-13
491180 3.333002e-12
491190 8.30001e-07
491200 1.098003e-05
491210 6.14101e-05
491220 0.0002582403
491230 0.0003513401
491240 0.00038679
491250 0.00038258
491260 0.00040641
491270 0.00054492
491280 0.00060899
491300 0.00054711
491310 0.0001575202
491320 2.324987e-05
491340 3.65001e-08
491350 2.71481e-10
491360 5.78001e-12
501110 0.0
501120 0.0
501130 3.89e-14
501140 0.0
501150 0.0
501170 0.0
501180 0.0
501190 7.0217101e-08
501210 1.875001e-06
501220 3.90001e-05
501230 0.0002043101
501240 0.000319281
501250 0.000548141
501260 0.00119572
501270 0.004202232
501280 0.00553648
501290 0.01003013
501300 0.00747952
501310 0.00588862
501320 0.00291793
501330 0.000547211
501340 6.666984e-05
501360 1.2e-07
501370 2e-09
501380 7.121335e-11
511130 0.0
511150 0.0
511170 0.0
511180 0.0
511190 3.61001e-14
511200 1.778001e-11
511210 3.0100001e-07
511230 8.21001e-06
511240 6.46002e-07
511250 1.857004e-05
511270 0.00011767
511280 0.000619241
511290 0.00242078
511300 0.00977843
511310 0.0146445
511320 0.01956706
511330 0.0128717
511340 0.00452844
511350 0.00105765
511360 9.65202e-05
511370 5.48001e-06
511380 5.53001e-07
511390 2.64971e-08
511400 1.9119e-10
511410 1.64227e-11
521150 0.0
521170 0.0
521180 0.0
521190 0.0
521200 0.0
521210 3.27e-13
521220 1.95e-10
521230 2.662001e-08
521240 1.02e-12
521250 1.362001e-11
521260 2.17e-10
521270 5.20001e-09
521280 9.84002e-08
521290 1.410001e-06
521300 0.000693301
521310 0.02554671
521330 0.03082091
521340 0.0347438
521350 0.02967098
521370 0.00107128
521380 0.000359741
521390 4.85501e-05
521400 3.31981e-06
521410 2.41956e-07
521420 4.36001e-09
521430 4.66003e-11
521440 5.90222e-12
531210 0.0
531220 4.01001e-12
531250 0.0
531260 0.0
531270 0.0
531280 0.0
531290 3.24001e-13
531300 3.7e-06
531310 8.12101e-05
531320 0.0021743
531330 0.0103196
531340 0.030381
531350 0.0343332
531360 0.0273277
531370 0.0223632
531390 0.00435819
531400 0.000833801
531410 0.000132978
531430 4.23848e-07
531440 4.55492e-08
531450 1.82571e-10
531460 7.88948e-12
531470 3.20838e-12
541240 0.0
541250 0.0
541260 0.0
541270 0.0
541280 0.0
541300 1.67e-09
541310 1.126002e-07
541320 0.00011135021
541340 0.001109912
541350 0.00980818
541360 0.0140526
541370 0.0420635
541380 0.0349017
541390 0.0349942
541400 0.0200098
541410 0.00763659
541420 0.00197264
541430 0.000348616
541440 4.41545e-05
541450 2.68982e-06
541460 1.36992e-07
541470 4.73623002e-08
541490 3.86511e-12
541500 0.0
551270 0.0
551290 0.0
551310 7.08001e-12
551320 1.02e-09
551330 9.08002e-08
551340 6.35502e-05
551360 0.001258262
551370 0.00743312
551380 0.03430329
551400 0.0286491
551410 0.0300114
551420 0.0187947
551430 0.0098681
551440 0.00328215
551450 0.000617731
551460 8.76002e-05
551470 2.40019e-05
551480 5.47001e-07
551490 3.51547e-08
551500 5.14001e-10
551510 6.13417e-12
551520 1.42241e-13
561290 0.0
561310 0.0
561320 1.63e-14
561330 5.20001e-12
561340 7.22001e-10
561350 4.59e-08
561360 1.120002e-06
561370 2.397001e-05
561380 0.00020879
561390 0.00108855
561400 0.00536816
561410 0.0134382
561420 0.0236848
561430 0.0278762
561440 0.0375868
561460 0.00501429
561470 0.00124959
561480 0.0002899049
561500 2.35e-06
561510 9.03749e-08
561520 2.46986e-09
561530 3.30901e-11
561540 3.25001e-13
571330 0.0
571350 1.56e-12
571370 8.88002e-09
571380 2.25e-07
571390 3.82001e-06
571400 0.000335071
571410 0.000404881
571420 0.00269091
571430 0.00602342
571440 0.0131002
571450 0.0157047
571460 0.0157243
571470 0.0113068
571480 0.00566599
571490 0.00192604
571500 0.0004800107
571520 4.56001e-06
571530 3.00967e-07
571540 6.7488996e-09
571560 8.63811e-13
581350 0.0
581370 1.9517e-11
581390 9.42001e-10
581400 4.55001e-08
581410 1.5322002e-05
581430 0.00012364
581440 0.000713131
581450 0.0023701
581460 0.0065765
581470 0.0110145
581480 0.0146951
581490 0.0118024
581500 0.00785224
581510 0.00218266
581520 0.000712671
581530 0.00013615
581540 1.087e-05
581550 5.72962e-07
581560 1.49992e-08
581570 4.55001e-10
581580 6.36001e-12
581590 1.52808e-13
581600 0.0
591390 1.02e-14
591400 1.47e-12
591410 1.05e-10
591420 4.5e-09
591430 1.29e-07
591440 2.067e-06
591450 2.041e-05
591460 0.00015192
591470 0.003252891
591490 0.00550192
591500 0.00864393
591510 0.01234183
591530 0.00328825
591540 0.000744051
591550 0.00013551
591560 1.073e-05
591570 1.11e-06
591580 4.58001e-08
591590 1.38985e-09
591600 2.83e-11
591610 3.85503e-13
591620 8.46535e-15
601400 0.0
601410 0.0
601420 1.09e-13
601430 9.06002e-12
601440 4.91001e-10
601450 1.34e-08
601460 3.28001e-07
601470 4.68001e-06
601480 4.54901e-05
601490 0.00026233
601500 0.00124195
601510 0.00235291
601520 0.00560822
601530 0.00801044
601540 0.00545145
601550 0.00263833
601560 0.000683561
601570 0.00022111
601590 2.27e-06
601600 1.54e-07
601610 5.67962e-09
601620 1.46992e-10
601630 2.37e-12
601640 2.02e-14
611410 0.0
611430 0.0
611440 3.94001e-13
611460 2.78e-11
611470 1.22e-09
611480 7.17801e-07
611500 8.99002e-06
611510 5.68301e-05
611520 0.00034788
611530 0.00149282
611540 0.0025706
611550 0.00362556
611560 0.00240401
611570 0.00195835
611580 0.000694631
611590 0.00018302
611600 3.36401e-05
611610 3.92001e-06
611620 2.79e-07
611630 1.5040001e-08
611650 4.71001e-12
611660 3.05213e-14
611670 7.26211e-16
621430 0.0
621440 0.0
621450 0.0
621460 0.0
621470 2.3e-14
621480 2.22e-12
621490 1.22e-10
621500 1.0756001e-07
621520 2.14e-06
621530 2.414e-05
621540 0.000705821
621560 0.00120165
621570 0.00215201
621580 0.00212879
621590 0.00133239
621600 0.000709901
621610 0.00020728
621620 4.47901e-05
621630 6.28001e-06
621640 4.51001e-07
621650 1.77e-08
621660 5.2997e-10
621670 1.06993e-11
621680 1.8e-13
621690 2.1547e-15
621700 0.0
631470 0.0
631490 0.0
631510 8.32001e-12
631520 5.32002e-10
631530 2.12e-08
631540 3.94e-07
631550 5.16001e-06
631560 2.881e-05
631570 0.00017279
631580 0.000424411
631590 0.000730911
631600 0.001604583
631620 0.000357831
631630 0.00014388
631640 2.869001e-05
631660 2.47e-07
631670 1.6e-08
631680 7.46001e-10
631690 1.95979e-11
631700 3.41001e-13
631710 2.83019e-15
631720 5.55143e-17
641470 0.0
641490 0.0
641510 1.02e-14
641530 1.25e-12
641540 8.58001e-11
641550 3.50001e-09
641560 7.91001e-08
641570 1.19e-06
641580 9.43002e-06
641590 4.19101e-05
641600 0.00015015
641610 0.00027333
641620 0.000370051
641630 0.000336351
641640 0.00015745
641650 4.77501e-05
641660 1.232e-05
641680 2.54e-07
641690 1.81e-08
641700 1.0516972e-09
641720 9.63946e-13
651510 0.0
651530 0.0
651550 1.06e-13
651560 7.534011e-12
651570 9.460013e-09
651590 1.32e-07
651600 1.28e-06
651610 7.03001e-06
651620 2.354e-05
651630 5.98101e-05
651640 6.29001e-05
651650 5.18401e-05
651660 2.543e-05
651670 1.156e-05
651680 4.04001e-06
651690 8.47001e-07
651700 1.23e-07
651710 1.59e-08
651720 9.99002e-10
661550 0.0
661560 0.0
661570 0.0
661580 6.91001e-13
661590 2.89e-11
661600 9.41002e-10
661610 1.41e-08
661620 1.49e-07
661630 9.89002e-07
661640 3.01001e-06
661650 6.218011e-06
661660 8.21001e-06
661670 8.52001e-06
661680 7.88001e-06
661690 3.78001e-06
661700 1.52e-06
661710 4.82001e-07
661720 9.04002e-08
671590 0.0
671610 1.299e-12
671620 3.81e-11
671630 8.20001e-10
671640 6.60001e-09
671650 4.37001e-08
671660 1.456001e-07
671670 4.43001e-07
671680 9.87002e-07
671690 1.29e-06
671700 1.178002e-06
671710 9.90002e-07
671720 4.29001e-07
681610 0.0
681620 0.0
681630 4.56001e-14
681640 1.17e-12
681650 2.22e-11
681660 2.31e-10
681670 1.897e-09
681680 1.31e-08
681690 4.39001e-08
681700 1.16e-07
681710 2.31e-07
681720 2.7e-07
691650 0.0
691660 1.42e-14
691670 3.84001e-13
691680 7.32001e-12
691690 7.84001e-11
691700 5.55001e-10
691710 3.40001e-09
691720 1e-08
701660 0.0
701670 0.0
701680 0.0
701690 0.0
701700 2.22e-13
701710 3.75001e-12
701720 3.52001e-11
711690 0.0
711710 0.0
711720 0.0
721710 0.0
