230660 1.36878e-16
230670 1.91173e-17
230680 1.18113e-18
240660 2.47986e-12
240670 2.86981e-13
240680 2.2023578e-14
240700 5.17193e-18
250660 5.36e-10
250670 1.77e-10
250680 3.95e-11
250690 6.32938e-12
250700 7.3e-13
250710 5.23948e-14
250720 1.28047e-15
250730 1.37218e-16
260650 8.42e-09
260670 1.196e-08
260690 2.08e-09
260700 6.88e-10
260710 1.48e-10
260720 2.31987e-11
260730 2.05986e-12
260740 1.31e-13
260750 5.60622e-15
260760 0.0
270660 1.05e-08
270670 2.22e-08
270680 3.55e-08
270690 4.11e-08
270700 3.64e-08
270710 2.23e-08
270720 9.9e-09
270730 3.094e-09
270750 6.13444e-11
270770 8.85922e-14
270780 7.61661e-15
270790 2.60492e-15
280660 1.28e-09
280670 6.72e-09
280680 2.66e-08
280690 7.41e-08
280700 1.6e-07
280710 2.51e-07
280720 2.91e-07
280730 2.13e-07
280740 1.1e-07
280750 3.8e-08
280760 8.83e-09
280770 1.32991e-09
280780 1.37992e-10
280790 3.9104e-11
280800 3.6e-13
280810 2.31947e-14
290660 1.02e-11
290670 1.47e-10
290680 1.2773e-08
290700 2.905e-07
290720 6.44e-07
290730 1.19e-06
290740 1.56e-06
290750 1.46e-06
290760 9.25e-07
290770 4.03e-07
290780 1.2e-07
290790 2.16609e-08
290800 2.77e-09
290810 2.34977e-10
290820 1.17e-11
290830 3.2506e-13
290840 1.25288e-14
300660 0.0
300670 2.14e-13
300680 6.76e-12
300690 1.345e-10
300700 1.93e-09
300710 2.013e-08
300720 1.42e-07
300730 6.54e-07
300740 2.06e-06
300750 4.77e-06
300760 7.52e-06
300770 8.65e-06
300780 1.042e-05
300800 1.28e-06
300810 3.13e-07
300820 4.69e-08
300830 4.87968e-09
300840 2.26987e-10
300850 8.01452e-12
300860 3.19e-13
300870 9.87326e-14
310650 0.0
310670 0.0
310690 8.81e-14
310700 3.67e-12
310710 1.12e-10
310720 2.18e-09
310730 2.77e-08
310740 2.26e-07
310750 1.33e-06
310760 5.08e-06
310770 1.438e-05
310780 2.785e-05
310790 3.679e-05
310800 3.469e-05
310810 2.297e-05
310820 9.85e-06
310830 2.92e-06
310840 4.07e-07
310850 8.1192e-08
310860 6.13022e-09
310880 3.8911e-12
310890 7.19053e-13
320660 0.0
320670 0.0
320680 0.0
320690 0.0
320700 0.0
320710 3.84e-14
320720 2.19e-12
320730 1.9722e-09
320750 3.4938e-07
320770 2.356e-06
320780 1.125e-05
320790 3.665e-05
320800 8.315e-05
320810 0.00013509
320820 0.00015084
320830 0.00011816
320840 4.622e-05
320850 2.592e-05
320860 4.83e-06
320870 8.21e-07
320880 7.04961e-08
320890 1.07941e-08
320900 2.2497e-11
320910 4.32646e-12
320920 5.44224e-13
330690 0.0
330710 0.0
330720 0.0
330730 1.26e-14
330740 8.5e-13
330750 4.23e-11
330760 1.23e-09
330770 2.61e-08
330780 3.38e-07
330790 2.96e-06
330800 1.691e-05
330810 6.707e-05
330820 0.00018422
330830 0.00034874
330840 0.00034671
330850 0.0005001
330860 0.0002559
330870 0.00012019
330880 3.088e-05
330890 5.97921e-06
330900 1.8884e-07
330910 4.38296e-08
330920 4.56822e-09
330930 1.68107e-11
330940 9.71394e-13
340720 0.0
340730 0.0
340740 0.0
340750 0.0
340760 2.88e-13
340770 1.851e-11
340780 6.94e-10
340790 1.771e-08
340800 2.81e-07
340810 2.999e-06
340820 2.182e-05
340830 0.00010293
340840 0.00025392
340850 0.00087936
340860 0.00110908
340870 0.00132121
340880 0.0009321
340890 0.00050271
340900 0.000187071
340910 3.59762e-05
340920 4.52543e-06
340930 2.52356e-07
340940 1.7599e-08
340950 5.92252e-11
340960 7.13e-12
340970 1.11825e-12
350750 0.0
350770 0.0
350780 7.24e-14
350790 5.64e-12
350800 2.601e-10
350810 7.98e-09
350820 1.686e-07
350830 2.18e-06
350840 1.467e-05
350850 0.00012979
350860 0.00041796
350870 0.00118553
350880 0.00210497
350890 0.00286351
350900 0.00278561
350910 0.00153694
350920 0.00057678
350930 0.000139788
350940 2.23e-05
350950 5.99987e-07
350960 9.89e-08
350970 1.13285e-08
350980 3.59857e-11
350990 8.10227e-12
360770 0.0
360780 0.0
360790 0.0
360800 1.41e-14
360810 1.287e-12
360820 8.22e-11
360830 3.098e-09
360840 6.12e-08
360850 1.518e-06
360860 1.36e-05
360870 0.00010112
360880 0.00047689
360890 0.0015879
360900 0.00380803
360910 0.00548177
360920 0.00557672
360930 0.00380368
360940 0.00182123
360950 0.00049248
360960 8.072e-05
360970 9.29867e-06
360980 6.51964e-07
360990 1.21628e-07
361000 8.28e-10
361010 1.95171e-11
361020 2.3535e-12
370790 0.0
370810 0.0
370830 2.2e-13
370840 1.33e-11
370850 9.64e-10
370860 2.58e-08
370870 5.45e-07
370880 7.52e-06
370890 7.025e-05
370900 0.00044477
370910 0.00170222
370920 0.00444908
370930 0.0078137
370940 0.0101269
370950 0.0077309
370960 0.00373358
370970 0.00128638
370980 0.00027769
370990 6.73735e-05
371000 3.55e-06
371010 1.9772e-07
371020 1.97553e-08
371030 6.82524e-11
371040 3.22878e-12
380830 0.0
380840 0.0
380850 3.56e-14
380860 2.92e-12
380870 1.816e-10
380880 7.77e-09
380890 2.15e-07
380900 3.94e-06
380910 4.482e-05
380920 0.00033434
380930 0.0016034
380940 0.00553237
380950 0.0111439
380960 0.0143976
380970 0.0134306
380980 0.00816309
380990 0.00343183
381000 0.00093031
381010 0.000162292
381020 1.95702e-05
381030 1.02458e-06
381040 5.84968e-08
381050 2.05324e-10
381060 3.58347e-11
381070 1.34292e-11
390850 0.0
390870 0.0
390880 4e-13
390890 3.382e-11
390900 1.88e-09
390910 6.76e-08
390920 1.57e-06
390930 2.268e-05
390940 0.0002362
390950 0.00135218
390960 0.00478776
390970 0.01151336
390980 0.01805866
390990 0.0204641
391000 0.0149681
391010 0.0075164
391020 0.00263377
391030 0.000567545
391040 7.621e-05
391050 2.08006e-06
391060 3.00797e-07
391070 1.36046e-07
391080 1.2584e-10
391090 1.22155e-11
400870 0.0
400880 0.0
400890 0.0
400900 5.15e-14
400910 6.05e-12
400920 4.52e-10
400930 2.09e-08
400940 7.02e-07
400950 1.272e-05
400960 0.00106884
400980 0.00397474
400990 0.0118086
401000 0.0222925
401010 0.0291647
401020 0.0268356
401030 0.0162785
401040 0.00639545
401050 0.00170735
401060 0.000297979
401070 0.000111669
401080 2.27987e-06
401090 1.83374e-07
401100 2e-09
401110 1.98991e-11
401120 1.22781e-12
410890 0.0
410900 0.0
410910 0.0
410920 0.0
410930 9.56e-13
410940 1.073e-10
410950 6.33e-09
410960 2.24e-07
410970 4.753e-06
410980 6.108e-05
410990 0.00052693
411000 0.00276352
411010 0.00963939
411020 0.0576126
411040 0.0364816
411050 0.0261188
411060 0.01622993
411080 0.00079737
411090 0.000101577
411100 6.99e-06
411110 2.0159e-07
411120 1.03062e-08
411130 1.95837e-11
411140 2.67133e-13
420890 0.0
420910 0.0
420920 0.0
420930 0.0
420950 1.84e-13
420960 2.19e-11
420970 1.5e-09
420980 6.13e-08
420990 1.66e-06
421000 2.658e-05
421010 0.00027454
421020 0.00177206
421030 0.00755971
421040 0.020537
421050 0.0370749
421060 0.043637
421070 0.0354859
421080 0.0194967
421090 0.00705514
421100 0.00150374
421110 0.000165468
421120 1.0503683e-05
421140 4.83973e-09
421150 0.0
421160 0.0
421170 0.0
421180 0.0
430930 0.0
430950 0.0
430970 2.29e-14
430980 3.07e-12
430990 1.4069e-08
431010 4.51e-07
431020 8.78e-06
431030 0.00100668
431050 0.0043742
431060 0.0130966
431070 0.0263744
431080 0.0364982
431090 0.0338728
431100 0.020202
431110 0.00706936
431120 0.00145297
431130 0.000162846
431140 9.18e-06
431150 9.72112e-14
431160 0.0
431170 1.91551e-16
431180 5.70967e-18
431200 0.0
431210 2.92903e-13
440950 0.0
440960 0.0
440970 0.0
440980 0.0
440990 0.0
441000 4.15e-13
441010 4.41e-11
441020 2.69e-09
441030 1.1e-07
441040 2.73e-06
441050 0.00037501
441070 0.0018311
441080 0.00676983
441090 0.04165608
441110 0.0255055
441120 0.0155727
441130 0.00562185
441140 0.00110155
441150 2.37e-06
441160 1.23e-07
441170 4.67e-09
441180 1.68e-10
441190 6.42e-12
441200 2.49e-13
441210 4.39695e-09
441220 8.62e-12
441230 2.80311e-14
441240 0.0
450990 0.0
451010 0.0
451020 4e-14
451030 5.345e-12
451040 4.31e-10
451050 1.954e-08
451060 4.92e-07
451070 7.89e-06
451080 8.588e-05
451090 0.00058434
451100 0.00265084
451110 0.00784189
451120 0.0136586
451130 0.0143615
451140 0.00868686
451150 0.00339543
451170 0.00012974
451180 2.017e-05
451190 3.283e-06
451210 2.4356e-06
451220 4.03e-08
451230 2.83972e-10
451240 1.12e-12
460990 0.0
461010 0.0
461020 0.0
461040 0.0
461050 5.52e-13
461060 2.1327e-09
461080 7.05e-08
461090 1.465e-06
461100 2.101e-05
461110 0.00020615
461120 0.00113471
461130 0.00366365
461140 0.00667075
461150 0.00809535
461160 0.00623307
461170 0.00370884
461180 0.00185121
461190 0.00081636
461200 0.00033844
461210 0.00013389
461230 4.77e-07
461240 1.05e-08
461250 0.0
461270 0.0
461280 0.0
461290 0.0
461300 0.0
461310 5.04473e-13
471030 0.0
471050 0.0
471060 0.0
471070 2.32e-14
471080 2.87e-12
471090 1.88e-10
471100 8.92e-09
471110 3.114e-07
471120 7.209e-05
471140 0.00040605
471150 0.0001486
471160 0.00041448
471170 0.00073742
471180 0.00090678
471190 0.00086395
471200 0.00074235
471210 0.0004384
471220 0.00019988
471230 4.356e-05
471240 4.99e-06
471250 1.76e-10
471260 2.85e-11
471270 3.08e-12
471280 1.59e-13
471290 3.37983e-15
471300 0.0
471310 5.1250253e-09
471330 1.9975e-12
481050 0.0
481060 0.0
481070 0.0
481080 0.0
481090 0.0
481100 2.17e-13
481110 2.78e-11
481120 1.93e-09
481130 7.89e-08
481140 1.79e-06
481150 2.351e-09
481160 3.51e-08
481170 2.986e-07
481180 5.86e-06
481200 1.08e-05
481210 0.00015697
481220 0.00063208
481240 0.00016309
481250 1.231e-05
481260 6.37e-06
481270 2.4e-06
481280 5.52e-07
481290 8.24e-08
481300 7.61e-09
481310 4.19489e-06
481320 2.60986e-07
481330 2.99857e-08
481340 1.5e-10
481350 6.55575e-12
481360 0.0
491070 0.0
491090 0.0
491110 0.0
491120 2.46e-14
491130 4.705e-12
491140 4.12e-10
491150 0.0
491160 0.0
491170 4.08e-14
491180 1.089e-12
491190 1.271e-11
491200 1.071999e-10
491210 4.124e-06
491220 4.26999e-05
491230 0.00018762
491240 0.00039711
491250 0.0006303
491260 0.0008501
491270 0.00094634
491280 0.00138188
491300 0.00024633
491310 0.00063136
491320 0.00015214
491340 1.03e-06
491350 6.64137e-08
491360 7.9e-10
491370 1.41215e-11
491380 3.90214e-13
501110 0.0
501120 0.0
501130 0.0
501140 0.0
501150 0.0
501170 0.0
501180 0.0
501190 0.0
501210 7.35e-09
501220 4.46e-07
501230 1.032e-05
501240 9.648e-05
501250 0.00023061
501260 0.00062066
501270 0.00142272
501280 0.00303476
501290 0.00540323
501300 0.00791906
501310 0.00711652
501320 0.00479606
501330 0.00194246
501340 0.0004771836
501360 4.01e-06
501370 2.11986e-07
501380 7.191999e-09
501400 9.55696e-12
511130 0.0
511150 0.0
511170 0.0
511180 0.0
511190 0.0
511200 0.0
511210 2.53662e-10
511230 3.45e-08
511240 1.65e-06
511250 1.675e-06
511270 1.003e-05
511280 7.122e-05
511290 0.00040107
511300 0.00173786
511310 0.00654586
511320 0.01254979
511330 0.0149225
511340 0.01032216
511350 0.00434587
511360 0.00105381
511370 0.00017894
511380 1.846e-05
511390 1.23988e-06
511400 8.02211e-08
511410 1.8969e-10
511420 1.90415e-11
511430 7.12823e-12
521150 0.0
521170 0.0
521180 0.0
521190 0.0
521200 0.0
521210 0.0
521220 0.0
521230 7.01e-12
521240 1.86e-09
521250 8.74e-14
521260 2.11e-12
521270 4.97e-11
521280 1.53e-09
521290 3.96e-08
521300 8.14e-07
521310 0.0038527
521330 0.01120171
521340 0.0223221
521350 0.0472819
521370 0.00998786
521380 0.00300528
521390 0.00060688
521400 7.94698e-05
521410 2.84755e-06
521420 3.44981e-07
521430 1.07006e-07
521440 6.25617e-11
521450 6.34675e-12
531210 0.0
531220 0.0
531250 0.0
531260 0.0
531270 0.0
531280 0.0
531290 0.0
531300 1.613e-13
531310 3.17e-06
531320 6.085e-05
531330 0.00066457
531340 0.00414444
531350 0.0146588
531360 0.0291702
531370 0.0706449
531390 0.0173624
531400 0.00633372
531410 0.00181589
531430 5.9274e-05
531440 5.25143e-07
531450 6.42965e-08
531460 2.0311e-10
531470 1.28745e-11
531480 1.92623e-13
541240 0.0
541250 0.0
541260 0.0
541270 0.0
541280 0.0
541300 0.0
541310 1.09e-09
541320 2.9207e-06
541340 6.183e-05
541350 0.00070893
541360 0.00424143
541370 0.0153447
541380 0.0308771
541390 0.043489
541400 0.0400254
541410 0.0261447
541420 0.0110276
541430 0.00301926
541440 0.000520225
541450 5.27757e-05
541460 3.6798e-06
541470 1.9675581e-07
541490 2.56332e-11
541500 5.24e-13
551270 0.0
551290 0.0
551310 1.82e-14
551320 4.59e-12
551330 6.37e-10
551340 2.1111e-06
551360 4.09e-05
551370 0.00045453
551380 0.01183452
551400 0.0213881
551410 0.0342834
551420 0.0367043
551430 0.0275239
551440 0.013405
551450 0.0040931
551460 0.00086471
551470 0.000107056
551480 8.59e-06
551490 2.5968e-07
551500 1.39e-08
551510 4.07928e-11
551520 2.91418e-12
551530 4.14146e-13
561290 0.0
561310 0.0
561320 0.0
561330 0.0
561340 2.46e-12
561350 3.61e-10
561360 2.51e-08
561370 9.06e-07
561380 1.509e-05
561390 0.00016367
561400 0.00103319
561410 0.00438031
561420 0.012217
561430 0.0237357
561440 0.0557681
561460 0.014687
561470 0.00545315
561480 0.00153519
561500 2.138e-05
561510 6.12365e-07
561520 5.27971e-08
561530 6.21699e-09
561540 2.24e-11
561550 1.02216e-12
571330 0.0
571350 0.0
571370 9.18e-11
571380 4.79e-09
571390 1.61e-07
571400 3e-06
571410 3.68e-05
571420 0.00029685
571430 0.00164717
571440 0.00591485
571450 0.0131696
571460 0.01971926
571470 0.0199161
571480 0.0130796
571490 0.00594533
571500 0.002137438
571520 4.211e-05
571530 3.44378e-06
571540 1.883551e-07
571560 3.01905e-11
571570 1.57201e-12
571580 3.68688e-14
581350 0.0
581370 8.68e-14
581390 9.23e-12
581400 5.27e-10
581410 5.046e-07
581430 8.36e-06
581440 9.34e-05
581450 0.00061965
581460 0.00258268
581470 0.00713091
581480 0.0124191
581490 0.014595
581500 0.011971
581510 0.00623768
581520 0.0022271
581530 0.00054544
581540 8.426e-05
581550 8.49964e-06
581560 5.4697e-07
581570 2.35984e-08
581580 6.67963e-10
581590 7.33349e-12
581600 1.32e-13
591390 0.0
591400 0.0
591410 5.09e-13
591420 4e-11
591430 2.23e-09
591440 8.033e-08
591450 1.75e-06
591460 2.231e-05
591470 0.00114055
591490 0.00304218
591500 0.00669415
591510 0.01736625
591530 0.00553491
591540 0.0023476
591550 0.00067767
591560 0.0001285
591570 1.635e-05
591580 1.38e-06
591590 7.42927e-08
591600 2.54e-09
591610 1.33888e-11
591620 4.86801e-13
591630 1.77184e-14
601400 0.0
601410 0.0
601420 0.0
601430 3.38e-14
601440 4.1e-12
601450 2.98e-10
601460 1.22e-08
601470 3.34e-07
601480 5.41e-06
601490 5.198e-05
601500 0.00034057
601510 0.00126943
601520 0.00314619
601530 0.0053848
601540 0.00576296
601550 0.00429314
601560 0.00218262
601570 0.00093601
601590 2.811e-05
601600 2.85e-06
601610 2.00987e-07
601620 8.81951e-09
601630 2.65982e-10
601640 4.7e-12
601650 7.82699e-14
601660 5.33411e-15
611410 0.0
611430 0.0
611440 0.0
611460 3.28e-13
611470 3.01e-11
611480 5.1216e-08
611500 1.05e-06
611510 1.191e-05
611520 8.724e-05
611530 0.00042363
611540 0.00120112
611550 0.00228877
611560 0.00293046
611570 0.00251702
611580 0.00153275
611590 0.00063445
611600 0.00017724
611610 3.479e-05
611620 4.45e-06
611630 4.088e-07
611650 7.92922e-10
611660 4.47746e-11
611670 1.3320257e-13
621430 0.0
621440 0.0
621450 0.0
621460 0.0
621470 0.0
621480 2.77e-14
621490 2.77e-12
621500 7.305e-09
621520 1.65e-07
621530 2.47e-06
621540 0.00013107
621560 0.00038381
621570 0.00083835
621580 0.00126364
621590 0.00128672
621600 0.0008995
621610 0.00044548
621620 0.00015347
621630 3.636e-05
621640 5.59e-06
621650 6.12e-07
621660 4.43552e-08
621670 1.94987e-09
621680 5.99967e-11
621690 3.24726e-13
621700 1.43e-14
621710 5.63328e-16
631470 0.0
631490 0.0
631510 2.09e-13
631520 1.572e-11
631530 7.62e-10
631540 1.96e-08
631550 3.21e-07
631560 3.32e-06
631570 2.034e-05
631580 8.31e-05
631590 0.00022031
631600 0.00084809
631620 0.00039205
631630 0.00022907
631640 0.00011912
631660 5.35e-06
631670 6.8e-07
631680 6.02e-08
631690 3.28968e-09
631700 1.28e-10
631710 5.70686e-12
631720 1.23632e-14
641470 0.0
641490 0.0
641510 0.0
641530 1.34e-14
641540 1.09e-12
641550 5.62e-11
641560 1.81e-09
641570 3.33e-08
641580 3.99e-07
641590 3.03e-06
641600 1.476e-05
641610 4.577e-05
641620 0.00010001
641630 0.0001421
641640 0.00014078
641650 9.911e-05
641660 6.589e-05
641680 3.96e-06
641690 6.15e-07
641700 7.258429e-08
641720 2.23988e-10
651510 0.0
651530 0.0
651550 0.0
651560 4.39e-14
651570 1.0294e-10
651590 2.29e-09
651600 3.32e-08
651610 2.91e-07
651620 1.806e-06
651630 6.85e-06
651640 1.789e-05
651650 3.122e-05
651660 3.748e-05
651670 3.115e-05
651680 1.809e-05
651690 7.27e-06
651700 2.1e-06
651710 4.05e-07
651720 5.41e-08
661550 0.0
661560 0.0
661570 0.0
661580 0.0
661590 1.01e-13
661600 4.48e-12
661610 1.16e-10
661620 2.15e-09
661630 2.34e-08
661640 1.77e-07
661650 8.43e-07
661660 2.67e-06
661670 5.78e-06
661680 8.23e-06
661690 8.15e-06
661700 5.68e-06
661710 2.76e-06
661720 9.43e-07
671590 0.0
671610 0.0
671620 1.286e-13
671630 4.149e-12
671640 9.47e-11
671650 1.31e-09
671660 1.183e-08
671670 7.33e-08
671680 2.82e-07
671690 7.47e-07
671700 1.306e-06
671710 1.58e-06
671720 1.3e-06
681610 0.0
681620 0.0
681630 0.0
681640 0.0
681650 1.2e-13
681660 3.22e-12
681670 6.012e-11
681680 6.68e-10
681690 5.15e-09
681700 2.49e-08
681710 8.26e-08
681720 1.74e-07
691650 0.0
691660 0.0
691670 0.0
691680 8.08e-14
691690 1.89e-12
691700 2.66e-11
691710 2.61e-10
691720 1.55e-09
701660 0.0
701670 0.0
701680 0.0
701690 0.0
701700 0.0
701710 5.01e-14
701720 8.71e-13
711690 0.0
711710 0.0
711720 0.0
721710 0.0
