240660 0.0
240670 0.0
240680 0.0
240700 0.0
250660 1.0398e-12
250670 2.46952e-13
250680 9.61812e-14
250690 1.40972e-14
250700 0.0
250710 0.0
260650 1.22976e-10
260670 1.041796e-10
260690 1.35973e-11
260700 9.55813e-12
260710 1.09978e-12
260720 1.40972e-13
260730 1.0298e-14
260740 0.0
260760 0.0
270660 9.27819e-10
270670 1.04979e-09
270680 2.09959e-09
270690 1.5497e-09
270700 1.68967e-09
270710 6.30877e-10
270720 1.31974e-10
270730 3.686275e-11
270750 5.6249e-13
280660 1.70967e-09
280670 2.73946e-09
280680 1.65968e-08
280690 1.78965e-08
280700 6.02882e-08
280710 3.41933e-08
280720 2.32954e-08
280730 8.82827e-09
280740 4.38914e-09
280750 7.74848e-10
280760 1.73966e-10
280770 2.38953e-11
280780 2.26956e-12
280790 5.14789e-13
280800 0.0
280810 0.0
290660 2.34954e-10
290670 1.11978e-09
290680 4.072207e-08
290700 3.979218e-07
290720 2.5595e-07
290730 2.99941e-07
290740 2.27955e-07
290750 1.30974e-07
290760 4.6091e-08
290770 2.07959e-08
290780 3.22937e-09
290790 7.77333e-10
290800 6.78867e-11
290810 5.50892e-12
290820 2.48951e-13
300660 7.23858e-12
300670 5.18899e-11
300680 1.41972e-09
300690 6.50873e-09
300700 9.2082e-08
300710 2.208568e-07
300720 6.72868e-07
300730 1.12978e-06
300740 2.5495e-06
300750 2.21957e-06
300760 2.42952e-06
300770 1.66967e-06
300780 1.17677e-06
300800 9.25819e-08
300810 1.22976e-08
300820 1.83964e-09
300830 1.44972e-10
300840 8.63831e-12
300860 0.0
310650 1.30974e-14
310670 1.3501341e-11
310690 1.90963e-10
310700 4.05921e-09
310710 2.95942e-08
310720 1.32974e-07
310730 6.55872e-07
310740 2.10958e-06
310750 5.47893e-06
310760 8.55833e-06
310770 1.77665e-05
310780 1.37073e-05
310790 1.62268e-05
310800 7.1386e-06
310810 3.11939e-06
310820 7.38855e-07
310830 1.94962e-07
310840 1.94962e-08
310850 2.0696e-09
310860 1.0948639e-10
320660 0.0
320670 0.0
320680 2.34954e-14
320690 5.37895e-13
320700 3.70927e-11
320710 4.17918e-10
320720 6.04882e-09
320730 4.7847624e-07
320750 9.253188e-06
320770 2.231563e-05
320780 5.15099e-05
320790 8.76528e-05
320800 0.000116417
320810 7.75448e-05
320820 5.75088e-05
320830 2.39953e-05
320840 8.10841e-06
320850 1.42972e-06
320860 2.38953e-07
320870 1.91877e-08
320880 1.73966e-09
320890 9.19738e-11
320900 1.43312e-11
330690 0.0
330710 7.00863e-13
330720 1.63968e-11
330730 3.89924e-10
330740 5.85886e-09
330750 7.1586e-08
330760 4.88904e-07
330770 4.32915e-06
330780 1.46271e-05
330790 7.29457e-05
330800 0.000137103
330810 0.000273706
330820 0.000292942
330830 0.000378556
330840 0.00020014
330850 0.000115867
330860 3.15238e-05
330870 8.59832e-06
330880 1.26975e-06
330890 1.38881e-07
330900 2.16402e-08
330910 3.49559e-10
330920 3.14559e-11
340720 0.0
340730 3.122394e-13
340740 1.5397e-11
340750 3.02941e-10
340760 6.6587e-09
340770 9.05823e-08
340780 9.75809e-07
340790 7.205587e-06
340800 4.0652e-05
340810 0.000118487
340820 0.000370877
340830 0.000692224
340840 0.00110661
340850 0.000982788
340860 0.000851943
340870 0.000366348
340880 0.000175296
340890 3.12339e-05
340900 4.96737e-06
340910 7.88496e-07
340920 7.09547e-08
340930 3.16946e-09
340940 2.86944e-10
340950 5.20117e-11
340960 5.19898e-13
350750 1.46971e-13
350770 2.297547e-10
350780 3.96922e-09
350790 9.40816e-08
350800 8.11841e-07
350810 7.49853e-06
350820 3.46333e-05
350830 0.000197071
350840 0.000474298
350850 0.00126239
350860 0.001614504
350870 0.00214124
350880 0.00168078
350890 0.000787806
350900 0.000221507
350910 0.000114238
350920 1.68367e-05
350930 4.78589e-06
350940 3.88924e-07
350950 7.85378e-08
350960 3.95923e-09
350970 2.14432e-10
360770 5.129e-14
360780 3.00941e-12
360790 1.139778e-10
360800 3.21937e-09
360810 4.768069e-08
360820 7.02863e-07
360830 6.03882e-06
360840 4.82406e-05
360850 0.0001959417
360860 0.000775168
360870 0.0014906
360880 0.00284174
360890 0.00303116
360900 0.00386736
360910 0.00246744
360920 0.0010157
360930 0.000361169
360940 9.83208e-05
360950 1.80279e-05
360960 5.39894e-06
360970 4.83691e-07
360980 2.36954e-08
360990 9.17886e-10
361000 6.00882e-11
370790 1.5297e-14
370810 3.48932e-11
370830 2.34954e-08
370840 3.0694e-07
370850 4.14919e-06
370860 2.5935e-05
370870 0.000162428
370880 0.000495653
370890 0.00066556
370900 0.001548182
370910 0.00459623
370920 0.00417405
370930 0.00339448
370940 0.00179202
370950 0.000888996
370960 0.000416419
370970 0.000125675
370980 1.0398e-05
370990 1.38601e-06
371000 1.71966e-07
371010 3.86332e-09
371020 3.60192e-10
380830 8.1784e-12
380840 3.69928e-10
380850 8.30838e-09
380860 1.76965e-07
380870 1.801643e-06
380880 1.77365e-05
380890 9.68711e-05
380900 0.000275756
380910 0.00106897
380920 0.00311626
380930 0.0047665
380940 0.00823183
380950 0.00720241
380960 0.00592693
380970 0.00213352
380980 0.000883587
380990 0.000318151
381000 8.94125e-05
381010 8.71443e-06
381020 8.12481e-07
381030 3.32297e-08
381040 2.0296e-09
381050 2.67899e-10
390850 1.85964e-12
390870 2.33954e-09
390880 3.74927e-08
390890 6.94864e-07
390900 4.85904e-06
390910 4.47212e-05
390920 0.000533246
390930 0.0021036
390940 0.00181472
390950 0.00610247
390960 0.008049114
390970 0.01147836
390980 0.00727859
390990 0.00656504
391000 0.00274053
391010 0.000924889
391020 0.000146991
391030 5.01769e-05
391040 2.23956e-06
391050 4.04528e-07
391060 7.09309e-09
391070 6.61351e-10
400870 2.65948e-13
400880 1.44972e-11
400890 4.51912e-10
400900 1.089786e-08
400910 1.62968e-07
400920 2.23956e-06
400930 1.5107e-05
400940 0.000145242
400950 0.000858862
400960 0.00916541
400980 0.0117058
400990 0.0155772
401000 0.0188206
401010 0.0100648
401020 0.00535552
401030 0.00303547
401040 0.00046239
401050 9.2857e-05
401060 1.59998e-05
401070 1.4918e-06
401080 1.16977e-07
401090 3.18269e-09
401100 8.30837e-11
410890 3.21937e-14
410900 1.30974e-12
410910 6.69869e-11
410920 1.5397e-09
410930 3.568297e-08
410940 5.6589e-07
410950 7.26858e-06
410960 4.5931e-05
410970 0.0003561608
410980 0.003147783
410990 0.005456776
411000 0.0095248
411010 0.021438
411020 0.0401468
411040 0.00932508
411050 0.00401856
411060 0.001384852
411080 5.14199e-05
411090 4.80588e-06
411100 2.48951e-07
411110 5.44054e-09
411120 4.02281e-09
420890 0.0
420910 0.0
420920 1.89963e-13
420930 4.1736854e-10
420950 8.6683e-09
420960 1.87963e-07
420970 2.24956e-06
420980 2.58749e-05
420990 0.000197811
421000 0.0011967
421010 0.00431362
421020 0.0148669
421030 0.0235848
421040 0.0336154
421050 0.0259034
421060 0.0176937
421070 0.00663343
421080 0.00436865
421090 0.000706782
421100 0.000135543
421110 1.22722e-05
421120 9.1066489e-06
421140 3.76926e-09
421150 4.75917e-10
421160 2.44952e-12
430930 0.0
430950 1.136778e-12
430970 1.68967e-09
430980 3.30935e-08
430990 1.049295e-05
431010 0.00010283
431020 0.000590364
431030 0.01059773
431050 0.0218305
431060 0.0281078
431070 0.0323596
431080 0.0203879
431090 0.0132002
431100 0.00433917
431110 0.00139109
431120 0.0017579
431130 4.8998e-05
431140 4.25917e-06
431150 7.18636e-07
431160 1.5097e-08
431170 6.21445e-11
431180 1.6898146e-11
431200 2.81832e-13
440950 0.0
440960 0.0
440970 1.08979e-13
440980 7.6785e-12
440990 3.5793e-10
441000 1.43972e-08
441010 2.70947e-07
441020 5.50892e-06
441030 4.98602e-05
441040 0.000384355
441050 0.01162891
441070 0.0168431
441080 0.0293169
441090 0.0614018
441110 0.0155246
441120 0.0114025
441130 0.00309733
441140 0.000898364
441150 0.000164958
441160 1.67267e-05
441170 5.26835e-07
441180 1.34958e-07
441190 8.2974e-09
441200 2.38925e-09
441210 1.21749e-10
441220 1.16977e-12
441240 0.0
450990 1.58969e-14
451010 8.03843e-11
451020 2.87944e-09
451030 9.12822e-08
451040 1.222761e-06
451050 1.882632e-05
451060 0.0001298546
451070 0.000899354
451080 0.00304049
451090 0.01110481
451100 0.0164774
451110 0.0307153
451120 0.0196694
451130 0.0193687
451140 0.0093071
451150 0.00541989
451170 0.000170857
451180 5.05401e-05
451190 9.22819e-06
451210 1.83842e-07
451220 4.31916e-09
451230 1.09978e-10
451240 8.93825e-13
460990 0.0
461010 0.0
461020 1.5363948e-11
461040 7.1786e-10
461050 1.92962e-08
461060 6.198786e-06
461080 6.6617e-05
461090 0.000381156
461100 0.00215901
461110 0.00716837
461120 0.0147359
461130 0.0161888
461140 0.0206625
461150 0.0143583
461160 0.00783349
461170 0.00373802
461180 0.00255312
461190 0.000381505
461200 0.00025557
461210 3.054403e-05
461230 1.5397e-07
461240 5.6289e-09
461250 1.4327235e-10
461280 0.0
461300 0.0
471030 0.0
471050 2.205564e-12
471060 9.6881e-11
471070 4.194183e-09
471080 8.52834e-08
471090 1.779652e-06
471100 1.795645e-05
471110 0.0001805744
471120 0.004557137
471140 0.00506866
471150 0.0101174
471160 0.01189823
471170 0.01184054
471180 0.00542264
471190 0.00376982
471200 0.001950628
471210 0.000527277
471220 0.000112768
471230 2.50051e-05
471240 1.91962e-06
471250 2.16958e-07
471260 1.21976e-08
471270 3.33935e-10
471280 5.67889e-11
471290 1.85136e-11
471300 3.26936e-12
481050 0.0
481060 0.0
481070 2.64948e-13
481080 1.97961e-11
481090 7.42855e-10
481100 2.84944e-08
481110 5.089e-07
481120 7.38855e-06
481130 4.75407e-05
481140 0.000292683
481150 0.000845395
481160 0.0011265
481170 0.002502057
481180 0.0039651
481200 0.00155224
481210 0.001100344
481220 0.001374361
481240 0.000128415
481250 3.0434e-05
481260 8.14841e-06
481270 9.01824e-07
481280 3.50931e-07
481290 1.56951e-07
481300 5.5989e-08
481310 2.35954e-08
481320 3.33935e-09
481330 1.38953e-10
481340 4.41914e-13
481360 0.0
491070 0.0
491090 3.38934e-14
491110 1.61968e-10
491120 4.135186e-09
491130 9.36817e-08
491140 9.51813e-07
491150 8.40836e-06
491160 6.28878e-05
491170 5.31896e-05
491180 5.91984e-05
491190 9.60812e-05
491200 9.09822e-05
491210 0.0003930434
491220 0.00061938
491230 0.000960542
491240 0.00056693
491250 0.000544794
491260 0.000317518
491270 0.0001864036
491280 0.0001611486
491300 3.39834e-05
491310 1.705666e-05
491320 4.53897e-06
491340 4.25917e-09
491350 2.28166e-10
491360 1.76965e-12
501110 0.0
501120 4.11919e-13
501130 1.619684e-11
501140 5.72888e-10
501150 2.1123838e-07
501170 7.21858e-08
501180 1.91962e-07
501190 1.0491957e-06
501210 1.505705e-05
501220 9.74909e-05
501230 0.0002791052
501240 0.000625328
501250 0.00112203
501260 0.00272768
501270 0.00268651
501280 0.00248834
501290 0.002810431
501300 0.00271046
501310 0.001150804
501320 0.00104577
501330 9.33317e-05
501340 7.823241e-06
501360 2.14958e-08
501370 8.26838e-10
501380 1.78965e-11
511130 0.0
511150 8.98824e-13
511170 7.19859e-12
511180 2.252559e-11
511190 9.15821e-11
511200 2.049596e-10
511210 1.0607929e-06
511230 1.15477e-05
511240 5.055e-05
511250 0.001573802
511270 0.00280925
511280 0.00401833
511290 0.00983041
511300 0.01051445
511310 0.0103451
511320 0.01214848
511330 0.00499964
511340 0.000704492
511350 0.000183604
511360 1.39173e-05
511370 1.93962e-06
511380 7.41855e-08
511390 6.03882e-09
511400 2.26394e-10
521150 0.0
521170 0.0
521180 0.0
521190 0.0
521200 0.0
521210 3.0794e-11
521220 1.92962e-09
521230 4.67909e-08
521240 8.78828e-07
521250 1.294747e-05
521260 0.000191013
521270 0.0002028305
521280 0.00123003
521290 0.0034610061
521300 0.00618515
521310 0.03779957
521330 0.0286853
521340 0.0141438
521350 0.00801473
521370 0.00040885
521380 5.57091e-05
521390 7.90845e-06
521400 5.10674e-07
521410 1.77992e-08
521420 9.98805e-10
521430 2.59742e-10
531210 0.0
531220 2.15958e-11
531250 5.77887e-08
531260 1.93962e-06
531270 2.76946e-06
531280 1.80965e-05
531290 0.000114178
531300 0.0002925625
531310 0.0055775
531320 0.00480912
531330 0.01638084
531340 0.02401688
531350 0.0300393
531360 0.01497716
531370 0.01315141
531390 0.00119828
531400 0.000129865
531410 2.832662e-05
531430 3.92212e-07
531440 4.2399e-09
531450 2.87534e-10
541240 0.0
541250 2.30954e-11
541260 3.77926e-09
541270 2.37954e-09
541280 2.822451e-07
541300 1.19977e-06
541310 4.16418e-05
541320 0.002614298
541340 0.0147915
541350 0.0162191
541360 0.034907
541370 0.0315689
541380 0.0229741
541390 0.018232
541400 0.00653341
541410 0.00216581
541420 0.000392933
541430 9.00298e-05
541440 9.56389e-06
541450 6.48586e-07
541460 4.11919e-08
541470 1.0322839e-09
541500 0.0
551270 1.47971e-13
551290 4.03921e-11
551310 8.78828e-08
551320 1.19977e-06
551330 3.18138e-05
551340 0.0016499172
551360 0.00408436
551370 0.0141742
551380 0.05842565
551400 0.02368
551410 0.0210186
551420 0.00631173
551430 0.00409745
551440 0.000807052
551450 0.000184574
551460 2.0266e-05
551470 1.51134e-06
551480 9.60812e-08
551490 2.29052e-09
551500 1.42972e-10
561290 0.0
561310 1.62968e-11
561320 8.28838e-10
561330 4.12919e-08
561340 9.86807e-07
561350 1.300746e-05
561360 0.0001513104
561370 0.000752722
561380 0.0030153
561390 0.00845647
561400 0.0209985
561410 0.0241731
561420 0.0235808
561430 0.0230734
561440 0.01939447
561460 0.00192176
561470 0.00034692
561480 5.87962e-05
561500 4.80906e-07
561510 1.02892e-08
561520 9.78809e-10
561530 6.88149e-11
561540 4.16918e-13
571330 5.93884e-12
571350 1.34974e-08
571370 5.03901e-06
571380 3.41633e-05
571390 0.000369848
571400 0.00186556
571410 0.00682023
571420 0.0130322
571430 0.0177352
571440 0.0182247
571450 0.0199046
571460 0.01177882
571470 0.00693432
571480 0.00175447
571490 0.000573358
571500 0.0001045693
571520 1.04979e-06
571530 1.03911e-07
571540 2.796496e-09
571560 8.50639e-12
581350 1.20976e-12
581370 7.78448e-08
581390 1.399727e-06
581400 1.66267e-05
581410 0.000654541
581430 0.0020577
581440 0.00969462
581450 0.00951385
581460 0.0178051
581470 0.0157731
581480 0.0128039
581490 0.00650519
581500 0.0033141
581510 0.00091949
581520 0.000212788
581530 3.43133e-05
581540 3.12939e-06
581550 2.1886e-07
581560 1.91877e-08
581570 4.66909e-10
581580 1.76965e-11
581600 0.0
591390 6.02882e-10
591400 1.22976e-08
591410 2.73946e-07
591420 2.26956e-06
591430 2.34354e-05
591440 0.0001387433
591450 0.000681197
591460 0.00193265
591470 0.01227017
591490 0.0112092
591500 0.00847553
591510 0.00995635
591530 0.00138544
591540 0.00020669
591550 4.96803e-05
591560 7.35856e-06
591570 6.28877e-07
591580 4.00922e-08
591590 2.72947e-09
591600 6.51872e-11
591610 3.91205e-12
601400 1.61968e-12
601410 6.1188e-11
601420 1.75966e-09
601430 2.96942e-08
601440 6.01882e-07
601450 4.83905e-06
601460 4.97603e-05
601470 0.000223836
601480 0.000932648
601490 0.00217615
601500 0.00548395
601510 0.00673943
601520 0.00784608
601530 0.00610719
601540 0.00291181
601550 0.00110809
601560 0.000548213
601570 9.38816e-05
601590 1.91962e-06
601600 1.57969e-07
601610 8.82436e-09
601620 3.52931e-10
601630 7.96844e-12
601640 1.91962e-13
611410 0.0
611430 4.17918e-12
611440 4.122192e-09
611460 7.1386e-08
611470 1.0398e-06
611480 7.954444e-05
611500 0.000181504
611510 0.00105017
611520 0.001753818
611530 0.00423469
611540 0.00502325
611550 0.00353345
611560 0.00268054
611570 0.00121826
611580 0.00041127
611590 0.000159839
611600 2.13658e-05
611610 3.94923e-06
611620 2.5695e-07
611630 2.0374048e-08
611650 3.5793e-11
611660 1.34684e-12
621430 0.0
621440 0.0
621450 2.82945e-13
621460 1.85964e-11
621470 4.67908e-10
621480 1.28975e-08
621490 1.88963e-07
621500 1.715663e-05
621520 9.05223e-05
621530 0.000334884
621540 0.00215751
621560 0.0032627
621570 0.0022613
621580 0.00230721
621590 0.00138406
621600 0.000589775
621610 0.000168387
621620 3.54731e-05
621630 4.31916e-06
621640 5.70888e-07
621650 4.17918e-08
621660 3.03806e-09
621670 7.6785e-11
621680 2.74946e-12
621690 9.59439e-14
621700 0.0
631470 2.28955e-14
631490 5.87885e-11
631510 2.70947e-08
631520 2.819448e-07
631530 3.5793e-06
631540 1.318742e-05
631550 7.88146e-05
631560 0.000263658
631570 0.000634226
631580 0.000974649
631590 0.00180079
631600 0.0021245771
631620 0.000309389
631630 0.000118227
631640 2.992419e-05
631660 6.43874e-07
631670 5.43894e-08
631680 3.09939e-09
631690 1.44876e-10
631700 3.94923e-12
631710 1.04558e-13
631720 8.19626e-15
641470 0.0
641490 0.0
641510 1.6634714e-10
641530 3.44933e-09
641540 4.44913e-08
641550 4.46913e-07
641560 4.78906e-06
641570 2.0436e-05
641580 9.91206e-05
641590 0.000287224
641600 0.000558451
641610 0.000698523
641620 0.000653902
641630 0.000362739
641640 0.000226256
641650 7.75748e-05
641660 3.0854e-05
641680 6.54872e-07
641690 4.80906e-08
641700 4.614989e-09
641720 1.84882e-11
651510 0.0
651530 3.65928e-13
651550 2.91943e-10
651560 5.353955e-09
651570 7.11761e-07
651590 6.17879e-06
651600 1.90863e-05
651610 7.46554e-05
651620 0.0001037996
651630 0.000173566
651640 0.000156499
651650 0.000156809
651660 7.86446e-05
651670 3.15838e-05
651680 8.51833e-06
651690 1.93962e-06
651700 2.76946e-07
651710 4.77907e-08
651720 5.90884e-09
661550 1.63968e-14
661560 1.07979e-12
661570 2.76946e-11
661580 7.60851e-10
661590 1.26975e-08
661600 1.32974e-07
661610 8.31837e-07
661620 3.71927e-06
661630 9.54813e-06
661640 2.67548e-05
661650 3.881241e-05
661660 5.73088e-05
661670 3.32335e-05
661680 2.62149e-05
661690 8.55833e-06
661700 3.73927e-06
661710 9.57813e-07
661720 3.69928e-07
671590 2.907436e-12
671610 1.084787e-09
671620 7.85846e-09
671630 6.67769e-08
671640 2.969416e-07
671650 1.34974e-06
671660 2.986415e-06
671670 5.35895e-06
671680 6.09881e-06
671690 5.84886e-06
671700 3.67928e-06
671710 2.76946e-06
671720 1.5297e-06
681610 1.22976e-13
681620 3.03941e-12
681630 4.24917e-11
681640 6.33876e-10
681650 4.56911e-09
681660 3.25936e-08
681670 9.2282e-08
681680 3.28936e-07
681690 4.68908e-07
681700 9.10822e-07
681710 9.818079e-07
681720 1.59969e-06
691650 1.74966e-12
691660 1.99961e-11
691670 1.89963e-10
691680 1.06979e-09
691690 4.90904e-09
691700 1.49971e-08
691710 5.02902e-08
691720 1.20976e-07
701660 0.0
701670 3.44933e-14
701680 6.42874e-13
701690 4.72308e-12
701700 4.82906e-11
701710 2.5495e-10
701720 1.96961e-09
711690 0.0
711710 1.48571e-13
711720 1.831642e-12
721710 0.0
