230660 1.37035e-15
230670 1.43622e-16
240660 2.1104e-11
240670 1.62027e-12
240680 7.924624e-14
240700 0.0
250660 7.99202e-09
250670 1.72043e-09
250680 2.25057e-10
250690 2.40013e-11
250700 1.43036e-12
250710 5.36135e-14
250720 1.21448e-15
260650 2.22056e-07
260670 1.707433e-07
260690 1.29033e-08
260700 2.17055e-09
260710 2.32059e-10
260720 1.87035e-11
260730 1.15029e-12
260740 3.83097e-14
260750 3.4274e-15
260760 0.0
270660 5.59141e-07
270670 7.72195e-07
270680 6.83172e-07
270690 4.97125e-07
270700 2.23056e-07
270710 6.52165e-08
270720 1.47037e-08
270730 2.72769e-09
270750 1.8173195e-11
270770 2.01248e-14
270780 8.96251e-16
280660 1.44036e-07
280670 4.7512e-07
280680 9.95251e-07
280690 1.69043e-06
280700 1.86047e-06
280710 1.37035e-06
280720 8.09204e-07
280730 3.61091e-07
280740 9.47239e-08
280750 1.95049e-08
280760 2.46062e-09
280770 2.27037e-10
280780 1.38026e-11
280790 4.92442e-13
280800 1.55039e-14
280810 0.0
290660 3.21081e-09
290670 2.7607e-08
290680 7.32785e-07
290700 4.225067e-06
290720 3.81096e-06
290730 4.11104e-06
290740 2.7607e-06
290750 1.51038e-06
290760 5.1613e-07
290770 1.32033e-07
290780 2.26057e-08
290790 2.50014e-09
290800 2.03051e-10
290810 1.03026e-11
290820 3.61091e-13
290830 1.60466e-14
300660 5.11129e-12
300670 1.22031e-10
300680 1.75044e-09
300690 1.828458e-08
300700 1.23031e-07
300710 5.35135e-07
300720 1.83046e-06
300730 4.56115e-06
300740 7.29184e-06
300750 9.65244e-06
300760 8.29209e-06
300770 5.50139e-06
300780 3.261827e-06
300800 1.69043e-07
300810 2.43061e-08
300820 2.43061e-09
300830 1.8103e-10
300840 6.76171e-12
300850 5.31837e-13
300860 0.0
310650 0.0
310670 1.485979e-12
310690 4.14105e-11
310700 7.68194e-10
310710 9.03228e-09
310720 8.09204e-08
310730 5.00126e-07
310740 1.960494e-06
310750 6.21157e-06
310760 1.26432e-05
310770 2.00551e-05
310780 2.25357e-05
310790 1.64241e-05
310800 9.80247e-06
310810 3.80096e-06
310820 1.05027e-06
310830 2.15054e-07
310840 2.28058e-08
310850 2.70015e-09
310860 1.3728585e-10
310880 1.22747e-13
320660 0.0
320670 0.0
320680 0.0
320690 0.0
320700 3.20081e-13
320710 1.06627e-11
320720 2.67067e-10
320730 5.0719811e-08
320750 2.3199855e-06
320770 7.461885e-06
320780 1.9945e-05
320790 3.36986e-05
320800 4.84522e-05
320810 4.66418e-05
320820 3.31384e-05
320830 1.74744e-05
320840 5.04127e-06
320850 1.66042e-06
320860 2.35059e-07
320870 2.54042e-08
320880 1.89035e-09
320890 4.78654e-11
320900 4.22409e-12
320910 7.7712e-13
330690 0.0
330710 0.0
330720 5.72144e-14
330730 2.62066e-12
330740 7.77196e-11
330750 1.77045e-09
330760 2.46062e-08
330770 2.51063e-07
330780 1.72043e-06
330790 7.02177e-06
330800 2.42861e-05
330810 5.5424e-05
330820 9.37036e-05
330830 0.00011739
330840 8.50014e-05
330850 7.27884e-05
330860 2.7567e-05
330870 8.17206e-06
330880 1.70043e-06
330890 2.43013e-07
330900 1.571e-08
330910 3.94545e-09
330920 1.50025e-11
330930 3.01102e-12
340720 0.0
340730 0.0
340740 0.0
340750 5.45138e-13
340760 2.15054e-11
340770 6.151552e-10
340780 1.16029e-08
340790 1.242311e-07
340800 1.13029e-06
340810 6.530644e-06
340820 2.70568e-05
340830 7.913e-05
340840 0.000135704
340850 0.00027811
340860 0.000258855
340870 0.000195099
340880 0.000106917
340890 4.23207e-05
340900 1.55282e-05
340910 2.85678e-06
340920 2.31043e-07
340930 3.39688e-08
340940 4.45112e-10
340950 1.3605e-11
340960 2.54064e-13
350750 0.0
350770 9.71245e-14
350780 5.25133e-12
350790 1.55739e-10
350800 3.933988e-09
350810 6.22157e-08
350820 6.87173e-07
350830 5.08128e-06
350840 2.180548e-05
350850 0.000108377
350860 0.00023972
350870 0.000428638
350880 0.000566923
350890 0.000571924
350900 0.000569504
350910 0.000302036
350920 7.05778e-05
350930 1.10688e-05
350940 1.2003e-06
350950 6.9073e-08
350960 6.01152e-09
350970 6.77327e-11
350980 3.16935e-12
360770 0.0
360780 0.0
360790 1.220308e-14
360800 8.91225e-13
360810 4.024012e-11
360820 1.25032e-09
360830 2.50563e-08
360840 2.92074e-07
360850 3.828964e-06
360860 2.16755e-05
360870 9.57742e-05
360880 0.000304337
360890 0.000744198
360900 0.00183521
360910 0.00256693
360920 0.00160188
360930 0.00071463
360940 0.000215104
360950 5.00136e-05
360960 8.86224e-06
360970 7.64125e-07
360980 4.88092e-08
360990 2.51665e-10
361000 2.80071e-11
361010 3.98885e-12
370790 0.0
370810 0.0
370830 8.12205e-12
370840 2.69068e-10
370850 9.9125e-09
370860 1.550392e-07
370870 1.84046e-06
370880 1.52639e-05
370890 9.65344e-05
370900 0.000613554
370910 0.00217353
370920 0.00336061
370930 0.00387622
370940 0.00297801
370950 0.00183509
370960 0.000887944
370970 0.000221136
370980 4.15905e-05
370990 1.27771e-06
371000 2.49063e-07
371010 2.02515e-08
371020 6.24128e-11
371030 1.22502e-11
380830 0.0
380840 1.56039e-14
380850 1.66042e-12
380860 7.38186e-11
380870 2.482629e-09
380880 5.75145e-08
380890 1.02026e-06
380900 1.81746e-05
380910 0.000178725
380920 0.000717231
380930 0.00205439
380940 0.00393891
380950 0.00592133
380960 0.00720048
380970 0.00477542
380980 0.00247851
380990 0.000925146
381000 0.000141096
381010 1.46635e-05
381020 9.6118e-07
381030 1.38201e-07
381040 1.24031e-09
381050 4.48719e-11
381060 5.0912e-12
390850 0.0
390870 2.13054e-13
390880 1.42036e-11
390890 7.36185e-10
390900 3.89098e-08
390910 1.15029e-06
390920 1.30733e-05
390930 0.0001095476
390940 0.000526853
390950 0.00196726
390960 0.005834827
390970 0.00956274
390980 0.01253753
390990 0.0128309
391000 0.00572335
391010 0.00181541
391020 0.000363702
391030 4.50332e-05
391040 4.17105e-06
391050 2.27815e-07
391060 1.89349e-08
391070 1.32656e-10
391080 3.68242e-12
400870 0.0
400880 0.0
400890 3.32084e-14
400900 5.35136e-12
400910 4.91124e-10
400920 1.67042e-08
400930 4.24107e-07
400940 5.72144e-06
400950 5.85548e-05
400960 0.002405145
400980 0.00641757
400990 0.0170697
401000 0.0203975
401010 0.01789
401020 0.0100919
401030 0.00357967
401040 0.000923793
401050 0.000164954
401060 1.87158e-05
401070 1.49655e-06
401080 5.67106e-08
401090 9.45489e-10
401100 2.29058e-11
410890 0.0
410900 0.0
410910 1.30033e-14
410920 1.36034e-12
410930 1.073271e-10
410940 4.24107e-09
410950 1.25832e-07
410960 2.7707e-06
410970 3.374852e-05
410980 0.0003068774
410990 0.002268886
411000 0.00741832
411010 0.0173359
411020 0.0489226
411040 0.01557396
411050 0.00742082
411060 0.002803327
411080 6.18256e-05
411090 4.80027e-06
411100 2.40061e-07
411110 1.40164e-09
411120 7.27392e-11
411130 1.24618e-11
420890 0.0
420910 0.0
420920 0.0
420930 1.96049e-13
420950 1.72043e-11
420960 1.12028e-09
420970 4.09103e-08
420980 1.10028e-06
420990 2.46362e-05
421000 0.000243091
421010 0.001645
421020 0.00653876
421030 0.0154713
421040 0.02483
421050 0.0290185
421060 0.0228199
421070 0.0129075
421080 0.00465085
421090 0.00106273
421100 0.000160461
421110 1.58126e-05
421120 1.260798e-06
421140 1.02026e-09
421150 3.25113e-11
421160 9.85249e-14
430930 0.0
430950 0.0
430970 3.1308e-12
430980 2.55064e-10
430990 5.9842058e-07
431010 1.23631e-05
431020 0.000146377
431030 0.004964475
431050 0.0115713
431060 0.0221131
431070 0.0310797
431080 0.0290944
431090 0.0179168
431100 0.0075872
431110 0.00211568
431120 0.00043515
431130 4.5811e-05
431140 3.62091e-06
431150 1.65061e-07
431160 3.65092e-09
431170 3.20932e-11
431180 6.15036e-13
440950 0.0
440960 0.0
440970 0.0
440980 0.0
440990 8.45213e-13
441000 8.91225e-11
441010 6.24158e-09
441020 2.33059e-07
441030 4.64117e-06
441040 5.34235e-05
441050 0.002517716
441070 0.00762432
441080 0.0183168
441090 0.0596833
441110 0.0224176
441120 0.0123819
441130 0.00364104
441140 0.000845103
441150 0.000119515
441160 8.34211e-06
441170 3.62059e-07
441180 9.47178e-09
441190 0.0
441200 0.0
441220 0.0
441240 0.0
450990 0.0
451010 1.951494e-13
451020 2.3606e-11
451030 1.471368e-09
451040 4.93124e-08
451050 1.115282e-06
451060 1.578398e-05
451070 0.000162171
451080 0.001092556
451090 0.00459506
451100 0.01297844
451110 0.0232518
451120 0.0319398
451130 0.0238842
451140 0.0149693
451150 0.00738569
451170 0.000170203
451180 1.32133e-05
451190 2.1345386e-12
451210 0.0
451220 0.0
451230 0.0
451240 0.0
460990 0.0
461010 0.0
461020 2.85072e-14
461040 2.85072e-12
461050 1.91048e-10
461060 2.5252361e-07
461080 4.96125e-06
461090 6.14655e-05
461100 0.000494605
461110 0.00237229
461120 0.00840228
461130 0.0160172
461140 0.0250098
461150 0.0268611
461160 0.0152414
461170 0.00577927
461180 0.00125622
461190 3.88098e-06
461200 2.82071e-07
461210 2.079523e-08
461230 9.32235e-11
461240 0.0
461250 0.0
461270 0.0
461280 0.0
461290 0.0
461300 3.03077e-13
471030 0.0
471050 0.0
471060 2.487629e-13
471070 2.334587e-11
471080 1.480374e-09
471090 5.67144e-08
471100 1.38735e-06
471110 1.930483e-05
471120 0.001179008
471140 0.00421397
471150 0.01201597
471160 0.0177061
471170 0.01751598
471180 0.00973584
471190 0.00356272
471200 0.00102869
471210 0.000273779
471220 5.69344e-05
471230 1.30233e-05
471240 1.07027e-11
471250 3.14079e-12
471260 4.92124e-13
471270 4.03102e-14
471280 0.0
471290 2.94834e-16
471300 6.58166e-09
471310 9.8589e-11
481050 0.0
481060 0.0
481070 0.0
481080 2.72069e-14
481090 3.28083e-12
481100 2.52064e-10
481110 1.057267e-08
481120 3.1508e-07
481130 4.7312e-06
481140 5.9345e-05
481150 0.000493475
481160 0.00203758
481170 0.00542015
481180 0.01622737
481200 0.00630398
481210 0.00414224
481220 0.00342641
481240 4.12104e-06
481250 3.09078e-06
481260 1.15029e-06
481270 2.85072e-07
481280 5.87148e-08
481290 8.80222e-09
481300 8.93225e-06
481310 1.05017e-06
481320 8.47159e-08
481330 1.28429e-09
481340 4.42112e-11
481350 4.57577e-12
481360 0.0
491070 0.0
491090 0.0
491110 3.60091e-13
491120 3.284828e-11
491130 1.493381e-09
491140 5.79147e-08
491150 1.505382e-06
491160 1.890477e-05
491170 0.0001487771
491180 0.0005594714
491190 0.0001334934
491200 0.000302277
491210 0.000557251
491220 0.000584667
491230 0.000688194
491240 0.000941518
491250 0.001614968
491260 0.00131107
491270 0.000898546
491280 0.000788368
491300 0.000827538
491310 0.00027985
491320 7.492766e-05
491340 3.82096e-07
491350 2.32313e-08
491360 1.71043e-10
491370 3.34231e-12
501110 0.0
501120 0.0
501130 2.90074e-14
501140 3.54089e-12
501150 1.2199075e-08
501170 2.94074e-07
501180 3.23082e-06
501190 1.654919e-08
501210 1.071271e-07
501220 3.38085e-07
501230 1.164294e-06
501240 0.000925204
501250 0.00216745
501260 0.00368512
501270 0.00497881
501280 0.0060081
501290 0.00745043
501300 0.00626088
501310 0.00560964
501320 0.00387172
501330 0.00113627
501340 0.000228024
501360 1.06027e-06
501370 3.77062e-08
501380 8.395848e-10
511130 0.0
511150 0.0
511170 3.72094e-11
511180 1.237312e-09
511190 0.0
511200 0.0
511210 9.17232e-14
511230 1.03026e-12
511240 3.84096e-06
511250 9.32835e-05
511270 0.000212844
511280 0.000559921
511290 0.00157785
511300 0.00472835
511310 0.010505
511320 0.01868744
511330 0.0153479
511340 0.0083518
511350 0.00208292
511360 0.000423887
511370 4.84122e-05
511380 3.32084e-06
511390 1.39008e-07
511400 5.21514e-10
511410 7.10546e-11
511420 1.47427e-12
521150 0.0
521170 0.0
521180 2.92074e-14
521190 0.0
521200 0.0
521210 0.0
521220 0.0
521230 0.0
521240 9.40237e-12
521250 1.570401e-10
521260 9.94251e-10
521270 9.07229e-09
521280 6.87173e-08
521290 6.3516e-07
521300 0.000343287
521310 0.011148306
521330 0.0199815
521340 0.0289891
521350 0.0328533
521370 0.00425718
521380 0.000886204
521390 0.000115099
521400 8.03151e-06
521410 8.01602e-07
521420 2.27043e-08
521430 1.84868e-10
521440 2.48444e-11
531210 0.0
531220 0.0
531250 0.0
531260 0.0
531270 0.0
531280 0.0
531290 1.16029e-13
531300 1.929486e-06
531310 3.19281e-05
531320 0.000400832
531330 0.00259134
531340 0.01033437
531350 0.0197961
531360 0.0325916
531370 0.0484622
531390 0.00668411
531400 0.00136319
531410 0.0002947025
531430 9.38576e-07
531440 9.24001e-08
531450 6.43638e-10
531460 2.18218e-11
531470 9.33425e-12
541240 0.0
541250 0.0
541260 0.0
541270 0.0
541280 0.0
541300 7.19182e-10
541310 3.5609e-08
541320 2.877725e-05
541340 0.000330263
541350 0.002045048
541360 0.00879083
541370 0.0220467
541380 0.0331099
541390 0.0329917
541400 0.0179609
541410 0.00935769
541420 0.00335712
541430 0.000679594
541440 9.13307e-05
541450 7.26119e-06
541460 3.36063e-07
541470 1.05516054e-07
541490 1.26051e-11
541500 2.84072e-14
551270 0.0
551290 0.0
551310 2.51063e-12
551320 2.99076e-10
551330 1.9805e-08
551340 1.6001034e-05
551360 0.000207112
551370 0.00153204
551380 0.02286104
551400 0.0229069
551410 0.0297039
551420 0.0272875
551430 0.0147003
551440 0.0055908
551450 0.00133525
551460 0.000185507
551470 3.43137e-05
551480 1.08027e-06
551490 6.39964e-08
551500 1.28032e-09
551510 2.64319e-11
551520 3.77984e-13
561290 0.0
561310 0.0
561320 0.0
561330 8.90225e-13
561340 1.15029e-10
561350 7.69194e-09
561360 3.48088e-07
561370 8.17206e-06
561380 0.000101096
561390 0.000770715
561400 0.00288132
561410 0.00962652
561420 0.0220287
561430 0.0294335
561440 0.0478468
561460 0.00733574
561470 0.00179566
561480 0.0004045777
561500 3.5509e-06
561510 2.98191e-07
561520 5.82109e-09
561530 1.10504e-10
561540 1.88047e-12
571330 0.0
571350 2.40061e-13
571370 2.88073e-09
571380 1.13029e-07
571390 2.68068e-06
571400 3.32284e-05
571410 0.00027802
571420 0.0017233
571430 0.00598449
571440 0.0151895
571450 0.0258041
571460 0.0255444
571470 0.0167765
571480 0.00876822
571490 0.00306637
571500 0.0007495114
571520 8.81222e-06
571530 5.61031e-07
571540 2.4142629e-08
571560 5.33204e-12
571570 2.52668e-13
581350 0.0
581370 8.0146258e-12
581390 6.07153e-10
581400 2.33059e-08
581410 1.1072746e-05
581430 0.000103856
581440 0.000743328
581450 0.00351127
581460 0.00907867
581470 0.0151881
581480 0.0197034
581490 0.0170439
581500 0.00925897
581510 0.00366289
581520 0.000906369
581530 0.000162441
581540 1.93849e-05
581550 1.54025e-06
581560 8.21154e-08
581570 2.85047e-09
581580 6.89174e-11
581590 1.8437e-12
581600 0.0
591390 0.0
591400 1.02026e-12
591410 7.75196e-11
591420 4.25108e-09
591430 1.26032e-07
591440 2.723689e-06
591450 3.91299e-05
591460 0.000290083
591470 0.00584798
591490 0.00957633
591500 0.0126071
591510 0.01972473
591530 0.00350924
591540 0.00109702
591550 0.000241341
591560 3.65492e-05
591570 3.5609e-06
591580 2.45062e-07
591590 9.36052e-09
591600 2.89073e-10
591610 2.35823e-12
591620 7.20897e-14
601400 0.0
601410 0.0
601420 1.06027e-13
601430 9.64243e-12
601440 6.53165e-10
601450 2.98075e-08
601460 6.7417e-07
601470 9.31235e-06
601480 8.87924e-05
601490 0.000504757
601500 0.00171547
601510 0.00413219
601520 0.00624045
601530 0.0070359
601540 0.00529496
601550 0.00295839
601560 0.00117976
601570 0.0003624215
601590 6.25158e-06
601600 5.45138e-07
601610 2.66044e-08
601620 1.11021e-09
601630 2.94074e-11
601640 4.14105e-13
601650 2.28493e-14
611410 0.0
611430 0.0
611440 1.42036e-12
611460 1.01026e-10
611470 4.32109e-09
611480 2.1338411e-06
611500 1.91148e-05
611510 0.000125542
611520 0.000499545
611530 0.00143145
611540 0.00259437
611550 0.00351559
611560 0.0034139
611570 0.00214953
611580 0.00101494
611590 0.000295675
611600 6.92375e-05
611610 9.54241e-06
611620 1.12028e-06
611630 8.730208e-08
611650 1.16006e-10
611660 6.11139e-13
611670 3.28911e-14
621430 0.0
621440 0.0
621450 0.0
621460 0.0
621470 1.24031e-13
621480 1.09028e-11
621490 5.22132e-10
621500 2.906737e-07
621520 3.12079e-06
621530 2.47863e-05
621540 0.000532195
621560 0.00100888
621570 0.00151619
621580 0.00169569
621590 0.00121159
621600 0.000698966
621610 0.000251734
621620 7.79697e-05
621630 1.5814e-05
621640 1.87047e-06
621650 1.76044e-07
621660 9.41176e-09
621670 3.71061e-10
621680 8.53215e-12
621690 2.00916e-13
621700 0.0
631470 0.0
631490 0.0
631510 3.91099e-11
631520 1.300329e-09
631530 3.00076e-08
631540 3.991e-07
631550 3.951e-06
631560 2.63166e-05
631570 0.000102276
631580 0.000285712
631590 0.000505768
631600 0.001298978
631620 0.000454315
631630 0.000230058
631640 9.03228e-05
631660 2.72069e-06
631670 3.08078e-07
631680 2.06052e-08
631690 1.02006e-09
631700 3.03077e-11
631710 1.91496e-13
631720 5.65677e-15
641470 0.0
641490 0.0
641510 3.34084e-14
641530 2.30058e-12
641540 8.79222e-11
641550 2.55064e-09
641560 4.92124e-08
641570 5.31134e-07
641580 4.02102e-06
641590 1.92749e-05
641600 6.7357e-05
641610 0.000148698
641620 0.000267167
641630 0.000320451
641640 0.000245662
641650 0.000150948
641660 7.66793e-05
641680 3.32084e-06
641690 4.78121e-07
641700 4.447105e-08
641720 8.71163e-11
651510 0.0
651530 0.0
651550 1.03026e-13
651560 5.890489e-12
651570 4.105035e-09
651590 5.41137e-08
651600 5.20131e-07
651610 3.1608e-06
651620 1.480374e-05
651630 4.46513e-05
651640 8.53215e-05
651650 0.000124802
651660 0.00011791
651670 8.83523e-05
651680 4.17105e-05
651690 1.62341e-05
651700 4.02102e-06
651710 5.9315e-07
651720 6.85173e-08
661550 0.0
661560 0.0
661570 0.0
661580 2.40061e-13
661590 9.81248e-12
661600 2.70068e-10
661610 4.7612e-09
661620 6.20157e-08
661630 5.11129e-07
661640 2.66067e-06
661650 9.99252e-06
661660 2.39861e-05
661670 4.42912e-05
661680 5.07028e-05
661690 4.91924e-05
661700 3.11979e-05
661710 1.22031e-05
661720 3.78095e-06
671590 0.0
671610 4.56415e-13
671620 1.702429e-11
671630 4.001011e-10
671640 6.01151e-09
671650 6.24158e-08
671660 4.16105e-07
671670 2.06052e-06
671680 6.12155e-06
671690 1.52238e-05
671700 2.4106e-05
671710 2.33659e-05
671720 1.78145e-05
681610 0.0
681620 0.0
681630 1.96049e-14
681640 8.74221e-13
681650 2.60066e-11
681660 5.03127e-10
681670 7.173815e-09
681680 5.98151e-08
681690 4.18106e-07
681700 1.79045e-06
681710 4.53114e-06
681720 8.53215e-06
691650 0.0
691660 3.86097e-14
691670 1.62041e-12
691680 3.981e-11
691690 8.25208e-10
691700 1.03026e-08
691710 7.46188e-08
691720 3.78095e-07
701660 0.0
701670 0.0
701680 0.0
701690 1.044263e-13
701700 3.961e-12
701710 8.56216e-11
701720 1.25032e-09
711690 0.0
711710 0.0
711720 2.66068e-13
721710 0.0
