240660 0.0
240670 0.0
240680 0.0
240700 0.0
250660 8.01e-13
250670 2.3e-13
250680 4.5e-14
250690 0.0
250700 0.0
250710 0.0
260650 2.22e-11
260670 2.586e-11
260690 3.28e-12
260700 8.15e-13
260710 1.16e-13
260720 0.0
260730 0.0
260740 0.0
260750 5.18319e-18
260760 0.0
270660 5.61e-11
270670 1.03e-10
270680 1.37e-10
270690 1.3e-10
270700 8.39e-11
270710 3.27e-11
270720 3.25e-12
270730 2.735e-12
270750 3.20948e-14
270770 1.07341e-16
270780 7.12469e-18
280660 1.44e-11
280670 6.36e-11
280680 2e-10
280690 4.52e-10
280700 6.99e-10
280710 6.89e-10
280720 1.8e-10
280730 3.53e-10
280740 1.46e-10
280750 3.6e-11
280760 6.9e-12
280770 9.92892e-13
280780 7.75929e-14
280790 3.35858e-15
280800 0.0
280810 0.0
290660 3.23e-13
290670 3.7e-12
290680 1.9027e-10
290700 1.929e-09
290720 8.47e-10
290730 4.12e-09
290740 4.26e-09
290750 2.78e-09
290760 1.45e-09
290770 5.64e-10
290780 1.24e-10
290790 2.07966e-11
290800 2.25e-12
290810 2.36e-13
290820 1.09e-14
290830 7.78301e-16
300660 0.0
300670 1.64e-14
300680 3.52e-13
300690 5.136e-12
300700 4.63e-11
300710 2.69e-10
300720 4.06e-10
300730 4.68e-09
300740 1.13e-08
300750 1.78e-08
300760 2.33e-08
300770 2.29e-08
300780 1.968e-08
300800 1.87e-09
300810 5.4e-10
300820 7.13e-11
300830 7.19922e-12
300840 3.89e-13
300850 3.66537e-14
300860 0.0
310650 0.0
310670 0.0
310690 1.19e-14
310700 2.9e-13
310710 4.54e-12
310720 1.8e-11
310730 5.26e-10
310740 3.03e-09
310750 1.15e-08
310760 3.55e-08
310770 8.16e-08
310780 1.18e-07
310790 1.37e-07
310800 1.09e-07
310810 8.25e-08
310820 3.01e-08
310830 8.52e-09
310840 1.31e-09
310850 2.26963e-10
310860 1.8740487e-11
310880 5.46288e-14
320660 0.0
320670 0.0
320680 0.0
320690 0.0
320700 0.0
320710 0.0
320720 5.93e-14
320730 7.6265e-11
320750 6.1534e-09
320770 2.966e-08
320780 1.02e-07
320790 2.81e-07
320800 5.38e-07
320810 9.87e-07
320820 9.23e-07
320830 6.93e-07
320840 2.91e-07
320850 1.36e-07
320860 3.09e-08
320870 4.99946e-09
320880 5.94945e-10
320890 1.59533e-11
320900 2.01827e-12
320910 6.57198e-13
330690 0.0
330710 0.0
330720 0.0
330730 0.0
330740 1.201e-13
330750 3.28e-12
330760 6.92e-11
330770 9.73e-10
330780 8.58e-09
330790 5.86e-08
330800 2.7e-07
330810 1.15e-06
330820 2.56e-06
330830 4.66e-06
330840 4.9e-06
330850 5.81e-06
330860 3.53e-06
330870 1.57e-06
330880 5.08e-07
330890 9.8784e-08
330900 1.06145e-08
330910 4.06943e-09
330920 2.79112e-11
330930 4.10815e-12
330940 1.20275e-13
340720 0.0
340730 0.0
340740 0.0
340750 0.0
340760 6.05e-14
340770 2.322e-12
340780 5.66e-11
340790 1.041e-09
340800 1.26e-08
340810 1.322e-07
340820 7.2e-07
340830 3.147e-06
340840 7.83e-06
340850 2.17e-05
340860 3.236e-05
340870 3.656e-05
340880 3.028e-05
340890 1.591e-05
340900 7.41938e-06
340910 2.41593e-06
340920 3.03972e-07
340930 3.8e-08
340940 1.30988e-09
340950 2.09516e-11
340960 8.07e-13
350750 0.0
350770 0.0
350780 2.49e-14
350790 1.299e-12
350800 4.37e-11
350810 1.23e-09
350820 1.786e-08
350830 2.02e-07
350840 1.258e-06
350850 8.27e-06
350860 2.93e-05
350870 7.854e-05
350880 0.00015323
350890 0.00019995
350900 0.00023999
350910 0.00020781
350920 6.921e-05
350930 1.5102e-05
350940 2.34e-06
350950 1.29734e-07
350960 1.22e-08
350970 1.5566e-10
350980 9.54856e-12
350990 7.47334e-12
360770 0.0
360780 0.0
360790 0.0
360800 0.0
360810 7.71e-13
360820 3.17e-11
360830 9.94e-10
360840 1.68e-08
360850 2.852e-07
360860 2.59e-06
360870 1.715e-05
360880 7.863e-05
360890 0.00024318
360900 0.00069491
360910 0.00145585
360920 0.0011954
360930 0.00068051
360940 0.00028223
360950 7.70202e-05
360960 1.161e-05
360970 1.43984e-06
360980 1.0399e-07
360990 6.91278e-08
361000 1.14e-10
361010 6.99834e-12
370790 0.0
370810 0.0
370830 3.23e-13
370840 1.55e-11
370850 7.19e-10
370860 1.8e-08
370870 3.21e-07
370880 3.75e-06
370890 2.938e-05
370900 0.00020541
370910 0.00102931
370920 0.0019524
370930 0.00265896
370940 0.00271459
370950 0.00188942
370960 0.00076732
370970 0.00026395
370980 5.773e-05
370990 2.74728e-05
371000 6.33e-07
371010 4.33344e-08
371020 1.62509e-10
371030 1.70703e-11
380830 0.0
380840 0.0
380850 1.17e-13
380860 8.36e-12
380870 4.223e-10
380880 1.34e-08
380890 2.87e-07
380900 5.36e-06
380910 6.976e-05
380920 0.00032189
380930 0.00106225
380940 0.00255418
380950 0.00419722
380960 0.00424625
380970 0.00374566
380980 0.00228409
380990 0.00117878
381000 0.00022707
381010 2.57267e-05
381020 1.76984e-06
381030 1.57898e-07
381040 1.96e-09
381050 5.05744e-11
381060 4.97641e-12
390850 0.0
390870 3.52e-14
390880 3.13e-12
390890 1.913e-10
390900 1e-08
390910 3.62e-07
390920 4.42e-06
390930 3.852e-05
390940 0.00023856
390950 0.00097238
390960 0.00239863
390970 0.00509518
390980 0.00795674
390990 0.011064
391000 0.00599505
391010 0.00204291
391020 0.00044835
391030 6.27521e-05
391040 5.28e-06
391050 3.13161e-07
391060 2.61719e-08
391070 1.07683e-10
391080 5.01299e-12
400870 0.0
400880 0.0
400890 0.0
400900 1.2e-12
400910 1.24e-10
400920 4.19e-09
400930 1.02e-07
400940 1.75e-06
400950 1.916e-05
400960 0.00082163
400980 0.00282193
400990 0.0100129
401000 0.0144423
401010 0.0134076
401020 0.00855828
401030 0.0036557
401040 0.00094569
401050 0.000185917
401060 1.82938e-05
401070 9.96057e-07
401080 5.4595e-08
401090 7.68598e-10
401100 3.54e-11
401110 6.20807e-12
410890 0.0
410900 0.0
410910 0.0
410920 2.5e-13
410930 1.765e-11
410940 8.59e-10
410950 2.666e-08
410960 5.03e-07
410970 7.75e-06
410980 9.045e-05
410990 0.00088465
411000 0.00354464
411010 0.00883845
411020 0.03338936
411040 0.01310388
411050 0.00736842
411060 0.002489794
411080 5.342e-05
411090 4.75923e-06
411100 3.07e-07
411110 3.8441e-08
411120 1.59755e-10
411130 1.71082e-11
420890 0.0
420910 0.0
420920 0.0
420930 2.61e-14
420950 2.35e-12
420960 1.31e-10
420970 5.91e-09
420980 2.1e-07
420990 6.15e-06
421000 7.544e-05
421010 0.00055408
421020 0.00277164
421030 0.00906363
421040 0.0174228
421050 0.0256659
421060 0.019205
421070 0.00996505
421080 0.00362447
421090 0.00092403
421100 0.00016951
421110 2.28215e-05
421120 1.89809e-06
421140 2.37e-09
421150 5.68639e-11
421160 3.4e-13
430930 0.0
430950 0.0
430970 2.82e-13
430980 3.14e-11
430990 1.16863e-07
431010 2.66e-06
431020 4.222e-05
431030 0.00274158
431050 0.00912626
431060 0.0173949
431070 0.0229303
431080 0.0206369
431090 0.0137816
431100 0.00670659
431110 0.00241497
431120 0.0005309
431130 6.28917e-05
431140 6.76e-06
431150 3.52106e-07
431160 1.03e-08
431170 1.15664e-10
431180 3.6817e-12
440950 0.0
440960 0.0
440970 0.0
440980 0.0
440990 8.23e-14
441000 1.09e-11
441010 8.4e-10
441020 4.47e-08
441030 1.47e-06
441040 2.52e-05
441050 0.00182739
441070 0.00537132
441080 0.0118673
441090 0.04300416
441110 0.0206085
441120 0.0120619
441130 0.00406187
441140 0.0012774
441150 0.000209038
441160 1.952e-05
441170 1.06988e-06
441180 4.00963e-08
441190 1.07e-09
441200 1.83e-11
441210 9.88198e-13
441220 0.0
441240 0.0
450990 0.0
451010 1.32e-14
451020 2.98e-12
451030 3.333e-10
451040 1.867e-08
451050 6.782e-07
451060 1.068e-05
451070 0.0001086
451080 0.00064156
451090 0.00280483
451100 0.0083081
451110 0.0174387
451120 0.0253274
451130 0.022062
451140 0.0185902
451150 0.01142193
451170 0.0004145
451180 4.619e-05
451190 3.772e-06
451210 6.11901e-09
451220 0.0
451230 0.0
451240 0.0
460990 0.0
461010 0.0
461020 0.0
461040 8.66e-13
461050 1.01e-10
461060 1.6026e-07
461080 2.62e-06
461090 3.295e-05
461100 0.0002656
461110 0.00143115
461120 0.00540283
461130 0.0120952
461140 0.0259071
461150 0.0334035
461160 0.0250392
461170 0.0118007
461180 0.00366241
461190 0.00079531
461200 0.00011518
461210 1.094000184e-05
461230 4.71e-14
461240 0.0
461250 0.0
461270 0.0
461280 0.0
461290 0.0
461300 0.0
471030 0.0
471050 0.0
471060 1.428e-13
471070 1.403e-11
471080 7.02e-10
471090 2.65e-08
471100 6.17e-07
471110 9.18e-06
471120 0.00072218
471140 0.00361196
471150 0.01273088
471160 0.0248318
471170 0.0304552
471180 0.0240364
471190 0.0134153
471200 0.00517708
471210 0.00131768
471220 4.67e-06
471230 4.96e-07
471240 5.02e-08
471250 8.53e-09
471260 4.66e-13
471270 9.23e-14
471280 2.08e-14
471290 2.00175e-15
471300 0.0
471310 4.223209e-10
481050 0.0
481060 0.0
481070 0.0
481080 1.15e-14
481090 1.34e-12
481100 9.23e-11
481110 3.935e-09
481120 1.26e-07
481130 2.416e-06
481140 4.134e-05
481150 0.00043884
481160 0.00241521
481170 0.00801562
481180 0.0372717
481200 0.0202583
481210 0.01268198
481220 0.00799145
481240 0.00070539
481250 0.0002562
481260 1.38e-06
481270 5.58e-07
481280 2.57e-07
481290 4.9e-08
481300 3.44e-09
481310 3.7196e-06
481320 2.1998e-07
481330 1.99739e-09
481340 7.36e-11
481350 7.68813e-12
481360 0.0
491070 0.0
491090 0.0
491110 1.04e-13
491120 1.023e-11
491130 6.12e-10
491140 3.24e-08
491150 1.107e-06
491160 1.866e-05
491170 0.00018419
491180 0.00099332
491190 0.00344501
491200 0.00808125
491210 0.0118254
491220 0.01689567
491230 0.01619766
491240 0.0112479
491250 0.00724138
491260 0.00195893
491270 0.00152134
491280 0.00222746
491300 0.0002802498
491310 0.00080334
491320 0.000159428
491340 5.7e-07
491350 4.76056e-08
491360 2.84e-10
491370 6.05345e-12
501110 0.0
501120 0.0
501130 0.0
501140 1.59e-12
501150 9.86e-09
501170 3.01e-07
501180 4.76e-06
501190 0.00033913
501210 0.0011138
501220 0.00033265
501230 0.00092183
501240 0.00143899
501250 0.00153506
501260 0.00634442
501270 0.0076395
501280 0.01079828
501290 0.01631235
501300 0.01743078
501310 0.0132181
501320 0.00695748
501330 0.00184024
501340 0.0003109924
501360 1.49e-06
501370 5.59939e-08
501380 1.3837473e-09
511130 0.0
511150 0.0
511170 3.14e-11
511180 1.505e-09
511190 4.26e-08
511200 7.8e-07
511210 8.16525e-06
511230 5.76e-08
511240 2.779998e-07
511250 0.000142088
511270 0.0002911
511280 0.00068755
511290 0.00243487
511300 0.00688693
511310 0.0206403
511320 0.0285238
511330 0.0214853
511340 0.0101048
511350 0.00307093
511360 0.00050584
511370 5.943e-05
511380 4.44e-06
511390 2.08966e-07
511400 1.08707e-09
511410 8.82329e-11
511420 2.26778e-12
521150 0.0
521170 0.0
521180 2.92e-14
521190 2.47e-12
521200 1.34e-10
521210 4.01e-09
521220 0.0
521230 0.0
521240 2.29e-14
521250 1.13e-13
521260 2.6e-09
521270 1.068e-08
521280 4.99e-08
521290 5.86e-07
521300 7.11e-06
521310 0.01515375
521330 0.02442355
521340 0.0319524
521350 0.0394953
521370 0.00435862
521380 0.00095676
521390 0.0001358
521400 1.18389e-05
521410 8.16147e-07
521420 2.46977e-08
521430 1.83231e-10
521440 1.91016e-11
531210 1.22e-13
531220 0.0
531250 0.0
531260 0.0
531270 0.0
531280 0.0
531290 6.15e-14
531300 3.63e-12
531310 4.225e-05
531320 0.00045424
531330 0.00274476
531340 0.01040269
531350 0.0231579
531360 0.0291688
531370 0.0423663
531390 0.00626235
531400 0.00162757
531410 0.000357874
531430 1.13458e-06
531440 1.00459e-07
531450 6.02103e-10
531460 2.56158e-11
531470 1.02427e-11
541240 0.0
541250 0.0
541260 0.0
541270 0.0
541280 0.0
541300 0.0
541310 3.79e-08
541320 2.611e-05
541340 0.00030062
541350 0.00195374
541360 0.00684643
541370 0.0163214
541380 0.0244507
541390 0.0250412
541400 0.0176555
541410 0.00998319
541420 0.0031078
541430 0.000673576
541440 7.02195e-05
541450 5.5694e-06
541460 2.78974e-07
541470 9.49301e-08
541490 8.9292e-12
541500 1.81e-14
551270 0.0
551290 0.0
551310 2.14e-12
551320 2.32e-10
551330 1.52e-08
551340 1.3507e-05
551360 0.00013842
551370 0.00095505
551380 0.01409517
551400 0.0187454
551410 0.027606
551420 0.0235232
551430 0.0142239
551440 0.00430237
551450 0.00099828
551460 0.00014988
551470 3.76533e-05
551480 9.23e-07
551490 5.52904e-08
551500 8.65e-10
551510 1.91677e-11
551520 4.01223e-13
561290 0.0
561310 0.0
561320 0.0
561330 5.79e-13
561340 8.39e-11
561350 5.67e-09
561360 1.98e-07
561370 4.23e-06
561380 5.031e-05
561390 0.0003807
561400 0.00196215
561410 0.00777785
561420 0.0177466
561430 0.0278623
561440 0.0360823
561460 0.00578089
561470 0.00161559
561480 0.0003302147
561500 2.54e-06
561510 1.773e-07
561520 4.3696e-09
561530 8.9293e-11
561540 1.36e-12
571330 0.0
571350 1.54e-13
571370 1.23e-09
571380 4.52e-08
571390 1.04e-06
571400 1.64e-05
571410 0.00019327
571420 0.00129102
571430 0.00553793
571440 0.0116963
571450 0.018421
571460 0.01967844
571470 0.0144519
571480 0.00710275
571490 0.00223093
571500 0.0005624027
571520 7.39e-06
571530 5.52911e-07
571540 2.075566e-08
571560 6.7299e-12
571570 3.11321e-13
581350 0.0
581370 2.572e-12
581390 1.833e-10
581400 9.25e-09
581410 7.603e-06
581430 9.364e-05
581440 0.00057288
581450 0.00244876
581460 0.00683786
581470 0.0125095
581480 0.0156076
581490 0.0127026
581500 0.00733706
581510 0.00286703
581520 0.000845
581530 0.00017818
581540 1.962e-05
581550 1.43984e-06
581560 7.32933e-08
581570 2.87969e-09
581580 7.1e-11
581590 2.06682e-12
581600 1.06e-14
591390 0.0
591400 3.24e-13
591410 3.71e-11
591420 2.71e-09
591430 1.11e-07
591440 2.1e-06
591450 2.66e-05
591460 0.00021315
591470 0.0045419
591490 0.00730543
591500 0.0104597
591510 0.01797291
591530 0.0042556
591540 0.00129723
591550 0.00026458
591560 3.839e-05
591570 4.37e-06
591580 3.16e-07
591590 1.27979e-08
591600 3.93e-10
591610 5.3292e-12
591620 1.48737e-13
601400 0.0
601410 0.0
601420 6.23e-14
601430 8.24e-12
601440 5.04e-10
601450 1.97e-08
601460 4.82e-07
601470 6.93e-06
601480 6.703e-05
601490 0.00039491
601500 0.00149344
601510 0.00371969
601520 0.00701966
601530 0.00935412
601540 0.007214
601550 0.00375716
601560 0.0014434
601570 0.00054066
601590 1.038e-05
601600 8.99e-07
601610 4.92947e-08
601620 1.61985e-09
601630 2.66e-11
601640 2.87e-13
601650 7.83131e-15
611410 0.0
611430 0.0
611440 9.14e-13
611460 7.02e-11
611470 3.05e-09
611480 1.7007e-06
611500 1.754e-05
611510 0.00012196
611520 0.00061968
611530 0.00209108
611540 0.00405528
611550 0.0051184
611560 0.00480091
611570 0.00374333
611580 0.00197466
611590 0.00058775
611600 0.00013735
611610 2.079e-05
611620 1.91e-06
611630 9.248e-08
611650 4.84922e-11
611660 2.80948e-13
611670 8.71265e-15
621430 0.0
621440 0.0
621450 0.0
621460 0.0
621470 8.3e-14
621480 7.77e-12
621490 4.32e-10
621500 3.051e-07
621520 4.31e-06
621530 4.016e-05
621540 0.00091065
621560 0.00163019
621570 0.00309653
621580 0.00396112
621590 0.00283827
621600 0.00164398
621610 0.00063833
621620 0.0001558
621630 1.988e-05
621640 1.71e-06
621650 8.43e-08
621660 3.05972e-09
621670 8.05913e-11
621680 1.49e-12
621690 2.11526e-14
621700 0.0
631470 0.0
631490 0.0
631510 4.48e-11
631520 2.000001e-09
631530 5.43e-08
631540 8.51e-07
631550 7.77e-06
631560 4.955e-05
631570 0.00024801
631580 0.00080626
631590 0.00139138
631600 0.00367583
631620 0.00104707
631630 0.00033536
631640 8.491e-05
631660 9.85e-07
631670 7.07e-08
631680 3.71e-09
631690 1.30979e-10
631700 3.13e-12
631710 1.69713e-14
631720 4.45293e-16
641470 0.0
641490 0.0
641510 5.76e-14
641530 4.65e-12
641540 2.22e-10
641550 5.92e-09
641560 1.09e-07
641570 1.55e-06
641580 1.397e-05
641590 6.321e-05
641600 0.00022
641610 0.00049809
641620 0.00070611
641630 0.00053563
641640 0.00028682
641650 9.296e-05
641660 2.785e-05
641680 6.13e-07
641690 6.01e-08
641700 4.186983e-09
641720 4.84955e-12
651510 0.0
651530 0.0
651550 2.82e-13
651560 1.544e-11
651570 1.7636e-08
651590 2.14e-07
651600 2.04e-06
651610 1.236e-05
651620 4.536e-05
651630 8.612e-05
651640 0.00011182
651650 8.613e-05
651660 5.173e-05
651670 2.24e-05
651680 7.9e-06
651690 1.99e-06
651700 3.54e-07
651710 3.66e-08
651720 3.16e-09
661550 0.0
661560 0.0
661570 1.66e-14
661580 1.3e-12
661590 4.72e-11
661600 1.29e-09
661610 2.19e-08
661620 2.23e-07
661630 1.15e-06
661640 3.95e-06
661650 7.79e-06
661660 1.156e-05
661670 1.176e-05
661680 9.82e-06
661690 5.9e-06
661700 2.56e-06
661710 6.49e-07
661720 1.46e-07
671590 0.0
671610 2.483e-12
671620 7.26e-11
671630 1.063e-09
671640 1.024e-08
671650 5.56e-08
671660 2.216e-07
671670 5.76e-07
671680 1.22e-06
671690 1.78e-06
671700 1.846e-06
671710 1.09e-06
671720 5.83e-07
681610 0.0
681620 0.0
681630 6.17e-14
681640 1.71e-12
681650 2.66e-11
681660 3e-10
681670 2.115e-09
681680 1.22e-08
681690 4.78e-08
681700 1.28e-07
681710 1.83e-07
681720 2.38e-07
691650 0.0
691660 2.57e-14
691670 5.06e-13
691680 8.34e-12
691690 9.19e-11
691700 6.81e-10
691710 2.58e-09
691720 8.85e-09
701660 0.0
701670 0.0
701680 0.0
701690 0.0
701700 2.4e-13
701710 2.51e-12
701720 2.42e-11
711690 0.0
711710 0.0
711720 0.0
721710 0.0
